utterance_id,semantic_scenario_id,semantic_family_id,family_id,paraphrase_group_id,taxonomy_version,taxonomy_label,semantic_operation,query,language,script,code_switch_level,noise_level,slots_json,canonical_entities_json,answerability_status,generation_method,template_id
PILOT_T2_TR_000001,,SFAM_SERVICE_FREQUENCY_014,FAM_SERVICE_FREQUENCY_014,PARA_SERVICE_FREQUENCY_13_1,T2_MEDIUM_V1,service_timing,GET_SERVICE_FREQUENCY,वॉशरमैनपेट और एयरपोर्ट के बीच मेट्रो हर कितने मिनट के अंतराल पर चलती है? (आवृत्ति F14),hi,Deva,CS0,N0,"{""origin"": ""वॉशरमैनपेट"", ""destination"": ""एयरपोर्ट"", ""timing_type"": ""frequency"", ""transport_mode"": ""मेट्रो""}","{""origin_id"": ""METRO_WASHERMENPET"", ""destination_id"": ""METRO_CHENNAI_INTERNATIONAL_AIRPORT""}",ANSWERABLE_NOW,template_instantiation,TMPL_SERVICE_FREQUENCY_HI_DEVA_13
PILOT_T2_TR_000002,,SFAM_STATION_FACILITIES_005,FAM_STATION_FACILITIES_005,PARA_STATION_FACILITIES_4_1,T2_MEDIUM_V1,station_facilities,GET_STATION_FACILITY,Could you specify क्या सीएमबीटी मेट्रो स्टेशन पर कार पार्किंग की व्यवस्था उपलब्ध है? (सुविधा F5)? #3,hi,Deva,CS0,N0,"{""station"": ""सीएमबीटी"", ""facility_type"": ""parking"", ""transport_mode"": ""मेट्रो""}","{""station_id"": ""METRO_PURATCHI_THALAIVI_DR_J_JAYALALITHAA_CMBT""}",ANSWERABLE_NOW,template_instantiation,TMPL_STATION_FACILITIES_HI_DEVA_4
PILOT_T2_TR_000003,,SFAM_OUT_OF_SCOPE_018,FAM_OUT_OF_SCOPE_018,PARA_OUT_OF_SCOPE_17_0,T2_MEDIUM_V1,out_of_scope,REJECT_OUT_OF_SCOPE,Please tell: Book a private cab taxi ride from Nehru Park to CMBT. [cab F18] #2,en,Latn,CS0,N0,"{""origin"": ""Nehru Park"", ""destination"": ""CMBT""}","{""origin_id"": ""METRO_NEHRU_PARK"", ""destination_id"": ""METRO_PURATCHI_THALAIVI_DR_J_JAYALALITHAA_CMBT""}",OUT_OF_SCOPE,template_instantiation,TMPL_OUT_OF_SCOPE_EN_17
PILOT_T2_TR_000004,,SFAM_MULTIMODAL_ROUTE_009,FAM_MULTIMODAL_ROUTE_009,PARA_MULTIMODAL_ROUTE_8_1,T2_MEDIUM_V1,route_query,PLAN_MULTIMODAL_ROUTE,मदुरंतकम से साइदापेट बस और मेट्रो मिलाकर सबसे तेज़ मार्ग कौन सा है? (योजना F9),hi,Deva,CS0,N0,"{""origin"": ""मदुरंतकम"", ""destination"": ""साइदापेट"", ""transport_mode"": ""बस और मेट्रो""}","{""origin_id"": ""BUS_5306412986"", ""destination_id"": ""METRO_SAIDAPET""}",ANSWERABLE_WITH_PROVISIONAL_DATA,template_instantiation,TMPL_MULTIMODAL_ROUTE_HI_DEVA_8
PILOT_T2_TR_000005,,SFAM_MODE_AVAILABILITY_008,FAM_MODE_AVAILABILITY_008,PARA_MODE_AVAILABILITY_7_1,T2_MEDIUM_V1,service_availability,CHECK_SERVICE_AVAILABILITY,Please tell: क्या हाई कोर्ट से मायलापुर के लिए कोई सार्वजनिक बस या ट्रेन उपलब्ध है? (उपलब्धता F8) #2,hi,Deva,CS0,N0,"{""origin"": ""हाई कोर्ट"", ""destination"": ""मायलापुर"", ""transport_mode"": ""सार्वजनिक बस या ट्रेन""}","{""origin_id"": ""METRO_HIGHCOURT"", ""destination_id"": ""BUS_410614381""}",ANSWERABLE_WITH_PROVISIONAL_DATA,template_instantiation,TMPL_MODE_AVAILABILITY_HI_DEVA_7
PILOT_T2_TR_000006,,SFAM_STATION_FACILITIES_005,FAM_STATION_FACILITIES_005,PARA_STATION_FACILITIES_4_3,T2_MEDIUM_V1,station_facilities,GET_STATION_FACILITY,"Excuse me, Does CMBT station premises include operational car parking (F5)? #6",hi-en,Latn,CS3,N0,"{""station"": ""CMBT"", ""facility_type"": ""parking"", ""transport_mode"": ""metro""}","{""station_id"": ""METRO_PURATCHI_THALAIVI_DR_J_JAYALALITHAA_CMBT""}",ANSWERABLE_NOW,template_instantiation,TMPL_STATION_FACILITIES_HINGLISH_LATN_4
PILOT_T2_TR_000007,,SFAM_OUT_OF_SCOPE_015,FAM_OUT_OF_SCOPE_015,PARA_OUT_OF_SCOPE_14_3,T2_MEDIUM_V1,out_of_scope,REJECT_OUT_OF_SCOPE,Could you specify What is the general weather rain forecast in Chennai near Maruthi Hospital today (F15)?? #3,hi-en,Latn,CS3,N0,"{""landmark"": ""Maruthi Hospital""}","{""place_id"": ""OSM_POI_7820652140""}",OUT_OF_SCOPE,template_instantiation,TMPL_OUT_OF_SCOPE_HINGLISH_LATN_14
PILOT_T2_TR_000008,,SFAM_TICKETING_AND_PASSES_008,FAM_TICKETING_AND_PASSES_008,PARA_TICKETING_AND_PASSES_7_2,T2_MEDIUM_V1,ticketing_rules,GET_TICKETING_POLICY,Quick check: smart card recharge karne ka guidelines aur validity rule bataye. [card F8] #4,hi,Latn,CS0,N0,"{""ticket_type"": ""smart_card"", ""transport_mode"": ""transit""}",{},ANSWERABLE_NOW,template_instantiation,TMPL_TICKETING_AND_PASSES_HI_LATN_7
PILOT_T2_TR_000009,,SFAM_TICKETING_AND_PASSES_012,FAM_TICKETING_AND_PASSES_012,PARA_TICKETING_AND_PASSES_11_1,T2_MEDIUM_V1,ticketing_rules,GET_TICKETING_POLICY,Could you specify यात्रियों के लिए एनसीएमसी कार्ड प्राप्त करने के नियम और प्रक्रिया क्या हैं? (पास F12)? #3,hi,Deva,CS0,N0,"{""ticket_type"": ""ncmc_card"", ""transport_mode"": ""पारगमन""}",{},ANSWERABLE_NOW,template_instantiation,TMPL_TICKETING_AND_PASSES_HI_DEVA_11
PILOT_T2_TR_000010,,SFAM_FARE_CALCULATION_013,FAM_FARE_CALCULATION_013,PARA_FARE_CALCULATION_12_1,T2_MEDIUM_V1,fare_query,CALCULATE_FARE,"Excuse me, विमको नगर से पचैयप्पा कॉलेज तक का मेट्रो का टोकन किराया कितना रुपया है? (किराया F13) #6",hi,Deva,CS0,N0,"{""origin"": ""विमको नगर"", ""destination"": ""पचैयप्पा कॉलेज"", ""fare_type"": ""टोकन"", ""transport_mode"": ""मेट्रो""}","{""origin_id"": ""METRO_WIMCO_NAGAR"", ""destination_id"": ""METRO_PACHAIYAPPA_S_COLLEGE""}",ANSWERABLE_NOW,template_instantiation,TMPL_FARE_CALCULATION_HI_DEVA_12
PILOT_T2_TR_000011,,SFAM_REALTIME_STATUS_QUERY_018,FAM_REALTIME_STATUS_QUERY_018,PARA_REALTIME_STATUS_QUERY_17_3,T2_MEDIUM_V1,realtime_status_query,REJECT_UNSUPPORTED_REALTIME,"Excuse me, Live crowd density and train arrival countdown at Nehru Park right now (F18) #6",hi-en,Latn,CS3,N1,"{""station"": ""Nehru Park"", ""transport_mode"": ""metro""}","{""station_id"": ""METRO_NEHRU_PARK""}",REQUIRES_REALTIME_DATA,template_instantiation,TMPL_REALTIME_STATUS_QUERY_HINGLISH_LATN_17
PILOT_T2_TR_000012,,SFAM_STATION_FACILITIES_009,FAM_STATION_FACILITIES_009,PARA_STATION_FACILITIES_8_2,T2_MEDIUM_V1,station_facilities,GET_STATION_FACILITY,Please tell: kya thirumangalam station par passenger car parking service available hai? [amenity F9] #2,hi,Latn,CS0,N1,"{""station"": ""thirumangalam"", ""facility_type"": ""parking"", ""transport_mode"": ""metro""}","{""station_id"": ""METRO_THIRUMANGALAM""}",ANSWERABLE_NOW,template_instantiation,TMPL_STATION_FACILITIES_HI_LATN_8
PILOT_T2_TR_000013,,SFAM_TICKETING_AND_PASSES_017,FAM_TICKETING_AND_PASSES_017,PARA_TICKETING_AND_PASSES_16_4,T2_MEDIUM_V1,ticketing_rules,GET_TICKETING_POLICY,Commuter Student Concession Card ke application aur terms ki complete details F17,hi-en,Deva+Latn,CS4,N2,"{""ticket_type"": ""student_pass"", ""transport_mode"": ""transit""}",{},ANSWERABLE_NOW,template_instantiation,TMPL_TICKETING_AND_PASSES_MIXED_SCRIPT_CS_16
PILOT_T2_TR_000014,,SFAM_POINT_TO_POINT_ROUTE_011,FAM_POINT_TO_POINT_ROUTE_011,PARA_POINT_TO_POINT_ROUTE_10_1,T2_MEDIUM_V1,route_query,PLAN_ROUTE,Please tell: एग्मोर से नेहरू पार्क मेट्रो से जाने का रास्ता क्या है? (प्रारूप F11) #2,hi,Deva,CS0,N0,"{""origin"": ""एग्मोर"", ""destination"": ""नेहरू पार्क"", ""transport_mode"": ""मेट्रो""}","{""origin_id"": ""METRO_EGMORE"", ""destination_id"": ""METRO_NEHRU_PARK""}",ANSWERABLE_WITH_PROVISIONAL_DATA,template_instantiation,TMPL_POINT_TO_POINT_ROUTE_HI_DEVA_10
PILOT_T2_TR_000015,,SFAM_INTERCHANGE_TRANSFER_015,FAM_INTERCHANGE_TRANSFER_015,PARA_INTERCHANGE_TRANSFER_14_1,T2_MEDIUM_V1,interchange_query,GET_INTERCHANGE_DETAILS,Quick check: लिटिल माउंट इंटरचेंज पर दूसरी लाइन में ट्रांसफर करने का मार्ग क्या है? (बदलाव F15) #4,hi,Deva,CS0,N0,"{""station"": ""लिटिल माउंट"", ""facility_type"": ""इंटरचेंज""}","{""station_id"": ""METRO_LITTLE_MOUNT""}",ANSWERABLE_AFTER_MANUAL_VERIFICATION,template_instantiation,TMPL_INTERCHANGE_TRANSFER_HI_DEVA_14
PILOT_T2_TR_000016,,SFAM_REALTIME_STATUS_QUERY_014,FAM_REALTIME_STATUS_QUERY_014,PARA_REALTIME_STATUS_QUERY_13_0,T2_MEDIUM_V1,realtime_status_query,REJECT_UNSUPPORTED_REALTIME,"Excuse me, Where is bus Blue Line right now and what is its live location? [live F14] #6",en,Latn,CS0,N0,"{""route_number"": ""Blue Line"", ""transport_mode"": ""bus""}","{""route_id"": ""CMRL_BLUE_CORRIDOR_1""}",REQUIRES_REALTIME_DATA,template_instantiation,TMPL_REALTIME_STATUS_QUERY_EN_13
PILOT_T2_TR_000017,,SFAM_POINT_TO_POINT_ROUTE_008,FAM_POINT_TO_POINT_ROUTE_008,PARA_POINT_TO_POINT_ROUTE_7_3,T2_MEDIUM_V1,route_query,PLAN_ROUTE,Could you specify High Court to Little Mount metro ride ka best direct route bataiye (F8)? #3,hi-en,Latn,CS3,N2,"{""origin"": ""High Court"", ""destination"": ""Little Mount"", ""transport_mode"": ""metro""}","{""origin_id"": ""METRO_HIGHCOURT"", ""destination_id"": ""METRO_LITTLE_MOUNT""}",ANSWERABLE_WITH_PROVISIONAL_DATA,template_instantiation,TMPL_POINT_TO_POINT_ROUTE_HINGLISH_LATN_7
PILOT_T2_TR_000018,,SFAM_STATION_ACCESSIBILITY_020,FAM_STATION_ACCESSIBILITY_020,PARA_STATION_ACCESSIBILITY_19_0,T2_MEDIUM_V1,accessibility,GET_ACCESSIBILITY_INFO,"Excuse me, Are escalator stairs provisions available for differently abled passengers at Pachaiyappa College? [a11y F20] #6",en,Latn,CS0,N0,"{""station"": ""Pachaiyappa College"", ""accessibility_feature"": ""escalator"", ""transport_mode"": ""metro""}","{""station_id"": ""METRO_PACHAIYAPPA_S_COLLEGE""}",ANSWERABLE_NOW,template_instantiation,TMPL_STATION_ACCESSIBILITY_EN_19
PILOT_T2_TR_000019,,SFAM_ROUTE_STOP_SEQUENCE_009,FAM_ROUTE_STOP_SEQUENCE_009,PARA_ROUTE_STOP_SEQUENCE_8_3,T2_MEDIUM_V1,route_stops,LIST_ROUTE_STOPS,Please tell: Full stop order details for bus number 29A please provide (F9) #2,hi-en,Latn,CS3,N0,"{""route_number"": ""29A"", ""transport_mode"": ""bus""}","{""route_id"": ""GTFS_ROUTE_18751""}",ANSWERABLE_WITH_PROVISIONAL_DATA,template_instantiation,TMPL_ROUTE_STOP_SEQUENCE_HINGLISH_LATN_8
PILOT_T2_TR_000020,,SFAM_TICKETING_AND_PASSES_009,FAM_TICKETING_AND_PASSES_009,PARA_TICKETING_AND_PASSES_8_3,T2_MEDIUM_V1,ticketing_rules,GET_TICKETING_POLICY,"Excuse me, How can regular passengers apply for and renew WhatsApp QR Ticket (F9)? #6",hi-en,Latn,CS3,N2,"{""ticket_type"": ""qr_ticket"", ""transport_mode"": ""transit""}",{},ANSWERABLE_NOW,template_instantiation,TMPL_TICKETING_AND_PASSES_HINGLISH_LATN_8
PILOT_T2_TR_000021,,SFAM_STATION_ACCESSIBILITY_003,FAM_STATION_ACCESSIBILITY_003,PARA_STATION_ACCESSIBILITY_2_3,T2_MEDIUM_V1,accessibility,GET_ACCESSIBILITY_INFO,"Hello assistant, Verification of accessible tactile floor paths support at Guindy metro (F3) #7",hi-en,Latn,CS3,N0,"{""station"": ""Guindy"", ""accessibility_feature"": ""tactile_path"", ""transport_mode"": ""metro""}","{""station_id"": ""METRO_GUINDY""}",ANSWERABLE_NOW,template_instantiation,TMPL_STATION_ACCESSIBILITY_HINGLISH_LATN_2
PILOT_T2_TR_000022,,SFAM_REALTIME_STATUS_QUERY_012,FAM_REALTIME_STATUS_QUERY_012,PARA_REALTIME_STATUS_QUERY_11_1,T2_MEDIUM_V1,realtime_status_query,REJECT_UNSUPPORTED_REALTIME,Transit query: क्या थाउजेंड लाइट्स से आने वाली ट्रेन अभी लेट चल रही है लाइव स्थिति बताएं? (ताज़ा F12) #5,hi,Deva,CS0,N2,"{""origin"": ""थाउजेंड लाइट्स"", ""transport_mode"": ""ट्रेन""}","{""origin_id"": ""METRO_THOUSAND_LIGHTS""}",REQUIRES_REALTIME_DATA,template_instantiation,TMPL_REALTIME_STATUS_QUERY_HI_DEVA_11
PILOT_T2_TR_000023,,SFAM_STATION_ACCESSIBILITY_020,FAM_STATION_ACCESSIBILITY_020,PARA_STATION_ACCESSIBILITY_19_2,T2_MEDIUM_V1,accessibility,GET_ACCESSIBILITY_INFO,Please tell: kya pachaiyappa college metro station me wheelchair disabled ke liye escalator hai? [barrier-free F20] #2,hi,Latn,CS0,N1,"{""station"": ""pachaiyappa college"", ""accessibility_feature"": ""escalator"", ""transport_mode"": ""metro""}","{""station_id"": ""METRO_PACHAIYAPPA_S_COLLEGE""}",ANSWERABLE_NOW,template_instantiation,TMPL_STATION_ACCESSIBILITY_HI_LATN_19
PILOT_T2_TR_000024,,SFAM_MODE_AVAILABILITY_002,FAM_MODE_AVAILABILITY_002,PARA_MODE_AVAILABILITY_1_2,T2_MEDIUM_V1,service_availability,CHECK_SERVICE_AVAILABILITY,Please tell: chennai central se broadway tak direct transit options available hain kya? [suvidha F2] #2,hi,Latn,CS0,N0,"{""origin"": ""chennai central"", ""destination"": ""broadway"", ""transport_mode"": ""any""}","{""origin_id"": ""METRO_PURATCHI_THALAIVAR_DR__M_G_RAMACHANDRAN_CENTRAL"", ""destination_id"": ""BUS_27618346""}",ANSWERABLE_WITH_PROVISIONAL_DATA,template_instantiation,TMPL_MODE_AVAILABILITY_HI_LATN_1
PILOT_T2_TR_000025,,SFAM_OUT_OF_SCOPE_009,FAM_OUT_OF_SCOPE_009,PARA_OUT_OF_SCOPE_8_0,T2_MEDIUM_V1,out_of_scope,REJECT_OUT_OF_SCOPE,Please tell: Book a private cab taxi ride from Thirumangalam to Saidapet. [cab F9] #2,en,Latn,CS0,N0,"{""origin"": ""Thirumangalam"", ""destination"": ""Saidapet""}","{""origin_id"": ""METRO_THIRUMANGALAM"", ""destination_id"": ""METRO_SAIDAPET""}",OUT_OF_SCOPE,template_instantiation,TMPL_OUT_OF_SCOPE_EN_8
PILOT_T2_TR_000026,,SFAM_STATION_ACCESSIBILITY_005,FAM_STATION_ACCESSIBILITY_005,PARA_STATION_ACCESSIBILITY_4_4,T2_MEDIUM_V1,accessibility,GET_ACCESSIBILITY_INFO,CMBT station par handicapped passengers ke liye wheelchair ramp support status F5,hi-en,Deva+Latn,CS4,N0,"{""station"": ""CMBT"", ""accessibility_feature"": ""wheelchair"", ""transport_mode"": ""metro""}","{""station_id"": ""METRO_PURATCHI_THALAIVI_DR_J_JAYALALITHAA_CMBT""}",ANSWERABLE_NOW,template_instantiation,TMPL_STATION_ACCESSIBILITY_MIXED_SCRIPT_CS_4
PILOT_T2_TR_000027,,SFAM_ROUTE_STOP_MEMBERSHIP_006,FAM_ROUTE_STOP_MEMBERSHIP_006,PARA_ROUTE_STOP_MEMBERSHIP_5_3,T2_MEDIUM_V1,route_stops,CHECK_STOP_ON_ROUTE,Please tell: Verify if Poonamallee bus stop is covered by route 29C (F6) #2,hi-en,Latn,CS3,N0,"{""route_number"": ""29C"", ""stop"": ""Poonamallee"", ""transport_mode"": ""bus""}","{""route_id"": ""GTFS_ROUTE_8631"", ""stop_id"": ""BUS_13972050953""}",ANSWERABLE_WITH_PROVISIONAL_DATA,template_instantiation,TMPL_ROUTE_STOP_MEMBERSHIP_HINGLISH_LATN_5
PILOT_T2_TR_000028,,SFAM_TICKETING_AND_PASSES_016,FAM_TICKETING_AND_PASSES_016,PARA_TICKETING_AND_PASSES_15_1,T2_MEDIUM_V1,ticketing_rules,GET_TICKETING_POLICY,Quick check: यात्रियों के लिए टूरिस्ट कार्ड प्राप्त करने के नियम और प्रक्रिया क्या हैं? (पास F16) #4,hi,Deva,CS0,N0,"{""ticket_type"": ""tourist_card"", ""transport_mode"": ""पारगमन""}",{},ANSWERABLE_NOW,template_instantiation,TMPL_TICKETING_AND_PASSES_HI_DEVA_15
PILOT_T2_TR_000029,,SFAM_MODE_AVAILABILITY_013,FAM_MODE_AVAILABILITY_013,PARA_MODE_AVAILABILITY_12_2,T2_MEDIUM_V1,service_availability,CHECK_SERVICE_AVAILABILITY,wimco nagar depot se nelvoy tak direct transit options available hain kya? [suvidha F13],hi,Latn,CS0,N0,"{""origin"": ""wimco nagar depot"", ""destination"": ""nelvoy"", ""transport_mode"": ""any""}","{""origin_id"": ""METRO_WIMCO_NAGAR"", ""destination_id"": ""BUS_469106564""}",ANSWERABLE_WITH_PROVISIONAL_DATA,template_instantiation,TMPL_MODE_AVAILABILITY_HI_LATN_12
PILOT_T2_TR_000030,,SFAM_FIRST_AND_LAST_SERVICE_006,FAM_FIRST_AND_LAST_SERVICE_006,PARA_FIRST_AND_LAST_SERVICE_5_1,T2_MEDIUM_V1,service_timing,GET_FIRST_LAST_SERVICE,कोयम्बेडु से विमको नगर के लिए पहली और आखिरी ट्रेन का समय क्या है? (समय F6),hi,Deva,CS0,N0,"{""origin"": ""कोयम्बेडु"", ""destination"": ""विमको नगर"", ""timing_type"": ""first_last"", ""transport_mode"": ""ट्रेन""}","{""origin_id"": ""METRO_KOYAMBEDU"", ""destination_id"": ""METRO_WIMCO_NAGAR""}",ANSWERABLE_NOW,template_instantiation,TMPL_FIRST_AND_LAST_SERVICE_HI_DEVA_5
PILOT_T2_TR_000031,,SFAM_NEAREST_TRANSPORT_011,FAM_NEAREST_TRANSPORT_011,PARA_NEAREST_TRANSPORT_10_3,T2_MEDIUM_V1,nearest_transport,FIND_NEAREST_STATION,Transit query: Find closest public transport access point near Marina Beach (F11) #5,hi-en,Latn,CS3,N1,"{""landmark"": ""Marina Beach"", ""transport_mode"": ""public transport""}","{""place_id"": ""OSM_POI_12137617372""}",ANSWERABLE_NOW,template_instantiation,TMPL_NEAREST_TRANSPORT_HINGLISH_LATN_10
PILOT_T2_TR_000032,,SFAM_MODE_AVAILABILITY_007,FAM_MODE_AVAILABILITY_007,PARA_MODE_AVAILABILITY_6_4,T2_MEDIUM_V1,service_availability,CHECK_SERVICE_AVAILABILITY,क्या Vadapalani से Thiruvanmiyur transport line active hai mode info F7,hi-en,Deva+Latn,CS4,N0,"{""origin"": ""Vadapalani"", ""destination"": ""Thiruvanmiyur"", ""transport_mode"": ""transport""}","{""origin_id"": ""METRO_VADAPALANI"", ""destination_id"": ""BUS_3247310920""}",ANSWERABLE_WITH_PROVISIONAL_DATA,template_instantiation,TMPL_MODE_AVAILABILITY_MIXED_SCRIPT_CS_6
PILOT_T2_TR_000033,,SFAM_SERVICE_FREQUENCY_017,FAM_SERVICE_FREQUENCY_017,PARA_SERVICE_FREQUENCY_16_2,T2_MEDIUM_V1,service_timing,GET_SERVICE_FREQUENCY,st thomas mount to alandur metro service ka regular interval headway kya hai? [interval F17],hi,Latn,CS0,N0,"{""origin"": ""st thomas mount"", ""destination"": ""alandur"", ""timing_type"": ""frequency"", ""transport_mode"": ""metro""}","{""origin_id"": ""METRO_ST__THOMAS_MOUNT"", ""destination_id"": ""METRO_ARIGNAR_ANNA_ALANDUR""}",ANSWERABLE_NOW,template_instantiation,TMPL_SERVICE_FREQUENCY_HI_LATN_16
PILOT_T2_TR_000034,,SFAM_STATION_ACCESSIBILITY_003,FAM_STATION_ACCESSIBILITY_003,PARA_STATION_ACCESSIBILITY_2_1,T2_MEDIUM_V1,accessibility,GET_ACCESSIBILITY_INFO,क्या गिंडी स्टेशन पर दिव्यांग यात्रियों के लिए टैक्टाइल पाथ उपलब्ध है? (सुलभता F3),hi,Deva,CS0,N0,"{""station"": ""गिंडी"", ""accessibility_feature"": ""tactile_path"", ""transport_mode"": ""मेट्रो""}","{""station_id"": ""METRO_GUINDY""}",ANSWERABLE_NOW,template_instantiation,TMPL_STATION_ACCESSIBILITY_HI_DEVA_2
PILOT_T2_TR_000035,,SFAM_ROUTE_STOP_SEQUENCE_019,FAM_ROUTE_STOP_SEQUENCE_019,PARA_ROUTE_STOP_SEQUENCE_18_3,T2_MEDIUM_V1,route_stops,LIST_ROUTE_STOPS,Full stop order details for bus number 570 please provide (F19),hi-en,Latn,CS3,N0,"{""route_number"": ""570"", ""transport_mode"": ""bus""}","{""route_id"": ""GTFS_ROUTE_17967""}",ANSWERABLE_WITH_PROVISIONAL_DATA,template_instantiation,TMPL_ROUTE_STOP_SEQUENCE_HINGLISH_LATN_18
PILOT_T2_TR_000036,,SFAM_FARE_CALCULATION_011,FAM_FARE_CALCULATION_011,PARA_FARE_CALCULATION_10_4,T2_MEDIUM_V1,fare_query,CALCULATE_FARE,Egmore से Nehru Park metro travel ka discounted smart card fare kya hai F11,hi-en,Deva+Latn,CS4,N0,"{""origin"": ""Egmore"", ""destination"": ""Nehru Park"", ""ticket_type"": ""smart_card"", ""transport_mode"": ""metro""}","{""origin_id"": ""METRO_EGMORE"", ""destination_id"": ""METRO_NEHRU_PARK""}",ANSWERABLE_NOW,template_instantiation,TMPL_FARE_CALCULATION_MIXED_SCRIPT_CS_10
PILOT_T2_TR_000037,,SFAM_SCHEDULED_DEPARTURE_008,FAM_SCHEDULED_DEPARTURE_008,PARA_SCHEDULED_DEPARTURE_7_1,T2_MEDIUM_V1,service_timing,GET_SCHEDULED_DEPARTURES,हाई कोर्ट से सुबह 8 बजे छूटने वाली गाड़ियों की समय सारणी दिखाएं। (समय F8),hi,Deva,CS0,N0,"{""origin"": ""हाई कोर्ट"", ""time"": ""सुबह 8 बजे"", ""resolved_time"": ""08:00:00""}","{""origin_id"": ""METRO_HIGHCOURT""}",ANSWERABLE_NOW,template_instantiation,TMPL_SCHEDULED_DEPARTURE_HI_DEVA_7
PILOT_T2_TR_000038,,SFAM_STATION_ACCESSIBILITY_011,FAM_STATION_ACCESSIBILITY_011,PARA_STATION_ACCESSIBILITY_10_1,T2_MEDIUM_V1,accessibility,GET_ACCESSIBILITY_INFO,क्या एग्मोर स्टेशन पर दिव्यांग यात्रियों के लिए टैक्टाइल पाथ उपलब्ध है? (सुलभता F11),hi,Deva,CS0,N1,"{""station"": ""एग्मोर"", ""accessibility_feature"": ""tactile_path"", ""transport_mode"": ""मेट्रो""}","{""station_id"": ""METRO_EGMORE""}",ANSWERABLE_NOW,template_instantiation,TMPL_STATION_ACCESSIBILITY_HI_DEVA_10
PILOT_T2_TR_000039,,SFAM_STATION_FACILITIES_017,FAM_STATION_FACILITIES_017,PARA_STATION_FACILITIES_16_3,T2_MEDIUM_V1,station_facilities,GET_STATION_FACILITY,"Excuse me, Does St. Thomas Mount station premises include operational car parking (F17)? #6",hi-en,Latn,CS3,N1,"{""station"": ""St. Thomas Mount"", ""facility_type"": ""parking"", ""transport_mode"": ""metro""}","{""station_id"": ""METRO_ST__THOMAS_MOUNT""}",ANSWERABLE_NOW,template_instantiation,TMPL_STATION_FACILITIES_HINGLISH_LATN_16
PILOT_T2_TR_000040,,SFAM_FIRST_AND_LAST_SERVICE_016,FAM_FIRST_AND_LAST_SERVICE_016,PARA_FIRST_AND_LAST_SERVICE_15_3,T2_MEDIUM_V1,service_timing,GET_FIRST_LAST_SERVICE,Please tell: First train and last train operational hours between Saidapet and Guindy (F16) #2,hi-en,Latn,CS3,N1,"{""origin"": ""Saidapet"", ""destination"": ""Guindy"", ""timing_type"": ""first_last"", ""transport_mode"": ""train""}","{""origin_id"": ""METRO_SAIDAPET"", ""destination_id"": ""METRO_GUINDY""}",ANSWERABLE_NOW,template_instantiation,TMPL_FIRST_AND_LAST_SERVICE_HINGLISH_LATN_15
PILOT_T2_TR_000041,,SFAM_STATION_FACILITIES_002,FAM_STATION_FACILITIES_002,PARA_STATION_FACILITIES_1_1,T2_MEDIUM_V1,station_facilities,GET_STATION_FACILITY,"Excuse me, क्या चेन्नई सेंट्रल मेट्रो स्टेशन पर बाइक पार्किंग की व्यवस्था उपलब्ध है? (सुविधा F2) #6",hi,Deva,CS0,N0,"{""station"": ""चेन्नई सेंट्रल"", ""facility_type"": ""two_wheeler_parking"", ""transport_mode"": ""मेट्रो""}","{""station_id"": ""METRO_PURATCHI_THALAIVAR_DR__M_G_RAMACHANDRAN_CENTRAL""}",ANSWERABLE_NOW,template_instantiation,TMPL_STATION_FACILITIES_HI_DEVA_1
PILOT_T2_TR_000042,,SFAM_SERVICE_FREQUENCY_002,FAM_SERVICE_FREQUENCY_002,PARA_SERVICE_FREQUENCY_1_0,T2_MEDIUM_V1,service_timing,GET_SERVICE_FREQUENCY,Please tell: How many minutes between trains on the line connecting Chennai Central and Thirumangalam? [freq F2] #2,en,Latn,CS0,N0,"{""origin"": ""Chennai Central"", ""destination"": ""Thirumangalam"", ""timing_type"": ""frequency"", ""transport_mode"": ""metro""}","{""origin_id"": ""METRO_PURATCHI_THALAIVAR_DR__M_G_RAMACHANDRAN_CENTRAL"", ""destination_id"": ""METRO_THIRUMANGALAM""}",ANSWERABLE_NOW,template_instantiation,TMPL_SERVICE_FREQUENCY_EN_1
PILOT_T2_TR_000043,,SFAM_MODE_AVAILABILITY_001,FAM_MODE_AVAILABILITY_001,PARA_MODE_AVAILABILITY_0_1,T2_MEDIUM_V1,service_availability,CHECK_SERVICE_AVAILABILITY,क्या एयरपोर्ट से तांबरम के लिए कोई सार्वजनिक बस या ट्रेन उपलब्ध है? (उपलब्धता F1),hi,Deva,CS0,N0,"{""origin"": ""एयरपोर्ट"", ""destination"": ""तांबरम"", ""transport_mode"": ""सार्वजनिक बस या ट्रेन""}","{""origin_id"": ""METRO_CHENNAI_INTERNATIONAL_AIRPORT"", ""destination_id"": ""BUS_5304399879""}",ANSWERABLE_WITH_PROVISIONAL_DATA,template_instantiation,TMPL_MODE_AVAILABILITY_HI_DEVA_0
PILOT_T2_TR_000044,,SFAM_OUT_OF_SCOPE_014,FAM_OUT_OF_SCOPE_014,PARA_OUT_OF_SCOPE_13_2,T2_MEDIUM_V1,out_of_scope,REJECT_OUT_OF_SCOPE,washermenpet airport terminal ke flight delay timings check kijiye. [bahar F14],hi,Latn,CS0,N0,"{""station"": ""washermenpet""}","{""station_id"": ""METRO_WASHERMENPET""}",OUT_OF_SCOPE,template_instantiation,TMPL_OUT_OF_SCOPE_HI_LATN_13
PILOT_T2_TR_000045,,SFAM_REALTIME_STATUS_QUERY_019,FAM_REALTIME_STATUS_QUERY_019,PARA_REALTIME_STATUS_QUERY_18_0,T2_MEDIUM_V1,realtime_status_query,REJECT_UNSUPPORTED_REALTIME,"Excuse me, Where is bus 570 right now and what is its live location? [live F19] #6",en,Latn,CS0,N0,"{""route_number"": ""570"", ""transport_mode"": ""bus""}","{""route_id"": ""GTFS_ROUTE_17967""}",REQUIRES_REALTIME_DATA,template_instantiation,TMPL_REALTIME_STATUS_QUERY_EN_18
PILOT_T2_TR_000046,,SFAM_FARE_CALCULATION_009,FAM_FARE_CALCULATION_009,PARA_FARE_CALCULATION_8_0,T2_MEDIUM_V1,fare_query,CALCULATE_FARE,Could you specify What is the single-journey ticket fare from Thirumangalam to Saidapet on metro? [fare F9]? #3,en,Latn,CS0,N0,"{""origin"": ""Thirumangalam"", ""destination"": ""Saidapet"", ""fare_type"": ""token"", ""transport_mode"": ""metro""}","{""origin_id"": ""METRO_THIRUMANGALAM"", ""destination_id"": ""METRO_SAIDAPET""}",ANSWERABLE_NOW,template_instantiation,TMPL_FARE_CALCULATION_EN_8
PILOT_T2_TR_000047,,SFAM_MULTIMODAL_ROUTE_011,FAM_MULTIMODAL_ROUTE_011,PARA_MULTIMODAL_ROUTE_10_3,T2_MEDIUM_V1,route_query,PLAN_MULTIMODAL_ROUTE,Could you specify Can you give combined bus and train route from Kalpakkam to Nehru Park (F11)?? #3,hi-en,Latn,CS3,N2,"{""origin"": ""Kalpakkam"", ""destination"": ""Nehru Park"", ""transport_mode"": ""bus and train""}","{""origin_id"": ""BUS_30143150"", ""destination_id"": ""METRO_NEHRU_PARK""}",ANSWERABLE_WITH_PROVISIONAL_DATA,template_instantiation,TMPL_MULTIMODAL_ROUTE_HINGLISH_LATN_10
PILOT_T2_TR_000048,,SFAM_SERVICE_FREQUENCY_011,FAM_SERVICE_FREQUENCY_011,PARA_SERVICE_FREQUENCY_10_3,T2_MEDIUM_V1,service_timing,GET_SERVICE_FREQUENCY,Peak hour frequency and normal headway between Egmore and Nehru Park (F11),hi-en,Latn,CS3,N0,"{""origin"": ""Egmore"", ""destination"": ""Nehru Park"", ""timing_type"": ""frequency"", ""transport_mode"": ""metro""}","{""origin_id"": ""METRO_EGMORE"", ""destination_id"": ""METRO_NEHRU_PARK""}",ANSWERABLE_NOW,template_instantiation,TMPL_SERVICE_FREQUENCY_HINGLISH_LATN_10
PILOT_T2_TR_000049,,SFAM_TICKETING_AND_PASSES_020,FAM_TICKETING_AND_PASSES_020,PARA_TICKETING_AND_PASSES_19_0,T2_MEDIUM_V1,ticketing_rules,GET_TICKETING_POLICY,"Excuse me, What are the rules and procedure to purchase a Smart Card for commuters? [pass F20] #6",en,Latn,CS0,N0,"{""ticket_type"": ""smart_card"", ""transport_mode"": ""transit""}",{},ANSWERABLE_NOW,template_instantiation,TMPL_TICKETING_AND_PASSES_EN_19
PILOT_T2_TR_000050,,SFAM_MODE_AVAILABILITY_017,FAM_MODE_AVAILABILITY_017,PARA_MODE_AVAILABILITY_16_0,T2_MEDIUM_V1,service_availability,CHECK_SERVICE_AVAILABILITY,Could you specify Are there direct public transport options from St. Thomas Mount to Tambaram? [avail F17]? #3,en,Latn,CS0,N0,"{""origin"": ""St. Thomas Mount"", ""destination"": ""Tambaram"", ""transport_mode"": ""any""}","{""origin_id"": ""METRO_ST__THOMAS_MOUNT"", ""destination_id"": ""BUS_5304399879""}",ANSWERABLE_WITH_PROVISIONAL_DATA,template_instantiation,TMPL_MODE_AVAILABILITY_EN_16
PILOT_T2_TR_000051,,SFAM_FIRST_AND_LAST_SERVICE_012,FAM_FIRST_AND_LAST_SERVICE_012,PARA_FIRST_AND_LAST_SERVICE_11_1,T2_MEDIUM_V1,service_timing,GET_FIRST_LAST_SERVICE,थाउजेंड लाइट्स से किल्पौक के लिए पहली और आखिरी ट्रेन का समय क्या है? (समय F12),hi,Deva,CS0,N0,"{""origin"": ""थाउजेंड लाइट्स"", ""destination"": ""किल्पौक"", ""timing_type"": ""first_last"", ""transport_mode"": ""ट्रेन""}","{""origin_id"": ""METRO_THOUSAND_LIGHTS"", ""destination_id"": ""METRO_KILPAUK""}",ANSWERABLE_NOW,template_instantiation,TMPL_FIRST_AND_LAST_SERVICE_HI_DEVA_11
PILOT_T2_TR_000052,,SFAM_SCHEDULED_DEPARTURE_020,FAM_SCHEDULED_DEPARTURE_020,PARA_SCHEDULED_DEPARTURE_19_2,T2_MEDIUM_V1,service_timing,GET_SCHEDULED_DEPARTURES,pachaiyappa college se sham 7 baje departure timing schedule bataye. [timetable F20],hi,Latn,CS0,N0,"{""origin"": ""pachaiyappa college"", ""time"": ""sham 7 baje"", ""resolved_time"": ""19:00:00""}","{""origin_id"": ""METRO_PACHAIYAPPA_S_COLLEGE""}",ANSWERABLE_NOW,template_instantiation,TMPL_SCHEDULED_DEPARTURE_HI_LATN_19
PILOT_T2_TR_000053,,SFAM_POINT_TO_POINT_ROUTE_008,FAM_POINT_TO_POINT_ROUTE_008,PARA_POINT_TO_POINT_ROUTE_7_0,T2_MEDIUM_V1,route_query,PLAN_ROUTE,Could you specify How do I commute from High Court to Little Mount by metro? [pattern F8]? #3,en,Latn,CS0,N0,"{""origin"": ""High Court"", ""destination"": ""Little Mount"", ""transport_mode"": ""metro""}","{""origin_id"": ""METRO_HIGHCOURT"", ""destination_id"": ""METRO_LITTLE_MOUNT""}",ANSWERABLE_WITH_PROVISIONAL_DATA,template_instantiation,TMPL_POINT_TO_POINT_ROUTE_EN_7
PILOT_T2_TR_000054,,SFAM_TICKETING_AND_PASSES_020,FAM_TICKETING_AND_PASSES_020,PARA_TICKETING_AND_PASSES_19_0,T2_MEDIUM_V1,ticketing_rules,GET_TICKETING_POLICY,What are the rules and procedure to purchase a Smart Card for commuters? [pass F20],en,Latn,CS0,N0,"{""ticket_type"": ""smart_card"", ""transport_mode"": ""transit""}",{},ANSWERABLE_NOW,template_instantiation,TMPL_TICKETING_AND_PASSES_EN_19
PILOT_T2_TR_000055,,SFAM_MODE_AVAILABILITY_002,FAM_MODE_AVAILABILITY_002,PARA_MODE_AVAILABILITY_1_3,T2_MEDIUM_V1,service_availability,CHECK_SERVICE_AVAILABILITY,"Hello assistant, Is public transit operational connecting Chennai Central and Broadway (F2)? #7",hi-en,Latn,CS3,N0,"{""origin"": ""Chennai Central"", ""destination"": ""Broadway"", ""transport_mode"": ""public transit""}","{""origin_id"": ""METRO_PURATCHI_THALAIVAR_DR__M_G_RAMACHANDRAN_CENTRAL"", ""destination_id"": ""BUS_27618346""}",ANSWERABLE_WITH_PROVISIONAL_DATA,template_instantiation,TMPL_MODE_AVAILABILITY_HINGLISH_LATN_1
PILOT_T2_TR_000056,,SFAM_OUT_OF_SCOPE_006,FAM_OUT_OF_SCOPE_006,PARA_OUT_OF_SCOPE_5_3,T2_MEDIUM_V1,out_of_scope,REJECT_OUT_OF_SCOPE,What is the general weather rain forecast in Chennai near Ramakrishna Hospital today (F6)?,hi-en,Latn,CS3,N0,"{""landmark"": ""Ramakrishna Hospital""}","{""place_id"": ""OSM_POI_7820652187""}",OUT_OF_SCOPE,template_instantiation,TMPL_OUT_OF_SCOPE_HINGLISH_LATN_5
PILOT_T2_TR_000057,,SFAM_REALTIME_STATUS_QUERY_018,FAM_REALTIME_STATUS_QUERY_018,PARA_REALTIME_STATUS_QUERY_17_0,T2_MEDIUM_V1,realtime_status_query,REJECT_UNSUPPORTED_REALTIME,"Excuse me, Where is bus 102A right now and what is its live location? [live F18] #6",en,Latn,CS0,N0,"{""route_number"": ""102A"", ""transport_mode"": ""bus""}","{""route_id"": ""GTFS_ROUTE_10248""}",REQUIRES_REALTIME_DATA,template_instantiation,TMPL_REALTIME_STATUS_QUERY_EN_17
PILOT_T2_TR_000058,,SFAM_STATION_FACILITIES_010,FAM_STATION_FACILITIES_010,PARA_STATION_FACILITIES_9_4,T2_MEDIUM_V1,station_facilities,GET_STATION_FACILITY,क्या Anna Nagar Tower station par passengers ke liye two-wheeler bike parking accessible hai F10,hi-en,Deva+Latn,CS4,N0,"{""station"": ""Anna Nagar Tower"", ""facility_type"": ""two_wheeler_parking"", ""transport_mode"": ""metro""}","{""station_id"": ""METRO_ANNA_NAGAR_TOWER""}",ANSWERABLE_NOW,template_instantiation,TMPL_STATION_FACILITIES_MIXED_SCRIPT_CS_9
PILOT_T2_TR_000059,,SFAM_NEAREST_TRANSPORT_004,FAM_NEAREST_TRANSPORT_004,PARA_NEAREST_TRANSPORT_3_0,T2_MEDIUM_V1,nearest_transport,FIND_NEAREST_STATION,Could you specify Which is the nearest metro station or transit stop to Maritime Institute? [loc F4]? #3,en,Latn,CS0,N0,"{""landmark"": ""Maritime Institute"", ""transport_mode"": ""metro""}","{""place_id"": ""OSM_POI_314081186""}",ANSWERABLE_NOW,template_instantiation,TMPL_NEAREST_TRANSPORT_EN_3
PILOT_T2_TR_000060,,SFAM_TICKETING_AND_PASSES_017,FAM_TICKETING_AND_PASSES_017,PARA_TICKETING_AND_PASSES_16_3,T2_MEDIUM_V1,ticketing_rules,GET_TICKETING_POLICY,Please tell: How can regular passengers apply for and renew Student Concession Card (F17)? #2,hi-en,Latn,CS3,N0,"{""ticket_type"": ""student_pass"", ""transport_mode"": ""transit""}",{},ANSWERABLE_NOW,template_instantiation,TMPL_TICKETING_AND_PASSES_HINGLISH_LATN_16
PILOT_T2_TR_000061,,SFAM_REALTIME_STATUS_QUERY_016,FAM_REALTIME_STATUS_QUERY_016,PARA_REALTIME_STATUS_QUERY_15_0,T2_MEDIUM_V1,realtime_status_query,REJECT_UNSUPPORTED_REALTIME,"Excuse me, Where is bus 21G right now and what is its live location? [live F16] #6",en,Latn,CS0,N0,"{""route_number"": ""21G"", ""transport_mode"": ""bus""}","{""route_id"": ""GTFS_ROUTE_8458""}",REQUIRES_REALTIME_DATA,template_instantiation,TMPL_REALTIME_STATUS_QUERY_EN_15
PILOT_T2_TR_000062,,SFAM_MODE_AVAILABILITY_008,FAM_MODE_AVAILABILITY_008,PARA_MODE_AVAILABILITY_7_3,T2_MEDIUM_V1,service_availability,CHECK_SERVICE_AVAILABILITY,Quick check: Is public transit operational connecting High Court and Mylapore (F8)? #4,hi-en,Latn,CS3,N0,"{""origin"": ""High Court"", ""destination"": ""Mylapore"", ""transport_mode"": ""public transit""}","{""origin_id"": ""METRO_HIGHCOURT"", ""destination_id"": ""BUS_410614381""}",ANSWERABLE_WITH_PROVISIONAL_DATA,template_instantiation,TMPL_MODE_AVAILABILITY_HINGLISH_LATN_7
PILOT_T2_TR_000063,,SFAM_STATION_ACCESSIBILITY_011,FAM_STATION_ACCESSIBILITY_011,PARA_STATION_ACCESSIBILITY_10_3,T2_MEDIUM_V1,accessibility,GET_ACCESSIBILITY_INFO,Transit query: Verification of accessible tactile floor paths support at Egmore metro (F11) #5,hi-en,Latn,CS3,N1,"{""station"": ""Egmore"", ""accessibility_feature"": ""tactile_path"", ""transport_mode"": ""metro""}","{""station_id"": ""METRO_EGMORE""}",ANSWERABLE_NOW,template_instantiation,TMPL_STATION_ACCESSIBILITY_HINGLISH_LATN_10
PILOT_T2_TR_000064,,SFAM_SCHEDULED_DEPARTURE_009,FAM_SCHEDULED_DEPARTURE_009,PARA_SCHEDULED_DEPARTURE_8_4,T2_MEDIUM_V1,service_timing,GET_SCHEDULED_DEPARTURES,Thirumangalam से bare 8 baje departure timings schedule status F9,hi-en,Deva+Latn,CS4,N0,"{""origin"": ""Thirumangalam"", ""time"": ""8 baje"", ""temporal_ambiguity"": true, ""dual_candidates"": [""08:00:00"", ""20:00:00""]}","{""origin_id"": ""METRO_THIRUMANGALAM""}",ANSWERABLE_NOW,template_instantiation,TMPL_SCHEDULED_DEPARTURE_MIXED_SCRIPT_CS_8
PILOT_T2_TR_000065,,SFAM_REALTIME_STATUS_QUERY_016,FAM_REALTIME_STATUS_QUERY_016,PARA_REALTIME_STATUS_QUERY_15_2,T2_MEDIUM_V1,realtime_status_query,REJECT_UNSUPPORTED_REALTIME,Bus 21G ka real time current gps location update kahan pahuncha? [track F16],hi,Latn,CS0,N0,"{""route_number"": ""21G"", ""transport_mode"": ""bus""}","{""route_id"": ""GTFS_ROUTE_8458""}",REQUIRES_REALTIME_DATA,template_instantiation,TMPL_REALTIME_STATUS_QUERY_HI_LATN_15
PILOT_T2_TR_000066,,SFAM_INTERCHANGE_TRANSFER_012,FAM_INTERCHANGE_TRANSFER_012,PARA_INTERCHANGE_TRANSFER_11_0,T2_MEDIUM_V1,interchange_query,GET_INTERCHANGE_DETAILS,Could you specify How do I switch lines to connect towards Kilpauk at Thousand Lights interchange? [xfer F12]? #3,en,Latn,CS0,N0,"{""station"": ""Thousand Lights"", ""destination"": ""Kilpauk"", ""facility_type"": ""interchange""}","{""station_id"": ""METRO_THOUSAND_LIGHTS"", ""destination_id"": ""METRO_KILPAUK""}",ANSWERABLE_AFTER_MANUAL_VERIFICATION,template_instantiation,TMPL_INTERCHANGE_TRANSFER_EN_11
PILOT_T2_TR_000067,,SFAM_OUT_OF_SCOPE_011,FAM_OUT_OF_SCOPE_011,PARA_OUT_OF_SCOPE_10_2,T2_MEDIUM_V1,out_of_scope,REJECT_OUT_OF_SCOPE,egmore airport terminal ke flight delay timings check kijiye. [bahar F11],hi,Latn,CS0,N0,"{""station"": ""egmore""}","{""station_id"": ""METRO_EGMORE""}",OUT_OF_SCOPE,template_instantiation,TMPL_OUT_OF_SCOPE_HI_LATN_10
PILOT_T2_TR_000068,,SFAM_INTERCHANGE_TRANSFER_003,FAM_INTERCHANGE_TRANSFER_003,PARA_INTERCHANGE_TRANSFER_2_4,T2_MEDIUM_V1,interchange_query,GET_INTERCHANGE_DETAILS,Could you specify Guindy interchange par line switch connection point details check F3? #3,hi-en,Deva+Latn,CS4,N1,"{""station"": ""Guindy"", ""facility_type"": ""interchange""}","{""station_id"": ""METRO_GUINDY""}",ANSWERABLE_AFTER_MANUAL_VERIFICATION,template_instantiation,TMPL_INTERCHANGE_TRANSFER_MIXED_SCRIPT_CS_2
PILOT_T2_TR_000069,,SFAM_OUT_OF_SCOPE_018,FAM_OUT_OF_SCOPE_018,PARA_OUT_OF_SCOPE_17_3,T2_MEDIUM_V1,out_of_scope,REJECT_OUT_OF_SCOPE,Could you specify What is the general weather rain forecast in Chennai near Madhuranthagam Hospital today (F18)?? #3,hi-en,Latn,CS3,N0,"{""landmark"": ""Madhuranthagam Hospital""}","{""place_id"": ""OSM_POI_7257518777""}",OUT_OF_SCOPE,template_instantiation,TMPL_OUT_OF_SCOPE_HINGLISH_LATN_17
PILOT_T2_TR_000070,,SFAM_POINT_TO_POINT_ROUTE_019,FAM_POINT_TO_POINT_ROUTE_019,PARA_POINT_TO_POINT_ROUTE_18_2,T2_MEDIUM_V1,route_query,PLAN_ROUTE,kilpauk se koyambedu metro se travel kaise kare? [tarika F19],hi,Latn,CS0,N1,"{""origin"": ""kilpauk"", ""destination"": ""koyambedu"", ""transport_mode"": ""metro""}","{""origin_id"": ""METRO_KILPAUK"", ""destination_id"": ""METRO_KOYAMBEDU""}",ANSWERABLE_WITH_PROVISIONAL_DATA,template_instantiation,TMPL_POINT_TO_POINT_ROUTE_HI_LATN_18
PILOT_T2_TR_000071,,SFAM_OUT_OF_SCOPE_015,FAM_OUT_OF_SCOPE_015,PARA_OUT_OF_SCOPE_14_0,T2_MEDIUM_V1,out_of_scope,REJECT_OUT_OF_SCOPE,Quick check: Book a private cab taxi ride from Little Mount to Chennai Central. [cab F15] #4,en,Latn,CS0,N0,"{""origin"": ""Little Mount"", ""destination"": ""Chennai Central""}","{""origin_id"": ""METRO_LITTLE_MOUNT"", ""destination_id"": ""METRO_PURATCHI_THALAIVAR_DR__M_G_RAMACHANDRAN_CENTRAL""}",OUT_OF_SCOPE,template_instantiation,TMPL_OUT_OF_SCOPE_EN_14
PILOT_T2_TR_000072,,SFAM_REALTIME_STATUS_QUERY_001,FAM_REALTIME_STATUS_QUERY_001,PARA_REALTIME_STATUS_QUERY_0_3,T2_MEDIUM_V1,realtime_status_query,REJECT_UNSUPPORTED_REALTIME,Transit query: Live crowd density and train arrival countdown at Airport right now (F1) #5,hi-en,Latn,CS3,N0,"{""station"": ""Airport"", ""transport_mode"": ""metro""}","{""station_id"": ""METRO_CHENNAI_INTERNATIONAL_AIRPORT""}",REQUIRES_REALTIME_DATA,template_instantiation,TMPL_REALTIME_STATUS_QUERY_HINGLISH_LATN_0
PILOT_T2_TR_000073,,SFAM_OUT_OF_SCOPE_015,FAM_OUT_OF_SCOPE_015,PARA_OUT_OF_SCOPE_14_1,T2_MEDIUM_V1,out_of_scope,REJECT_OUT_OF_SCOPE,Please tell: लिटिल माउंट के निकटतम सबसे अच्छे रेस्टोरेंट और भोजनालय की सूची दें। (बाहर F15) #2,hi,Deva,CS0,N0,"{""station"": ""लिटिल माउंट""}","{""station_id"": ""METRO_LITTLE_MOUNT""}",OUT_OF_SCOPE,template_instantiation,TMPL_OUT_OF_SCOPE_HI_DEVA_14
PILOT_T2_TR_000074,,SFAM_FARE_CALCULATION_005,FAM_FARE_CALCULATION_005,PARA_FARE_CALCULATION_4_0,T2_MEDIUM_V1,fare_query,CALCULATE_FARE,Please tell: What is the single-journey ticket fare from CMBT to Thousand Lights on metro? [fare F5] #2,en,Latn,CS0,N0,"{""origin"": ""CMBT"", ""destination"": ""Thousand Lights"", ""fare_type"": ""token"", ""transport_mode"": ""metro""}","{""origin_id"": ""METRO_PURATCHI_THALAIVI_DR_J_JAYALALITHAA_CMBT"", ""destination_id"": ""METRO_THOUSAND_LIGHTS""}",ANSWERABLE_NOW,template_instantiation,TMPL_FARE_CALCULATION_EN_4
PILOT_T2_TR_000075,,SFAM_NEAREST_TRANSPORT_004,FAM_NEAREST_TRANSPORT_004,PARA_NEAREST_TRANSPORT_3_1,T2_MEDIUM_V1,nearest_transport,FIND_NEAREST_STATION,"Excuse me, मैरीटाइम संस्थान के सबसे निकटतम मेट्रो स्टेशन या बस स्टॉप कौन सा है? (निकट F4) #6",hi,Deva,CS0,N0,"{""landmark"": ""मैरीटाइम संस्थान"", ""transport_mode"": ""मेट्रो या बस""}","{""place_id"": ""OSM_POI_314081186""}",ANSWERABLE_NOW,template_instantiation,TMPL_NEAREST_TRANSPORT_HI_DEVA_3
PILOT_T2_TR_000076,,SFAM_FARE_CALCULATION_007,FAM_FARE_CALCULATION_007,PARA_FARE_CALCULATION_6_0,T2_MEDIUM_V1,fare_query,CALCULATE_FARE,What is the single-journey ticket fare from Vadapalani to Washermenpet on metro? [fare F7],en,Latn,CS0,N0,"{""origin"": ""Vadapalani"", ""destination"": ""Washermenpet"", ""fare_type"": ""token"", ""transport_mode"": ""metro""}","{""origin_id"": ""METRO_VADAPALANI"", ""destination_id"": ""METRO_WASHERMENPET""}",ANSWERABLE_NOW,template_instantiation,TMPL_FARE_CALCULATION_EN_6
PILOT_T2_TR_000077,,SFAM_MODE_AVAILABILITY_002,FAM_MODE_AVAILABILITY_002,PARA_MODE_AVAILABILITY_1_1,T2_MEDIUM_V1,service_availability,CHECK_SERVICE_AVAILABILITY,Transit query: क्या चेन्नई सेंट्रल से ब्रॉडवे के लिए कोई सार्वजनिक बस या ट्रेन उपलब्ध है? (उपलब्धता F2) #5,hi,Deva,CS0,N0,"{""origin"": ""चेन्नई सेंट्रल"", ""destination"": ""ब्रॉडवे"", ""transport_mode"": ""सार्वजनिक बस या ट्रेन""}","{""origin_id"": ""METRO_PURATCHI_THALAIVAR_DR__M_G_RAMACHANDRAN_CENTRAL"", ""destination_id"": ""BUS_27618346""}",ANSWERABLE_WITH_PROVISIONAL_DATA,template_instantiation,TMPL_MODE_AVAILABILITY_HI_DEVA_1
PILOT_T2_TR_000078,,SFAM_STATION_FACILITIES_014,FAM_STATION_FACILITIES_014,PARA_STATION_FACILITIES_13_2,T2_MEDIUM_V1,station_facilities,GET_STATION_FACILITY,kya washermenpet station par passenger bike parking service available hai? [amenity F14],hi,Latn,CS0,N0,"{""station"": ""washermenpet"", ""facility_type"": ""two_wheeler_parking"", ""transport_mode"": ""metro""}","{""station_id"": ""METRO_WASHERMENPET""}",ANSWERABLE_NOW,template_instantiation,TMPL_STATION_FACILITIES_HI_LATN_13
PILOT_T2_TR_000079,,SFAM_TICKETING_AND_PASSES_007,FAM_TICKETING_AND_PASSES_007,PARA_TICKETING_AND_PASSES_6_1,T2_MEDIUM_V1,ticketing_rules,GET_TICKETING_POLICY,"Excuse me, यात्रियों के लिए मासिक पास प्राप्त करने के नियम और प्रक्रिया क्या हैं? (पास F7) #6",hi,Deva,CS0,N0,"{""ticket_type"": ""monthly_pass"", ""transport_mode"": ""पारगमन""}",{},ANSWERABLE_NOW,template_instantiation,TMPL_TICKETING_AND_PASSES_HI_DEVA_6
PILOT_T2_TR_000080,,SFAM_ROUTE_STOP_MEMBERSHIP_001,FAM_ROUTE_STOP_MEMBERSHIP_001,PARA_ROUTE_STOP_MEMBERSHIP_0_0,T2_MEDIUM_V1,route_stops,CHECK_STOP_ON_ROUTE,Could you specify Does bus route 21G make a scheduled halt at Tambaram? [chk F1]? #3,en,Latn,CS0,N0,"{""route_number"": ""21G"", ""stop"": ""Tambaram"", ""transport_mode"": ""bus""}","{""route_id"": ""GTFS_ROUTE_8458"", ""stop_id"": ""BUS_5304399879""}",ANSWERABLE_WITH_PROVISIONAL_DATA,template_instantiation,TMPL_ROUTE_STOP_MEMBERSHIP_EN_0
PILOT_T2_TR_000081,,SFAM_FARE_CALCULATION_014,FAM_FARE_CALCULATION_014,PARA_FARE_CALCULATION_13_3,T2_MEDIUM_V1,fare_query,CALCULATE_FARE,"Excuse me, Calculate fare for travel between Washermenpet and Airport stations (F14) #6",hi-en,Latn,CS3,N2,"{""origin"": ""Washermenpet"", ""destination"": ""Airport"", ""transport_mode"": ""metro""}","{""origin_id"": ""METRO_WASHERMENPET"", ""destination_id"": ""METRO_CHENNAI_INTERNATIONAL_AIRPORT""}",ANSWERABLE_NOW,template_instantiation,TMPL_FARE_CALCULATION_HINGLISH_LATN_13
PILOT_T2_TR_000082,,SFAM_MODE_AVAILABILITY_019,FAM_MODE_AVAILABILITY_019,PARA_MODE_AVAILABILITY_18_1,T2_MEDIUM_V1,service_availability,CHECK_SERVICE_AVAILABILITY,क्या किल्पौक से अडयार के लिए कोई सार्वजनिक बस या ट्रेन उपलब्ध है? (उपलब्धता F19),hi,Deva,CS0,N1,"{""origin"": ""किल्पौक"", ""destination"": ""अडयार"", ""transport_mode"": ""सार्वजनिक बस या ट्रेन""}","{""origin_id"": ""METRO_KILPAUK"", ""destination_id"": ""BUS_2587520213""}",ANSWERABLE_WITH_PROVISIONAL_DATA,template_instantiation,TMPL_MODE_AVAILABILITY_HI_DEVA_18
PILOT_T2_TR_000083,,SFAM_SCHEDULED_DEPARTURE_002,FAM_SCHEDULED_DEPARTURE_002,PARA_SCHEDULED_DEPARTURE_1_2,T2_MEDIUM_V1,service_timing,GET_SCHEDULED_DEPARTURES,Please tell: chennai central se sham 7 baje departure timing schedule bataye. [timetable F2] #2,hi,Latn,CS0,N0,"{""origin"": ""chennai central"", ""time"": ""sham 7 baje"", ""resolved_time"": ""19:00:00""}","{""origin_id"": ""METRO_PURATCHI_THALAIVAR_DR__M_G_RAMACHANDRAN_CENTRAL""}",ANSWERABLE_NOW,template_instantiation,TMPL_SCHEDULED_DEPARTURE_HI_LATN_1
PILOT_T2_TR_000084,,SFAM_REALTIME_STATUS_QUERY_008,FAM_REALTIME_STATUS_QUERY_008,PARA_REALTIME_STATUS_QUERY_7_1,T2_MEDIUM_V1,realtime_status_query,REJECT_UNSUPPORTED_REALTIME,"Excuse me, क्या हाई कोर्ट से आने वाली ट्रेन अभी लेट चल रही है लाइव स्थिति बताएं? (ताज़ा F8) #6",hi,Deva,CS0,N0,"{""origin"": ""हाई कोर्ट"", ""transport_mode"": ""ट्रेन""}","{""origin_id"": ""METRO_HIGHCOURT""}",REQUIRES_REALTIME_DATA,template_instantiation,TMPL_REALTIME_STATUS_QUERY_HI_DEVA_7
PILOT_T2_TR_000085,,SFAM_TICKETING_AND_PASSES_004,FAM_TICKETING_AND_PASSES_004,PARA_TICKETING_AND_PASSES_3_0,T2_MEDIUM_V1,ticketing_rules,GET_TICKETING_POLICY,"Excuse me, What are the rules and procedure to purchase a Tourist One-Day Pass for commuters? [pass F4] #6",en,Latn,CS0,N0,"{""ticket_type"": ""tourist_card"", ""transport_mode"": ""transit""}",{},ANSWERABLE_NOW,template_instantiation,TMPL_TICKETING_AND_PASSES_EN_3
PILOT_T2_TR_000086,,SFAM_INTERCHANGE_TRANSFER_018,FAM_INTERCHANGE_TRANSFER_018,PARA_INTERCHANGE_TRANSFER_17_1,T2_MEDIUM_V1,interchange_query,GET_INTERCHANGE_DETAILS,Could you specify नेहरू पार्क इंटरचेंज पर दूसरी लाइन में ट्रांसफर करने का मार्ग क्या है? (बदलाव F18)? #3,hi,Deva,CS0,N0,"{""station"": ""नेहरू पार्क"", ""facility_type"": ""इंटरचेंज""}","{""station_id"": ""METRO_NEHRU_PARK""}",ANSWERABLE_AFTER_MANUAL_VERIFICATION,template_instantiation,TMPL_INTERCHANGE_TRANSFER_HI_DEVA_17
PILOT_T2_TR_000087,,SFAM_STATION_ACCESSIBILITY_004,FAM_STATION_ACCESSIBILITY_004,PARA_STATION_ACCESSIBILITY_3_3,T2_MEDIUM_V1,accessibility,GET_ACCESSIBILITY_INFO,Please tell: Verification of accessible escalator stairs support at Alandur metro (F4) #2,hi-en,Latn,CS3,N0,"{""station"": ""Alandur"", ""accessibility_feature"": ""escalator"", ""transport_mode"": ""metro""}","{""station_id"": ""METRO_ARIGNAR_ANNA_ALANDUR""}",ANSWERABLE_NOW,template_instantiation,TMPL_STATION_ACCESSIBILITY_HINGLISH_LATN_3
PILOT_T2_TR_000088,,SFAM_INTERCHANGE_TRANSFER_012,FAM_INTERCHANGE_TRANSFER_012,PARA_INTERCHANGE_TRANSFER_11_0,T2_MEDIUM_V1,interchange_query,GET_INTERCHANGE_DETAILS,"Excuse me, How do I switch lines to connect towards Kilpauk at Thousand Lights interchange? [xfer F12] #6",en,Latn,CS0,N0,"{""station"": ""Thousand Lights"", ""destination"": ""Kilpauk"", ""facility_type"": ""interchange""}","{""station_id"": ""METRO_THOUSAND_LIGHTS"", ""destination_id"": ""METRO_KILPAUK""}",ANSWERABLE_AFTER_MANUAL_VERIFICATION,template_instantiation,TMPL_INTERCHANGE_TRANSFER_EN_11
PILOT_T2_TR_000089,,SFAM_TICKETING_AND_PASSES_005,FAM_TICKETING_AND_PASSES_005,PARA_TICKETING_AND_PASSES_4_1,T2_MEDIUM_V1,ticketing_rules,GET_TICKETING_POLICY,"Excuse me, यात्रियों के लिए छात्र रियायती पास प्राप्त करने के नियम और प्रक्रिया क्या हैं? (पास F5) #6",hi,Deva,CS0,N0,"{""ticket_type"": ""student_pass"", ""transport_mode"": ""पारगमन""}",{},ANSWERABLE_NOW,template_instantiation,TMPL_TICKETING_AND_PASSES_HI_DEVA_4
PILOT_T2_TR_000090,,SFAM_FARE_CALCULATION_015,FAM_FARE_CALCULATION_015,PARA_FARE_CALCULATION_14_0,T2_MEDIUM_V1,fare_query,CALCULATE_FARE,Quick check: What is the single-journey ticket fare from Little Mount to Chennai Central on metro? [fare F15] #4,en,Latn,CS0,N0,"{""origin"": ""Little Mount"", ""destination"": ""Chennai Central"", ""fare_type"": ""token"", ""transport_mode"": ""metro""}","{""origin_id"": ""METRO_LITTLE_MOUNT"", ""destination_id"": ""METRO_PURATCHI_THALAIVAR_DR__M_G_RAMACHANDRAN_CENTRAL""}",ANSWERABLE_NOW,template_instantiation,TMPL_FARE_CALCULATION_EN_14
PILOT_T2_TR_000091,,SFAM_NEAREST_TRANSPORT_009,FAM_NEAREST_TRANSPORT_009,PARA_NEAREST_TRANSPORT_8_1,T2_MEDIUM_V1,nearest_transport,FIND_NEAREST_STATION,"Excuse me, कर्पगा संस्थान के सबसे निकटतम मेट्रो स्टेशन या बस स्टॉप कौन सा है? (निकट F9) #6",hi,Deva,CS0,N0,"{""landmark"": ""कर्पगा संस्थान"", ""transport_mode"": ""मेट्रो या बस""}","{""place_id"": ""OSM_POI_3082849503""}",ANSWERABLE_NOW,template_instantiation,TMPL_NEAREST_TRANSPORT_HI_DEVA_8
PILOT_T2_TR_000092,,SFAM_POINT_TO_POINT_ROUTE_002,FAM_POINT_TO_POINT_ROUTE_002,PARA_POINT_TO_POINT_ROUTE_1_0,T2_MEDIUM_V1,route_query,PLAN_ROUTE,Please tell: How do I commute from Chennai Central to Thirumangalam by metro? [pattern F2] #2,en,Latn,CS0,N0,"{""origin"": ""Chennai Central"", ""destination"": ""Thirumangalam"", ""transport_mode"": ""metro""}","{""origin_id"": ""METRO_PURATCHI_THALAIVAR_DR__M_G_RAMACHANDRAN_CENTRAL"", ""destination_id"": ""METRO_THIRUMANGALAM""}",ANSWERABLE_WITH_PROVISIONAL_DATA,template_instantiation,TMPL_POINT_TO_POINT_ROUTE_EN_1
PILOT_T2_TR_000093,,SFAM_NEAREST_TRANSPORT_003,FAM_NEAREST_TRANSPORT_003,PARA_NEAREST_TRANSPORT_2_0,T2_MEDIUM_V1,nearest_transport,FIND_NEAREST_STATION,"Excuse me, Which is the nearest metro station or transit stop to Great Lakes Institute? [loc F3] #6",en,Latn,CS0,N0,"{""landmark"": ""Great Lakes Institute"", ""transport_mode"": ""metro""}","{""place_id"": ""OSM_POI_577328882""}",ANSWERABLE_NOW,template_instantiation,TMPL_NEAREST_TRANSPORT_EN_2
PILOT_T2_TR_000094,,SFAM_NEAREST_TRANSPORT_004,FAM_NEAREST_TRANSPORT_004,PARA_NEAREST_TRANSPORT_3_3,T2_MEDIUM_V1,nearest_transport,FIND_NEAREST_STATION,Please tell: Find closest public transport access point near Maritime Institute (F4) #2,hi-en,Latn,CS3,N0,"{""landmark"": ""Maritime Institute"", ""transport_mode"": ""public transport""}","{""place_id"": ""OSM_POI_314081186""}",ANSWERABLE_NOW,template_instantiation,TMPL_NEAREST_TRANSPORT_HINGLISH_LATN_3
PILOT_T2_TR_000095,,SFAM_FARE_CALCULATION_008,FAM_FARE_CALCULATION_008,PARA_FARE_CALCULATION_7_4,T2_MEDIUM_V1,fare_query,CALCULATE_FARE,Could you specify High Court से Little Mount metro travel ka discounted smart card fare kya hai F8? #3,hi-en,Deva+Latn,CS4,N0,"{""origin"": ""High Court"", ""destination"": ""Little Mount"", ""ticket_type"": ""smart_card"", ""transport_mode"": ""metro""}","{""origin_id"": ""METRO_HIGHCOURT"", ""destination_id"": ""METRO_LITTLE_MOUNT""}",ANSWERABLE_NOW,template_instantiation,TMPL_FARE_CALCULATION_MIXED_SCRIPT_CS_7
PILOT_T2_TR_000096,,SFAM_TICKETING_AND_PASSES_012,FAM_TICKETING_AND_PASSES_012,PARA_TICKETING_AND_PASSES_11_3,T2_MEDIUM_V1,ticketing_rules,GET_TICKETING_POLICY,How can regular passengers apply for and renew National Common Mobility Card (F12)?,hi-en,Latn,CS3,N0,"{""ticket_type"": ""ncmc_card"", ""transport_mode"": ""transit""}",{},ANSWERABLE_NOW,template_instantiation,TMPL_TICKETING_AND_PASSES_HINGLISH_LATN_11
PILOT_T2_TR_000097,,SFAM_MODE_AVAILABILITY_018,FAM_MODE_AVAILABILITY_018,PARA_MODE_AVAILABILITY_17_1,T2_MEDIUM_V1,service_availability,CHECK_SERVICE_AVAILABILITY,Quick check: क्या नेहरू पार्क से ब्रॉडवे के लिए कोई सार्वजनिक बस या ट्रेन उपलब्ध है? (उपलब्धता F18) #4,hi,Deva,CS0,N0,"{""origin"": ""नेहरू पार्क"", ""destination"": ""ब्रॉडवे"", ""transport_mode"": ""सार्वजनिक बस या ट्रेन""}","{""origin_id"": ""METRO_NEHRU_PARK"", ""destination_id"": ""BUS_27618346""}",ANSWERABLE_WITH_PROVISIONAL_DATA,template_instantiation,TMPL_MODE_AVAILABILITY_HI_DEVA_17
PILOT_T2_TR_000098,,SFAM_NEAREST_TRANSPORT_018,FAM_NEAREST_TRANSPORT_018,PARA_NEAREST_TRANSPORT_17_3,T2_MEDIUM_V1,nearest_transport,FIND_NEAREST_STATION,Find closest public transport access point near Madhuranthagam Hospital (F18),hi-en,Latn,CS3,N0,"{""landmark"": ""Madhuranthagam Hospital"", ""transport_mode"": ""public transport""}","{""place_id"": ""OSM_POI_7257518777""}",ANSWERABLE_NOW,template_instantiation,TMPL_NEAREST_TRANSPORT_HINGLISH_LATN_17
PILOT_T2_TR_000099,,SFAM_ROUTE_STOP_SEQUENCE_002,FAM_ROUTE_STOP_SEQUENCE_002,PARA_ROUTE_STOP_SEQUENCE_1_1,T2_MEDIUM_V1,route_stops,LIST_ROUTE_STOPS,Please tell: बस रूट 102 के सभी ठहरावों की क्रमबद्ध सूची दिखाएं। (क्रम F2) #2,hi,Deva,CS0,N0,"{""route_number"": ""102"", ""transport_mode"": ""बस""}","{""route_id"": ""GTFS_ROUTE_16861""}",ANSWERABLE_WITH_PROVISIONAL_DATA,template_instantiation,TMPL_ROUTE_STOP_SEQUENCE_HI_DEVA_1
PILOT_T2_TR_000100,,SFAM_ROUTE_STOP_SEQUENCE_006,FAM_ROUTE_STOP_SEQUENCE_006,PARA_ROUTE_STOP_SEQUENCE_5_2,T2_MEDIUM_V1,route_stops,LIST_ROUTE_STOPS,Please tell: Route 29C bus ke sare consecutive stops ki list check kare. [line F6] #2,hi,Latn,CS0,N0,"{""route_number"": ""29C"", ""transport_mode"": ""bus""}","{""route_id"": ""GTFS_ROUTE_8631""}",ANSWERABLE_WITH_PROVISIONAL_DATA,template_instantiation,TMPL_ROUTE_STOP_SEQUENCE_HI_LATN_5
PILOT_T2_TR_000101,,SFAM_TICKETING_AND_PASSES_004,FAM_TICKETING_AND_PASSES_004,PARA_TICKETING_AND_PASSES_3_3,T2_MEDIUM_V1,ticketing_rules,GET_TICKETING_POLICY,Transit query: How can regular passengers apply for and renew Tourist One-Day Pass (F4)? #5,hi-en,Latn,CS3,N0,"{""ticket_type"": ""tourist_card"", ""transport_mode"": ""transit""}",{},ANSWERABLE_NOW,template_instantiation,TMPL_TICKETING_AND_PASSES_HINGLISH_LATN_3
PILOT_T2_TR_000102,,SFAM_FARE_CALCULATION_015,FAM_FARE_CALCULATION_015,PARA_FARE_CALCULATION_14_0,T2_MEDIUM_V1,fare_query,CALCULATE_FARE,Please tell: What is the single-journey ticket fare from Little Mount to Chennai Central on metro? [fare F15] #2,en,Latn,CS0,N0,"{""origin"": ""Little Mount"", ""destination"": ""Chennai Central"", ""fare_type"": ""token"", ""transport_mode"": ""metro""}","{""origin_id"": ""METRO_LITTLE_MOUNT"", ""destination_id"": ""METRO_PURATCHI_THALAIVAR_DR__M_G_RAMACHANDRAN_CENTRAL""}",ANSWERABLE_NOW,template_instantiation,TMPL_FARE_CALCULATION_EN_14
PILOT_T2_TR_000103,,SFAM_TICKETING_AND_PASSES_018,FAM_TICKETING_AND_PASSES_018,PARA_TICKETING_AND_PASSES_17_0,T2_MEDIUM_V1,ticketing_rules,GET_TICKETING_POLICY,Please tell: What are the rules and procedure to purchase a National Common Mobility Card for commuters? [pass F18] #2,en,Latn,CS0,N0,"{""ticket_type"": ""ncmc_card"", ""transport_mode"": ""transit""}",{},ANSWERABLE_NOW,template_instantiation,TMPL_TICKETING_AND_PASSES_EN_17
PILOT_T2_TR_000104,,SFAM_OUT_OF_SCOPE_008,FAM_OUT_OF_SCOPE_008,PARA_OUT_OF_SCOPE_7_2,T2_MEDIUM_V1,out_of_scope,REJECT_OUT_OF_SCOPE,Quick check: high court airport terminal ke flight delay timings check kijiye. [bahar F8] #4,hi,Latn,CS0,N0,"{""station"": ""high court""}","{""station_id"": ""METRO_HIGHCOURT""}",OUT_OF_SCOPE,template_instantiation,TMPL_OUT_OF_SCOPE_HI_LATN_7
PILOT_T2_TR_000105,,SFAM_MODE_AVAILABILITY_004,FAM_MODE_AVAILABILITY_004,PARA_MODE_AVAILABILITY_3_3,T2_MEDIUM_V1,service_availability,CHECK_SERVICE_AVAILABILITY,Transit query: Is public transit operational connecting Alandur and Velachery (F4)? #5,hi-en,Latn,CS3,N0,"{""origin"": ""Alandur"", ""destination"": ""Velachery"", ""transport_mode"": ""public transit""}","{""origin_id"": ""METRO_ARIGNAR_ANNA_ALANDUR"", ""destination_id"": ""BUS_1764308008""}",ANSWERABLE_WITH_PROVISIONAL_DATA,template_instantiation,TMPL_MODE_AVAILABILITY_HINGLISH_LATN_3
PILOT_T2_TR_000106,,SFAM_ROUTE_STOP_SEQUENCE_004,FAM_ROUTE_STOP_SEQUENCE_004,PARA_ROUTE_STOP_SEQUENCE_3_1,T2_MEDIUM_V1,route_stops,LIST_ROUTE_STOPS,Please tell: बस रूट 570 के सभी ठहरावों की क्रमबद्ध सूची दिखाएं। (क्रम F4) #2,hi,Deva,CS0,N0,"{""route_number"": ""570"", ""transport_mode"": ""बस""}","{""route_id"": ""GTFS_ROUTE_17967""}",ANSWERABLE_WITH_PROVISIONAL_DATA,template_instantiation,TMPL_ROUTE_STOP_SEQUENCE_HI_DEVA_3
PILOT_T2_TR_000107,,SFAM_REALTIME_STATUS_QUERY_017,FAM_REALTIME_STATUS_QUERY_017,PARA_REALTIME_STATUS_QUERY_16_0,T2_MEDIUM_V1,realtime_status_query,REJECT_UNSUPPORTED_REALTIME,Transit query: Where is bus 102 right now and what is its live location? [live F17] #5,en,Latn,CS0,N0,"{""route_number"": ""102"", ""transport_mode"": ""bus""}","{""route_id"": ""GTFS_ROUTE_16861""}",REQUIRES_REALTIME_DATA,template_instantiation,TMPL_REALTIME_STATUS_QUERY_EN_16
PILOT_T2_TR_000108,,SFAM_REALTIME_STATUS_QUERY_016,FAM_REALTIME_STATUS_QUERY_016,PARA_REALTIME_STATUS_QUERY_15_0,T2_MEDIUM_V1,realtime_status_query,REJECT_UNSUPPORTED_REALTIME,Please tell: Where is bus 21G right now and what is its live location? [live F16] #2,en,Latn,CS0,N0,"{""route_number"": ""21G"", ""transport_mode"": ""bus""}","{""route_id"": ""GTFS_ROUTE_8458""}",REQUIRES_REALTIME_DATA,template_instantiation,TMPL_REALTIME_STATUS_QUERY_EN_15
PILOT_T2_TR_000109,,SFAM_ROUTE_STOP_SEQUENCE_009,FAM_ROUTE_STOP_SEQUENCE_009,PARA_ROUTE_STOP_SEQUENCE_8_3,T2_MEDIUM_V1,route_stops,LIST_ROUTE_STOPS,Full stop order details for bus number 29A please provide (F9),hi-en,Latn,CS3,N0,"{""route_number"": ""29A"", ""transport_mode"": ""bus""}","{""route_id"": ""GTFS_ROUTE_18751""}",ANSWERABLE_WITH_PROVISIONAL_DATA,template_instantiation,TMPL_ROUTE_STOP_SEQUENCE_HINGLISH_LATN_8
PILOT_T2_TR_000110,,SFAM_INTERCHANGE_TRANSFER_009,FAM_INTERCHANGE_TRANSFER_009,PARA_INTERCHANGE_TRANSFER_8_3,T2_MEDIUM_V1,interchange_query,GET_INTERCHANGE_DETAILS,"Excuse me, Transfer walking time and directions at Thirumangalam multimodal terminal (F9) #6",hi-en,Latn,CS3,N2,"{""station"": ""Thirumangalam"", ""facility_type"": ""interchange""}","{""station_id"": ""METRO_THIRUMANGALAM""}",ANSWERABLE_AFTER_MANUAL_VERIFICATION,template_instantiation,TMPL_INTERCHANGE_TRANSFER_HINGLISH_LATN_8
PILOT_T2_TR_000111,,SFAM_MULTIMODAL_ROUTE_001,FAM_MULTIMODAL_ROUTE_001,PARA_MULTIMODAL_ROUTE_0_4,T2_MEDIUM_V1,route_query,PLAN_MULTIMODAL_ROUTE,Tambaram से High Court multimodal transit connection kaise le plan F1,hi-en,Deva+Latn,CS4,N0,"{""origin"": ""Tambaram"", ""destination"": ""High Court"", ""transport_mode"": ""multimodal""}","{""origin_id"": ""BUS_5304399879"", ""destination_id"": ""METRO_HIGHCOURT""}",ANSWERABLE_WITH_PROVISIONAL_DATA,template_instantiation,TMPL_MULTIMODAL_ROUTE_MIXED_SCRIPT_CS_0
PILOT_T2_TR_000112,,SFAM_NEAREST_TRANSPORT_004,FAM_NEAREST_TRANSPORT_004,PARA_NEAREST_TRANSPORT_3_4,T2_MEDIUM_V1,nearest_transport,FIND_NEAREST_STATION,Maritime Institute ke pass nearest metro stop connection distance bataye F4,hi-en,Deva+Latn,CS4,N0,"{""landmark"": ""Maritime Institute"", ""transport_mode"": ""metro""}","{""place_id"": ""OSM_POI_314081186""}",ANSWERABLE_NOW,template_instantiation,TMPL_NEAREST_TRANSPORT_MIXED_SCRIPT_CS_3
PILOT_T2_TR_000113,,SFAM_FARE_CALCULATION_012,FAM_FARE_CALCULATION_012,PARA_FARE_CALCULATION_11_2,T2_MEDIUM_V1,fare_query,CALCULATE_FARE,Could you specify thousand lights se kilpauk metro ride ka standard ticket cost kitna hoga? [kiraya F12]? #3,hi,Latn,CS0,N0,"{""origin"": ""thousand lights"", ""destination"": ""kilpauk"", ""transport_mode"": ""metro""}","{""origin_id"": ""METRO_THOUSAND_LIGHTS"", ""destination_id"": ""METRO_KILPAUK""}",ANSWERABLE_NOW,template_instantiation,TMPL_FARE_CALCULATION_HI_LATN_11
PILOT_T2_TR_000114,,SFAM_FARE_CALCULATION_009,FAM_FARE_CALCULATION_009,PARA_FARE_CALCULATION_8_1,T2_MEDIUM_V1,fare_query,CALCULATE_FARE,Please tell: तिरुमंगलम से साइदापेट तक का मेट्रो का टोकन किराया कितना रुपया है? (किराया F9) #2,hi,Deva,CS0,N0,"{""origin"": ""तिरुमंगलम"", ""destination"": ""साइदापेट"", ""fare_type"": ""टोकन"", ""transport_mode"": ""मेट्रो""}","{""origin_id"": ""METRO_THIRUMANGALAM"", ""destination_id"": ""METRO_SAIDAPET""}",ANSWERABLE_NOW,template_instantiation,TMPL_FARE_CALCULATION_HI_DEVA_8
PILOT_T2_TR_000115,,SFAM_FARE_CALCULATION_007,FAM_FARE_CALCULATION_007,PARA_FARE_CALCULATION_6_3,T2_MEDIUM_V1,fare_query,CALCULATE_FARE,Could you specify Calculate fare for travel between Vadapalani and Washermenpet stations (F7)? #3,hi-en,Latn,CS3,N0,"{""origin"": ""Vadapalani"", ""destination"": ""Washermenpet"", ""transport_mode"": ""metro""}","{""origin_id"": ""METRO_VADAPALANI"", ""destination_id"": ""METRO_WASHERMENPET""}",ANSWERABLE_NOW,template_instantiation,TMPL_FARE_CALCULATION_HINGLISH_LATN_6
PILOT_T2_TR_000116,,SFAM_SCHEDULED_DEPARTURE_011,FAM_SCHEDULED_DEPARTURE_011,PARA_SCHEDULED_DEPARTURE_10_0,T2_MEDIUM_V1,service_timing,GET_SCHEDULED_DEPARTURES,Show metro departure timetable at bare 8 o'clock from Egmore [sched F11],en,Latn,CS0,N0,"{""origin"": ""Egmore"", ""time"": ""8 o'clock"", ""temporal_ambiguity"": true, ""dual_candidates"": [""08:00:00"", ""20:00:00""]}","{""origin_id"": ""METRO_EGMORE""}",ANSWERABLE_NOW,template_instantiation,TMPL_SCHEDULED_DEPARTURE_EN_10
PILOT_T2_TR_000117,,SFAM_OUT_OF_SCOPE_001,FAM_OUT_OF_SCOPE_001,PARA_OUT_OF_SCOPE_0_0,T2_MEDIUM_V1,out_of_scope,REJECT_OUT_OF_SCOPE,"Hello assistant, Book a private cab taxi ride from Airport to High Court. [cab F1] #7",en,Latn,CS0,N1,"{""origin"": ""Airport"", ""destination"": ""High Court""}","{""origin_id"": ""METRO_CHENNAI_INTERNATIONAL_AIRPORT"", ""destination_id"": ""METRO_HIGHCOURT""}",OUT_OF_SCOPE,template_instantiation,TMPL_OUT_OF_SCOPE_EN_0
PILOT_T2_TR_000118,,SFAM_POINT_TO_POINT_ROUTE_004,FAM_POINT_TO_POINT_ROUTE_004,PARA_POINT_TO_POINT_ROUTE_3_1,T2_MEDIUM_V1,route_query,PLAN_ROUTE,आलंदूर से एग्मोर मेट्रो से जाने का रास्ता क्या है? (प्रारूप F4),hi,Deva,CS0,N0,"{""origin"": ""आलंदूर"", ""destination"": ""एग्मोर"", ""transport_mode"": ""मेट्रो""}","{""origin_id"": ""METRO_ARIGNAR_ANNA_ALANDUR"", ""destination_id"": ""METRO_EGMORE""}",ANSWERABLE_WITH_PROVISIONAL_DATA,template_instantiation,TMPL_POINT_TO_POINT_ROUTE_HI_DEVA_3
PILOT_T2_TR_000119,,SFAM_INTERCHANGE_TRANSFER_007,FAM_INTERCHANGE_TRANSFER_007,PARA_INTERCHANGE_TRANSFER_6_0,T2_MEDIUM_V1,interchange_query,GET_INTERCHANGE_DETAILS,How do I switch lines to connect towards Washermenpet at Vadapalani interchange? [xfer F7],en,Latn,CS0,N0,"{""station"": ""Vadapalani"", ""destination"": ""Washermenpet"", ""facility_type"": ""interchange""}","{""station_id"": ""METRO_VADAPALANI"", ""destination_id"": ""METRO_WASHERMENPET""}",ANSWERABLE_AFTER_MANUAL_VERIFICATION,template_instantiation,TMPL_INTERCHANGE_TRANSFER_EN_6
PILOT_T2_TR_000120,,SFAM_FARE_CALCULATION_002,FAM_FARE_CALCULATION_002,PARA_FARE_CALCULATION_1_3,T2_MEDIUM_V1,fare_query,CALCULATE_FARE,Quick check: Calculate fare for travel between Chennai Central and Thirumangalam stations (F2) #4,hi-en,Latn,CS3,N2,"{""origin"": ""Chennai Central"", ""destination"": ""Thirumangalam"", ""transport_mode"": ""metro""}","{""origin_id"": ""METRO_PURATCHI_THALAIVAR_DR__M_G_RAMACHANDRAN_CENTRAL"", ""destination_id"": ""METRO_THIRUMANGALAM""}",ANSWERABLE_NOW,template_instantiation,TMPL_FARE_CALCULATION_HINGLISH_LATN_1
PILOT_T2_TR_000121,,SFAM_FARE_CALCULATION_013,FAM_FARE_CALCULATION_013,PARA_FARE_CALCULATION_12_3,T2_MEDIUM_V1,fare_query,CALCULATE_FARE,Please tell: Calculate fare for travel between Wimco Nagar Depot and Pachaiyappa College stations (F13) #2,hi-en,Latn,CS3,N0,"{""origin"": ""Wimco Nagar Depot"", ""destination"": ""Pachaiyappa College"", ""transport_mode"": ""metro""}","{""origin_id"": ""METRO_WIMCO_NAGAR"", ""destination_id"": ""METRO_PACHAIYAPPA_S_COLLEGE""}",ANSWERABLE_NOW,template_instantiation,TMPL_FARE_CALCULATION_HINGLISH_LATN_12
PILOT_T2_TR_000122,,SFAM_MODE_AVAILABILITY_017,FAM_MODE_AVAILABILITY_017,PARA_MODE_AVAILABILITY_16_4,T2_MEDIUM_V1,service_availability,CHECK_SERVICE_AVAILABILITY,Please tell: क्या St. Thomas Mount से Tambaram transport line active hai mode info F17 #2,hi-en,Deva+Latn,CS4,N0,"{""origin"": ""St. Thomas Mount"", ""destination"": ""Tambaram"", ""transport_mode"": ""transport""}","{""origin_id"": ""METRO_ST__THOMAS_MOUNT"", ""destination_id"": ""BUS_5304399879""}",ANSWERABLE_WITH_PROVISIONAL_DATA,template_instantiation,TMPL_MODE_AVAILABILITY_MIXED_SCRIPT_CS_16
PILOT_T2_TR_000123,,SFAM_MULTIMODAL_ROUTE_008,FAM_MULTIMODAL_ROUTE_008,PARA_MULTIMODAL_ROUTE_7_3,T2_MEDIUM_V1,route_query,PLAN_MULTIMODAL_ROUTE,Can you give combined bus and train route from Mylapore to Little Mount (F8)?,hi-en,Latn,CS3,N0,"{""origin"": ""Mylapore"", ""destination"": ""Little Mount"", ""transport_mode"": ""bus and train""}","{""origin_id"": ""BUS_410614381"", ""destination_id"": ""METRO_LITTLE_MOUNT""}",ANSWERABLE_WITH_PROVISIONAL_DATA,template_instantiation,TMPL_MULTIMODAL_ROUTE_HINGLISH_LATN_7
PILOT_T2_TR_000124,,SFAM_STATION_ACCESSIBILITY_017,FAM_STATION_ACCESSIBILITY_017,PARA_STATION_ACCESSIBILITY_16_2,T2_MEDIUM_V1,accessibility,GET_ACCESSIBILITY_INFO,Please tell: kya st thomas mount metro station me wheelchair disabled ke liye wheelchair accessibility hai? [barrier-free F17] #2,hi,Latn,CS0,N1,"{""station"": ""st thomas mount"", ""accessibility_feature"": ""wheelchair"", ""transport_mode"": ""metro""}","{""station_id"": ""METRO_ST__THOMAS_MOUNT""}",ANSWERABLE_NOW,template_instantiation,TMPL_STATION_ACCESSIBILITY_HI_LATN_16
PILOT_T2_TR_000125,,SFAM_ROUTE_STOP_MEMBERSHIP_019,FAM_ROUTE_STOP_MEMBERSHIP_019,PARA_ROUTE_STOP_MEMBERSHIP_18_1,T2_MEDIUM_V1,route_stops,CHECK_STOP_ON_ROUTE,Could you specify क्या बस 570 अडयार स्टॉप पर रुकती है? (जांच F19)? #3,hi,Deva,CS0,N0,"{""route_number"": ""570"", ""stop"": ""अडयार"", ""transport_mode"": ""बस""}","{""route_id"": ""GTFS_ROUTE_17967"", ""stop_id"": ""BUS_2587520213""}",ANSWERABLE_WITH_PROVISIONAL_DATA,template_instantiation,TMPL_ROUTE_STOP_MEMBERSHIP_HI_DEVA_18
PILOT_T2_TR_000126,,SFAM_OUT_OF_SCOPE_008,FAM_OUT_OF_SCOPE_008,PARA_OUT_OF_SCOPE_7_3,T2_MEDIUM_V1,out_of_scope,REJECT_OUT_OF_SCOPE,Please tell: What is the general weather rain forecast in Chennai near Madhuranthagam Hospital today (F8)? #2,hi-en,Latn,CS3,N0,"{""landmark"": ""Madhuranthagam Hospital""}","{""place_id"": ""OSM_POI_7257518777""}",OUT_OF_SCOPE,template_instantiation,TMPL_OUT_OF_SCOPE_HINGLISH_LATN_7
PILOT_T2_TR_000127,,SFAM_FARE_CALCULATION_004,FAM_FARE_CALCULATION_004,PARA_FARE_CALCULATION_3_0,T2_MEDIUM_V1,fare_query,CALCULATE_FARE,Could you specify What is the single-journey ticket fare from Alandur to Egmore on metro? [fare F4]? #3,en,Latn,CS0,N0,"{""origin"": ""Alandur"", ""destination"": ""Egmore"", ""fare_type"": ""token"", ""transport_mode"": ""metro""}","{""origin_id"": ""METRO_ARIGNAR_ANNA_ALANDUR"", ""destination_id"": ""METRO_EGMORE""}",ANSWERABLE_NOW,template_instantiation,TMPL_FARE_CALCULATION_EN_3
PILOT_T2_TR_000128,,SFAM_OUT_OF_SCOPE_017,FAM_OUT_OF_SCOPE_017,PARA_OUT_OF_SCOPE_16_2,T2_MEDIUM_V1,out_of_scope,REJECT_OUT_OF_SCOPE,Could you specify st thomas mount airport terminal ke flight delay timings check kijiye. [bahar F17]? #3,hi,Latn,CS0,N0,"{""station"": ""st thomas mount""}","{""station_id"": ""METRO_ST__THOMAS_MOUNT""}",OUT_OF_SCOPE,template_instantiation,TMPL_OUT_OF_SCOPE_HI_LATN_16
PILOT_T2_TR_000129,,SFAM_ROUTE_STOP_MEMBERSHIP_009,FAM_ROUTE_STOP_MEMBERSHIP_009,PARA_ROUTE_STOP_MEMBERSHIP_8_1,T2_MEDIUM_V1,route_stops,CHECK_STOP_ON_ROUTE,Could you specify क्या बस 29A मदुरंतकम स्टॉप पर रुकती है? (जांच F9)? #3,hi,Deva,CS0,N0,"{""route_number"": ""29A"", ""stop"": ""मदुरंतकम"", ""transport_mode"": ""बस""}","{""route_id"": ""GTFS_ROUTE_18751"", ""stop_id"": ""BUS_5306412986""}",ANSWERABLE_WITH_PROVISIONAL_DATA,template_instantiation,TMPL_ROUTE_STOP_MEMBERSHIP_HI_DEVA_8
PILOT_T2_TR_000130,,SFAM_STATION_ACCESSIBILITY_009,FAM_STATION_ACCESSIBILITY_009,PARA_STATION_ACCESSIBILITY_8_0,T2_MEDIUM_V1,accessibility,GET_ACCESSIBILITY_INFO,Could you specify Are wheelchair ramp provisions available for differently abled passengers at Thirumangalam? [a11y F9]? #3,en,Latn,CS0,N0,"{""station"": ""Thirumangalam"", ""accessibility_feature"": ""wheelchair"", ""transport_mode"": ""metro""}","{""station_id"": ""METRO_THIRUMANGALAM""}",ANSWERABLE_NOW,template_instantiation,TMPL_STATION_ACCESSIBILITY_EN_8
PILOT_T2_TR_000131,,SFAM_INTERCHANGE_TRANSFER_009,FAM_INTERCHANGE_TRANSFER_009,PARA_INTERCHANGE_TRANSFER_8_1,T2_MEDIUM_V1,interchange_query,GET_INTERCHANGE_DETAILS,तिरुमंगलम इंटरचेंज पर दूसरी लाइन में ट्रांसफर करने का मार्ग क्या है? (बदलाव F9),hi,Deva,CS0,N1,"{""station"": ""तिरुमंगलम"", ""facility_type"": ""इंटरचेंज""}","{""station_id"": ""METRO_THIRUMANGALAM""}",ANSWERABLE_AFTER_MANUAL_VERIFICATION,template_instantiation,TMPL_INTERCHANGE_TRANSFER_HI_DEVA_8
PILOT_T2_TR_000132,,SFAM_STATION_ACCESSIBILITY_009,FAM_STATION_ACCESSIBILITY_009,PARA_STATION_ACCESSIBILITY_8_2,T2_MEDIUM_V1,accessibility,GET_ACCESSIBILITY_INFO,kya thirumangalam metro station me wheelchair disabled ke liye wheelchair accessibility hai? [barrier-free F9],hi,Latn,CS0,N0,"{""station"": ""thirumangalam"", ""accessibility_feature"": ""wheelchair"", ""transport_mode"": ""metro""}","{""station_id"": ""METRO_THIRUMANGALAM""}",ANSWERABLE_NOW,template_instantiation,TMPL_STATION_ACCESSIBILITY_HI_LATN_8
PILOT_T2_TR_000133,,SFAM_TICKETING_AND_PASSES_020,FAM_TICKETING_AND_PASSES_020,PARA_TICKETING_AND_PASSES_19_0,T2_MEDIUM_V1,ticketing_rules,GET_TICKETING_POLICY,Transit query: What are the rules and procedure to purchase a Smart Card for commuters? [pass F20] #5,en,Latn,CS0,N0,"{""ticket_type"": ""smart_card"", ""transport_mode"": ""transit""}",{},ANSWERABLE_NOW,template_instantiation,TMPL_TICKETING_AND_PASSES_EN_19
PILOT_T2_TR_000134,,SFAM_SERVICE_FREQUENCY_009,FAM_SERVICE_FREQUENCY_009,PARA_SERVICE_FREQUENCY_8_0,T2_MEDIUM_V1,service_timing,GET_SERVICE_FREQUENCY,How many minutes between trains on the line connecting Thirumangalam and Saidapet? [freq F9],en,Latn,CS0,N0,"{""origin"": ""Thirumangalam"", ""destination"": ""Saidapet"", ""timing_type"": ""frequency"", ""transport_mode"": ""metro""}","{""origin_id"": ""METRO_THIRUMANGALAM"", ""destination_id"": ""METRO_SAIDAPET""}",ANSWERABLE_NOW,template_instantiation,TMPL_SERVICE_FREQUENCY_EN_8
PILOT_T2_TR_000135,,SFAM_REALTIME_STATUS_QUERY_003,FAM_REALTIME_STATUS_QUERY_003,PARA_REALTIME_STATUS_QUERY_2_1,T2_MEDIUM_V1,realtime_status_query,REJECT_UNSUPPORTED_REALTIME,Please tell: क्या गिंडी से आने वाली ट्रेन अभी लेट चल रही है लाइव स्थिति बताएं? (ताज़ा F3) #2,hi,Deva,CS0,N0,"{""origin"": ""गिंडी"", ""transport_mode"": ""ट्रेन""}","{""origin_id"": ""METRO_GUINDY""}",REQUIRES_REALTIME_DATA,template_instantiation,TMPL_REALTIME_STATUS_QUERY_HI_DEVA_2
PILOT_T2_TR_000136,,SFAM_MODE_AVAILABILITY_005,FAM_MODE_AVAILABILITY_005,PARA_MODE_AVAILABILITY_4_0,T2_MEDIUM_V1,service_availability,CHECK_SERVICE_AVAILABILITY,"Excuse me, Are there direct public transport options from CMBT to Besant Nagar? [avail F5] #6",en,Latn,CS0,N0,"{""origin"": ""CMBT"", ""destination"": ""Besant Nagar"", ""transport_mode"": ""any""}","{""origin_id"": ""METRO_PURATCHI_THALAIVI_DR_J_JAYALALITHAA_CMBT"", ""destination_id"": ""BUS_417750654""}",ANSWERABLE_WITH_PROVISIONAL_DATA,template_instantiation,TMPL_MODE_AVAILABILITY_EN_4
PILOT_T2_TR_000137,,SFAM_FARE_CALCULATION_008,FAM_FARE_CALCULATION_008,PARA_FARE_CALCULATION_7_3,T2_MEDIUM_V1,fare_query,CALCULATE_FARE,Calculate fare for travel between High Court and Little Mount stations (F8),hi-en,Latn,CS3,N0,"{""origin"": ""High Court"", ""destination"": ""Little Mount"", ""transport_mode"": ""metro""}","{""origin_id"": ""METRO_HIGHCOURT"", ""destination_id"": ""METRO_LITTLE_MOUNT""}",ANSWERABLE_NOW,template_instantiation,TMPL_FARE_CALCULATION_HINGLISH_LATN_7
PILOT_T2_TR_000138,,SFAM_STATION_ACCESSIBILITY_017,FAM_STATION_ACCESSIBILITY_017,PARA_STATION_ACCESSIBILITY_16_0,T2_MEDIUM_V1,accessibility,GET_ACCESSIBILITY_INFO,Please tell: Are wheelchair ramp provisions available for differently abled passengers at St. Thomas Mount? [a11y F17] #2,en,Latn,CS0,N0,"{""station"": ""St. Thomas Mount"", ""accessibility_feature"": ""wheelchair"", ""transport_mode"": ""metro""}","{""station_id"": ""METRO_ST__THOMAS_MOUNT""}",ANSWERABLE_NOW,template_instantiation,TMPL_STATION_ACCESSIBILITY_EN_16
PILOT_T2_TR_000139,,SFAM_STATION_ACCESSIBILITY_003,FAM_STATION_ACCESSIBILITY_003,PARA_STATION_ACCESSIBILITY_2_4,T2_MEDIUM_V1,accessibility,GET_ACCESSIBILITY_INFO,Could you specify Guindy station par handicapped passengers ke liye tactile floor paths support status F3? #3,hi-en,Deva+Latn,CS4,N1,"{""station"": ""Guindy"", ""accessibility_feature"": ""tactile_path"", ""transport_mode"": ""metro""}","{""station_id"": ""METRO_GUINDY""}",ANSWERABLE_NOW,template_instantiation,TMPL_STATION_ACCESSIBILITY_MIXED_SCRIPT_CS_2
PILOT_T2_TR_000140,,SFAM_REALTIME_STATUS_QUERY_016,FAM_REALTIME_STATUS_QUERY_016,PARA_REALTIME_STATUS_QUERY_15_0,T2_MEDIUM_V1,realtime_status_query,REJECT_UNSUPPORTED_REALTIME,Where is bus 21G right now and what is its live location? [live F16],en,Latn,CS0,N0,"{""route_number"": ""21G"", ""transport_mode"": ""bus""}","{""route_id"": ""GTFS_ROUTE_8458""}",REQUIRES_REALTIME_DATA,template_instantiation,TMPL_REALTIME_STATUS_QUERY_EN_15
PILOT_T2_TR_000141,,SFAM_OUT_OF_SCOPE_010,FAM_OUT_OF_SCOPE_010,PARA_OUT_OF_SCOPE_9_2,T2_MEDIUM_V1,out_of_scope,REJECT_OUT_OF_SCOPE,Could you specify anna nagar tower airport terminal ke flight delay timings check kijiye. [bahar F10]? #3,hi,Latn,CS0,N0,"{""station"": ""anna nagar tower""}","{""station_id"": ""METRO_ANNA_NAGAR_TOWER""}",OUT_OF_SCOPE,template_instantiation,TMPL_OUT_OF_SCOPE_HI_LATN_9
PILOT_T2_TR_000142,,SFAM_REALTIME_STATUS_QUERY_019,FAM_REALTIME_STATUS_QUERY_019,PARA_REALTIME_STATUS_QUERY_18_1,T2_MEDIUM_V1,realtime_status_query,REJECT_UNSUPPORTED_REALTIME,Could you specify क्या किल्पौक से आने वाली ट्रेन अभी लेट चल रही है लाइव स्थिति बताएं? (ताज़ा F19)? #3,hi,Deva,CS0,N0,"{""origin"": ""किल्पौक"", ""transport_mode"": ""ट्रेन""}","{""origin_id"": ""METRO_KILPAUK""}",REQUIRES_REALTIME_DATA,template_instantiation,TMPL_REALTIME_STATUS_QUERY_HI_DEVA_18
PILOT_T2_TR_000143,,SFAM_FARE_CALCULATION_004,FAM_FARE_CALCULATION_004,PARA_FARE_CALCULATION_3_0,T2_MEDIUM_V1,fare_query,CALCULATE_FARE,What is the single-journey ticket fare from Alandur to Egmore on metro? [fare F4],en,Latn,CS0,N0,"{""origin"": ""Alandur"", ""destination"": ""Egmore"", ""fare_type"": ""token"", ""transport_mode"": ""metro""}","{""origin_id"": ""METRO_ARIGNAR_ANNA_ALANDUR"", ""destination_id"": ""METRO_EGMORE""}",ANSWERABLE_NOW,template_instantiation,TMPL_FARE_CALCULATION_EN_3
PILOT_T2_TR_000144,,SFAM_INTERCHANGE_TRANSFER_020,FAM_INTERCHANGE_TRANSFER_020,PARA_INTERCHANGE_TRANSFER_19_0,T2_MEDIUM_V1,interchange_query,GET_INTERCHANGE_DETAILS,"Excuse me, How do I switch lines to connect towards Vadapalani at Pachaiyappa College interchange? [xfer F20] #6",en,Latn,CS0,N0,"{""station"": ""Pachaiyappa College"", ""destination"": ""Vadapalani"", ""facility_type"": ""interchange""}","{""station_id"": ""METRO_PACHAIYAPPA_S_COLLEGE"", ""destination_id"": ""METRO_VADAPALANI""}",ANSWERABLE_AFTER_MANUAL_VERIFICATION,template_instantiation,TMPL_INTERCHANGE_TRANSFER_EN_19
PILOT_T2_TR_000145,,SFAM_FARE_CALCULATION_001,FAM_FARE_CALCULATION_001,PARA_FARE_CALCULATION_0_1,T2_MEDIUM_V1,fare_query,CALCULATE_FARE,Transit query: एयरपोर्ट से हाई कोर्ट तक का मेट्रो का टोकन किराया कितना रुपया है? (किराया F1) #5,hi,Deva,CS0,N0,"{""origin"": ""एयरपोर्ट"", ""destination"": ""हाई कोर्ट"", ""fare_type"": ""टोकन"", ""transport_mode"": ""मेट्रो""}","{""origin_id"": ""METRO_CHENNAI_INTERNATIONAL_AIRPORT"", ""destination_id"": ""METRO_HIGHCOURT""}",ANSWERABLE_NOW,template_instantiation,TMPL_FARE_CALCULATION_HI_DEVA_0
PILOT_T2_TR_000146,,SFAM_INTERCHANGE_TRANSFER_010,FAM_INTERCHANGE_TRANSFER_010,PARA_INTERCHANGE_TRANSFER_9_4,T2_MEDIUM_V1,interchange_query,GET_INTERCHANGE_DETAILS,Could you specify Anna Nagar Tower interchange par line switch connection point details check F10? #3,hi-en,Deva+Latn,CS4,N0,"{""station"": ""Anna Nagar Tower"", ""facility_type"": ""interchange""}","{""station_id"": ""METRO_ANNA_NAGAR_TOWER""}",ANSWERABLE_AFTER_MANUAL_VERIFICATION,template_instantiation,TMPL_INTERCHANGE_TRANSFER_MIXED_SCRIPT_CS_9
PILOT_T2_TR_000147,,SFAM_INTERCHANGE_TRANSFER_007,FAM_INTERCHANGE_TRANSFER_007,PARA_INTERCHANGE_TRANSFER_6_2,T2_MEDIUM_V1,interchange_query,GET_INTERCHANGE_DETAILS,vadapalani hub par metro line change karke washermenpet kaise jaye? [platform F7],hi,Latn,CS0,N0,"{""station"": ""vadapalani"", ""destination"": ""washermenpet"", ""facility_type"": ""interchange""}","{""station_id"": ""METRO_VADAPALANI"", ""destination_id"": ""METRO_WASHERMENPET""}",ANSWERABLE_AFTER_MANUAL_VERIFICATION,template_instantiation,TMPL_INTERCHANGE_TRANSFER_HI_LATN_6
PILOT_T2_TR_000148,,SFAM_INTERCHANGE_TRANSFER_015,FAM_INTERCHANGE_TRANSFER_015,PARA_INTERCHANGE_TRANSFER_14_1,T2_MEDIUM_V1,interchange_query,GET_INTERCHANGE_DETAILS,"Excuse me, लिटिल माउंट इंटरचेंज पर दूसरी लाइन में ट्रांसफर करने का मार्ग क्या है? (बदलाव F15) #6",hi,Deva,CS0,N0,"{""station"": ""लिटिल माउंट"", ""facility_type"": ""इंटरचेंज""}","{""station_id"": ""METRO_LITTLE_MOUNT""}",ANSWERABLE_AFTER_MANUAL_VERIFICATION,template_instantiation,TMPL_INTERCHANGE_TRANSFER_HI_DEVA_14
PILOT_T2_TR_000149,,SFAM_ROUTE_STOP_MEMBERSHIP_013,FAM_ROUTE_STOP_MEMBERSHIP_013,PARA_ROUTE_STOP_MEMBERSHIP_12_3,T2_MEDIUM_V1,route_stops,CHECK_STOP_ON_ROUTE,Verify if Nelvoy bus stop is covered by route 15 CT8 (F13),hi-en,Latn,CS3,N0,"{""route_number"": ""15 CT8"", ""stop"": ""Nelvoy"", ""transport_mode"": ""bus""}","{""route_id"": ""GTFS_ROUTE_20494"", ""stop_id"": ""BUS_469106564""}",ANSWERABLE_WITH_PROVISIONAL_DATA,template_instantiation,TMPL_ROUTE_STOP_MEMBERSHIP_HINGLISH_LATN_12
PILOT_T2_TR_000150,,SFAM_FIRST_AND_LAST_SERVICE_012,FAM_FIRST_AND_LAST_SERVICE_012,PARA_FIRST_AND_LAST_SERVICE_11_1,T2_MEDIUM_V1,service_timing,GET_FIRST_LAST_SERVICE,Please tell: थाउजेंड लाइट्स से किल्पौक के लिए पहली और आखिरी ट्रेन का समय क्या है? (समय F12) #2,hi,Deva,CS0,N0,"{""origin"": ""थाउजेंड लाइट्स"", ""destination"": ""किल्पौक"", ""timing_type"": ""first_last"", ""transport_mode"": ""ट्रेन""}","{""origin_id"": ""METRO_THOUSAND_LIGHTS"", ""destination_id"": ""METRO_KILPAUK""}",ANSWERABLE_NOW,template_instantiation,TMPL_FIRST_AND_LAST_SERVICE_HI_DEVA_11
PILOT_T2_TR_000151,,SFAM_FIRST_AND_LAST_SERVICE_001,FAM_FIRST_AND_LAST_SERVICE_001,PARA_FIRST_AND_LAST_SERVICE_0_3,T2_MEDIUM_V1,service_timing,GET_FIRST_LAST_SERVICE,Could you specify First train and last train operational hours between Airport and High Court (F1)? #3,hi-en,Latn,CS3,N2,"{""origin"": ""Airport"", ""destination"": ""High Court"", ""timing_type"": ""first_last"", ""transport_mode"": ""train""}","{""origin_id"": ""METRO_CHENNAI_INTERNATIONAL_AIRPORT"", ""destination_id"": ""METRO_HIGHCOURT""}",ANSWERABLE_NOW,template_instantiation,TMPL_FIRST_AND_LAST_SERVICE_HINGLISH_LATN_0
PILOT_T2_TR_000152,,SFAM_MODE_AVAILABILITY_017,FAM_MODE_AVAILABILITY_017,PARA_MODE_AVAILABILITY_16_0,T2_MEDIUM_V1,service_availability,CHECK_SERVICE_AVAILABILITY,"Excuse me, Are there direct public transport options from St. Thomas Mount to Tambaram? [avail F17] #6",en,Latn,CS0,N0,"{""origin"": ""St. Thomas Mount"", ""destination"": ""Tambaram"", ""transport_mode"": ""any""}","{""origin_id"": ""METRO_ST__THOMAS_MOUNT"", ""destination_id"": ""BUS_5304399879""}",ANSWERABLE_WITH_PROVISIONAL_DATA,template_instantiation,TMPL_MODE_AVAILABILITY_EN_16
PILOT_T2_TR_000153,,SFAM_OUT_OF_SCOPE_006,FAM_OUT_OF_SCOPE_006,PARA_OUT_OF_SCOPE_5_1,T2_MEDIUM_V1,out_of_scope,REJECT_OUT_OF_SCOPE,Could you specify कोयम्बेडु के निकटतम सबसे अच्छे रेस्टोरेंट और भोजनालय की सूची दें। (बाहर F6)? #3,hi,Deva,CS0,N0,"{""station"": ""कोयम्बेडु""}","{""station_id"": ""METRO_KOYAMBEDU""}",OUT_OF_SCOPE,template_instantiation,TMPL_OUT_OF_SCOPE_HI_DEVA_5
PILOT_T2_TR_000154,,SFAM_TICKETING_AND_PASSES_007,FAM_TICKETING_AND_PASSES_007,PARA_TICKETING_AND_PASSES_6_4,T2_MEDIUM_V1,ticketing_rules,GET_TICKETING_POLICY,Could you specify Commuter Monthly Season Pass ke application aur terms ki complete details F7? #3,hi-en,Deva+Latn,CS4,N0,"{""ticket_type"": ""monthly_pass"", ""transport_mode"": ""transit""}",{},ANSWERABLE_NOW,template_instantiation,TMPL_TICKETING_AND_PASSES_MIXED_SCRIPT_CS_6
PILOT_T2_TR_000155,,SFAM_POINT_TO_POINT_ROUTE_015,FAM_POINT_TO_POINT_ROUTE_015,PARA_POINT_TO_POINT_ROUTE_14_3,T2_MEDIUM_V1,route_query,PLAN_ROUTE,Little Mount to Chennai Central metro ride ka best direct route bataiye (F15),hi-en,Latn,CS3,N0,"{""origin"": ""Little Mount"", ""destination"": ""Chennai Central"", ""transport_mode"": ""metro""}","{""origin_id"": ""METRO_LITTLE_MOUNT"", ""destination_id"": ""METRO_PURATCHI_THALAIVAR_DR__M_G_RAMACHANDRAN_CENTRAL""}",ANSWERABLE_WITH_PROVISIONAL_DATA,template_instantiation,TMPL_POINT_TO_POINT_ROUTE_HINGLISH_LATN_14
PILOT_T2_TR_000156,,SFAM_MODE_AVAILABILITY_005,FAM_MODE_AVAILABILITY_005,PARA_MODE_AVAILABILITY_4_3,T2_MEDIUM_V1,service_availability,CHECK_SERVICE_AVAILABILITY,Please tell: Is public transit operational connecting CMBT and Besant Nagar (F5)? #2,hi-en,Latn,CS3,N0,"{""origin"": ""CMBT"", ""destination"": ""Besant Nagar"", ""transport_mode"": ""public transit""}","{""origin_id"": ""METRO_PURATCHI_THALAIVI_DR_J_JAYALALITHAA_CMBT"", ""destination_id"": ""BUS_417750654""}",ANSWERABLE_WITH_PROVISIONAL_DATA,template_instantiation,TMPL_MODE_AVAILABILITY_HINGLISH_LATN_4
PILOT_T2_TR_000157,,SFAM_REALTIME_STATUS_QUERY_016,FAM_REALTIME_STATUS_QUERY_016,PARA_REALTIME_STATUS_QUERY_15_1,T2_MEDIUM_V1,realtime_status_query,REJECT_UNSUPPORTED_REALTIME,क्या साइदापेट से आने वाली ट्रेन अभी लेट चल रही है लाइव स्थिति बताएं? (ताज़ा F16),hi,Deva,CS0,N1,"{""origin"": ""साइदापेट"", ""transport_mode"": ""ट्रेन""}","{""origin_id"": ""METRO_SAIDAPET""}",REQUIRES_REALTIME_DATA,template_instantiation,TMPL_REALTIME_STATUS_QUERY_HI_DEVA_15
PILOT_T2_TR_000158,,SFAM_INTERCHANGE_TRANSFER_007,FAM_INTERCHANGE_TRANSFER_007,PARA_INTERCHANGE_TRANSFER_6_0,T2_MEDIUM_V1,interchange_query,GET_INTERCHANGE_DETAILS,"Excuse me, How do I switch lines to connect towards Washermenpet at Vadapalani interchange? [xfer F7] #6",en,Latn,CS0,N0,"{""station"": ""Vadapalani"", ""destination"": ""Washermenpet"", ""facility_type"": ""interchange""}","{""station_id"": ""METRO_VADAPALANI"", ""destination_id"": ""METRO_WASHERMENPET""}",ANSWERABLE_AFTER_MANUAL_VERIFICATION,template_instantiation,TMPL_INTERCHANGE_TRANSFER_EN_6
PILOT_T2_TR_000159,,SFAM_ROUTE_STOP_SEQUENCE_004,FAM_ROUTE_STOP_SEQUENCE_004,PARA_ROUTE_STOP_SEQUENCE_3_3,T2_MEDIUM_V1,route_stops,LIST_ROUTE_STOPS,Please tell: Full stop order details for bus number 570 please provide (F4) #2,hi-en,Latn,CS3,N0,"{""route_number"": ""570"", ""transport_mode"": ""bus""}","{""route_id"": ""GTFS_ROUTE_17967""}",ANSWERABLE_WITH_PROVISIONAL_DATA,template_instantiation,TMPL_ROUTE_STOP_SEQUENCE_HINGLISH_LATN_3
PILOT_T2_TR_000160,,SFAM_REALTIME_STATUS_QUERY_019,FAM_REALTIME_STATUS_QUERY_019,PARA_REALTIME_STATUS_QUERY_18_3,T2_MEDIUM_V1,realtime_status_query,REJECT_UNSUPPORTED_REALTIME,Could you specify Live crowd density and train arrival countdown at Kilpauk right now (F19)? #3,hi-en,Latn,CS3,N0,"{""station"": ""Kilpauk"", ""transport_mode"": ""metro""}","{""station_id"": ""METRO_KILPAUK""}",REQUIRES_REALTIME_DATA,template_instantiation,TMPL_REALTIME_STATUS_QUERY_HINGLISH_LATN_18
PILOT_T2_TR_000161,,SFAM_TICKETING_AND_PASSES_015,FAM_TICKETING_AND_PASSES_015,PARA_TICKETING_AND_PASSES_14_2,T2_MEDIUM_V1,ticketing_rules,GET_TICKETING_POLICY,qr ticket recharge karne ka guidelines aur validity rule bataye. [card F15],hi,Latn,CS0,N0,"{""ticket_type"": ""qr_ticket"", ""transport_mode"": ""transit""}",{},ANSWERABLE_NOW,template_instantiation,TMPL_TICKETING_AND_PASSES_HI_LATN_14
PILOT_T2_TR_000162,,SFAM_OUT_OF_SCOPE_008,FAM_OUT_OF_SCOPE_008,PARA_OUT_OF_SCOPE_7_0,T2_MEDIUM_V1,out_of_scope,REJECT_OUT_OF_SCOPE,Book a private cab taxi ride from High Court to Little Mount. [cab F8],en,Latn,CS0,N0,"{""origin"": ""High Court"", ""destination"": ""Little Mount""}","{""origin_id"": ""METRO_HIGHCOURT"", ""destination_id"": ""METRO_LITTLE_MOUNT""}",OUT_OF_SCOPE,template_instantiation,TMPL_OUT_OF_SCOPE_EN_7
PILOT_T2_TR_000163,,SFAM_NEAREST_TRANSPORT_010,FAM_NEAREST_TRANSPORT_010,PARA_NEAREST_TRANSPORT_9_1,T2_MEDIUM_V1,nearest_transport,FIND_NEAREST_STATION,Could you specify पडलम अस्पताल के सबसे निकटतम मेट्रो स्टेशन या बस स्टॉप कौन सा है? (निकट F10)? #3,hi,Deva,CS0,N0,"{""landmark"": ""पडलम अस्पताल"", ""transport_mode"": ""मेट्रो या बस""}","{""place_id"": ""OSM_POI_7257518724""}",ANSWERABLE_NOW,template_instantiation,TMPL_NEAREST_TRANSPORT_HI_DEVA_9
PILOT_T2_TR_000164,,SFAM_POINT_TO_POINT_ROUTE_014,FAM_POINT_TO_POINT_ROUTE_014,PARA_POINT_TO_POINT_ROUTE_13_4,T2_MEDIUM_V1,route_query,PLAN_ROUTE,Washermenpet से Airport direct metro connection bataye route plan F14,hi-en,Deva+Latn,CS4,N0,"{""origin"": ""Washermenpet"", ""destination"": ""Airport"", ""transport_mode"": ""metro""}","{""origin_id"": ""METRO_WASHERMENPET"", ""destination_id"": ""METRO_CHENNAI_INTERNATIONAL_AIRPORT""}",ANSWERABLE_WITH_PROVISIONAL_DATA,template_instantiation,TMPL_POINT_TO_POINT_ROUTE_MIXED_SCRIPT_CS_13
PILOT_T2_TR_000165,,SFAM_FARE_CALCULATION_011,FAM_FARE_CALCULATION_011,PARA_FARE_CALCULATION_10_2,T2_MEDIUM_V1,fare_query,CALCULATE_FARE,Please tell: egmore se nehru park metro ride ka standard ticket cost kitna hoga? [kiraya F11] #2,hi,Latn,CS0,N1,"{""origin"": ""egmore"", ""destination"": ""nehru park"", ""transport_mode"": ""metro""}","{""origin_id"": ""METRO_EGMORE"", ""destination_id"": ""METRO_NEHRU_PARK""}",ANSWERABLE_NOW,template_instantiation,TMPL_FARE_CALCULATION_HI_LATN_10
PILOT_T2_TR_000166,,SFAM_MULTIMODAL_ROUTE_009,FAM_MULTIMODAL_ROUTE_009,PARA_MULTIMODAL_ROUTE_8_1,T2_MEDIUM_V1,route_query,PLAN_MULTIMODAL_ROUTE,Please tell: मदुरंतकम से साइदापेट बस और मेट्रो मिलाकर सबसे तेज़ मार्ग कौन सा है? (योजना F9) #2,hi,Deva,CS0,N0,"{""origin"": ""मदुरंतकम"", ""destination"": ""साइदापेट"", ""transport_mode"": ""बस और मेट्रो""}","{""origin_id"": ""BUS_5306412986"", ""destination_id"": ""METRO_SAIDAPET""}",ANSWERABLE_WITH_PROVISIONAL_DATA,template_instantiation,TMPL_MULTIMODAL_ROUTE_HI_DEVA_8
PILOT_T2_TR_000167,,SFAM_OUT_OF_SCOPE_009,FAM_OUT_OF_SCOPE_009,PARA_OUT_OF_SCOPE_8_2,T2_MEDIUM_V1,out_of_scope,REJECT_OUT_OF_SCOPE,Please tell: thirumangalam airport terminal ke flight delay timings check kijiye. [bahar F9] #2,hi,Latn,CS0,N1,"{""station"": ""thirumangalam""}","{""station_id"": ""METRO_THIRUMANGALAM""}",OUT_OF_SCOPE,template_instantiation,TMPL_OUT_OF_SCOPE_HI_LATN_8
PILOT_T2_TR_000168,,SFAM_FARE_CALCULATION_009,FAM_FARE_CALCULATION_009,PARA_FARE_CALCULATION_8_2,T2_MEDIUM_V1,fare_query,CALCULATE_FARE,Could you specify thirumangalam se saidapet metro ride ka standard ticket cost kitna hoga? [kiraya F9]? #3,hi,Latn,CS0,N0,"{""origin"": ""thirumangalam"", ""destination"": ""saidapet"", ""transport_mode"": ""metro""}","{""origin_id"": ""METRO_THIRUMANGALAM"", ""destination_id"": ""METRO_SAIDAPET""}",ANSWERABLE_NOW,template_instantiation,TMPL_FARE_CALCULATION_HI_LATN_8
PILOT_T2_TR_000169,,SFAM_STATION_ACCESSIBILITY_004,FAM_STATION_ACCESSIBILITY_004,PARA_STATION_ACCESSIBILITY_3_3,T2_MEDIUM_V1,accessibility,GET_ACCESSIBILITY_INFO,Verification of accessible escalator stairs support at Alandur metro (F4),hi-en,Latn,CS3,N0,"{""station"": ""Alandur"", ""accessibility_feature"": ""escalator"", ""transport_mode"": ""metro""}","{""station_id"": ""METRO_ARIGNAR_ANNA_ALANDUR""}",ANSWERABLE_NOW,template_instantiation,TMPL_STATION_ACCESSIBILITY_HINGLISH_LATN_3
PILOT_T2_TR_000170,,SFAM_REALTIME_STATUS_QUERY_008,FAM_REALTIME_STATUS_QUERY_008,PARA_REALTIME_STATUS_QUERY_7_2,T2_MEDIUM_V1,realtime_status_query,REJECT_UNSUPPORTED_REALTIME,Please tell: Bus 47A ka real time current gps location update kahan pahuncha? [track F8] #2,hi,Latn,CS0,N1,"{""route_number"": ""47A"", ""transport_mode"": ""bus""}","{""route_id"": ""GTFS_ROUTE_19412""}",REQUIRES_REALTIME_DATA,template_instantiation,TMPL_REALTIME_STATUS_QUERY_HI_LATN_7
PILOT_T2_TR_000171,,SFAM_POINT_TO_POINT_ROUTE_004,FAM_POINT_TO_POINT_ROUTE_004,PARA_POINT_TO_POINT_ROUTE_3_3,T2_MEDIUM_V1,route_query,PLAN_ROUTE,Could you specify Alandur to Egmore metro ride ka best direct route bataiye (F4)? #3,hi-en,Latn,CS3,N2,"{""origin"": ""Alandur"", ""destination"": ""Egmore"", ""transport_mode"": ""metro""}","{""origin_id"": ""METRO_ARIGNAR_ANNA_ALANDUR"", ""destination_id"": ""METRO_EGMORE""}",ANSWERABLE_WITH_PROVISIONAL_DATA,template_instantiation,TMPL_POINT_TO_POINT_ROUTE_HINGLISH_LATN_3
PILOT_T2_TR_000172,,SFAM_NEAREST_TRANSPORT_003,FAM_NEAREST_TRANSPORT_003,PARA_NEAREST_TRANSPORT_2_2,T2_MEDIUM_V1,nearest_transport,FIND_NEAREST_STATION,Could you specify great lakes institute se closest walking distance metro transit point kaunsa hai? [paas F3]? #3,hi,Latn,CS0,N0,"{""landmark"": ""great lakes institute"", ""transport_mode"": ""metro""}","{""place_id"": ""OSM_POI_577328882""}",ANSWERABLE_NOW,template_instantiation,TMPL_NEAREST_TRANSPORT_HI_LATN_2
PILOT_T2_TR_000173,,SFAM_STATION_FACILITIES_001,FAM_STATION_FACILITIES_001,PARA_STATION_FACILITIES_0_3,T2_MEDIUM_V1,station_facilities,GET_STATION_FACILITY,Could you specify Does Airport station premises include operational car parking (F1)?? #3,hi-en,Latn,CS3,N1,"{""station"": ""Airport"", ""facility_type"": ""parking"", ""transport_mode"": ""metro""}","{""station_id"": ""METRO_CHENNAI_INTERNATIONAL_AIRPORT""}",ANSWERABLE_NOW,template_instantiation,TMPL_STATION_FACILITIES_HINGLISH_LATN_0
PILOT_T2_TR_000174,,SFAM_FIRST_AND_LAST_SERVICE_002,FAM_FIRST_AND_LAST_SERVICE_002,PARA_FIRST_AND_LAST_SERVICE_1_3,T2_MEDIUM_V1,service_timing,GET_FIRST_LAST_SERVICE,First train and last train operational hours between Chennai Central and Thirumangalam (F2),hi-en,Latn,CS3,N0,"{""origin"": ""Chennai Central"", ""destination"": ""Thirumangalam"", ""timing_type"": ""first_last"", ""transport_mode"": ""train""}","{""origin_id"": ""METRO_PURATCHI_THALAIVAR_DR__M_G_RAMACHANDRAN_CENTRAL"", ""destination_id"": ""METRO_THIRUMANGALAM""}",ANSWERABLE_NOW,template_instantiation,TMPL_FIRST_AND_LAST_SERVICE_HINGLISH_LATN_1
PILOT_T2_TR_000175,,SFAM_ROUTE_STOP_SEQUENCE_002,FAM_ROUTE_STOP_SEQUENCE_002,PARA_ROUTE_STOP_SEQUENCE_1_3,T2_MEDIUM_V1,route_stops,LIST_ROUTE_STOPS,Quick check: Full stop order details for bus number 102 please provide (F2) #4,hi-en,Latn,CS3,N1,"{""route_number"": ""102"", ""transport_mode"": ""bus""}","{""route_id"": ""GTFS_ROUTE_16861""}",ANSWERABLE_WITH_PROVISIONAL_DATA,template_instantiation,TMPL_ROUTE_STOP_SEQUENCE_HINGLISH_LATN_1
PILOT_T2_TR_000176,,SFAM_MODE_AVAILABILITY_003,FAM_MODE_AVAILABILITY_003,PARA_MODE_AVAILABILITY_2_1,T2_MEDIUM_V1,service_availability,CHECK_SERVICE_AVAILABILITY,क्या गिंडी से अडयार के लिए कोई सार्वजनिक बस या ट्रेन उपलब्ध है? (उपलब्धता F3),hi,Deva,CS0,N0,"{""origin"": ""गिंडी"", ""destination"": ""अडयार"", ""transport_mode"": ""सार्वजनिक बस या ट्रेन""}","{""origin_id"": ""METRO_GUINDY"", ""destination_id"": ""BUS_2587520213""}",ANSWERABLE_WITH_PROVISIONAL_DATA,template_instantiation,TMPL_MODE_AVAILABILITY_HI_DEVA_2
PILOT_T2_TR_000177,,SFAM_ROUTE_STOP_SEQUENCE_009,FAM_ROUTE_STOP_SEQUENCE_009,PARA_ROUTE_STOP_SEQUENCE_8_1,T2_MEDIUM_V1,route_stops,LIST_ROUTE_STOPS,Could you specify बस रूट 29A के सभी ठहरावों की क्रमबद्ध सूची दिखाएं। (क्रम F9)? #3,hi,Deva,CS0,N0,"{""route_number"": ""29A"", ""transport_mode"": ""बस""}","{""route_id"": ""GTFS_ROUTE_18751""}",ANSWERABLE_WITH_PROVISIONAL_DATA,template_instantiation,TMPL_ROUTE_STOP_SEQUENCE_HI_DEVA_8
PILOT_T2_TR_000178,,SFAM_ROUTE_STOP_SEQUENCE_006,FAM_ROUTE_STOP_SEQUENCE_006,PARA_ROUTE_STOP_SEQUENCE_5_4,T2_MEDIUM_V1,route_stops,LIST_ROUTE_STOPS,Route 29C bus के सभी stops ka sequence display karein data F6,hi-en,Deva+Latn,CS4,N0,"{""route_number"": ""29C"", ""transport_mode"": ""bus""}","{""route_id"": ""GTFS_ROUTE_8631""}",ANSWERABLE_WITH_PROVISIONAL_DATA,template_instantiation,TMPL_ROUTE_STOP_SEQUENCE_MIXED_SCRIPT_CS_5
PILOT_T2_TR_000179,,SFAM_SERVICE_FREQUENCY_016,FAM_SERVICE_FREQUENCY_016,PARA_SERVICE_FREQUENCY_15_2,T2_MEDIUM_V1,service_timing,GET_SERVICE_FREQUENCY,saidapet to guindy metro service ka regular interval headway kya hai? [interval F16],hi,Latn,CS0,N0,"{""origin"": ""saidapet"", ""destination"": ""guindy"", ""timing_type"": ""frequency"", ""transport_mode"": ""metro""}","{""origin_id"": ""METRO_SAIDAPET"", ""destination_id"": ""METRO_GUINDY""}",ANSWERABLE_NOW,template_instantiation,TMPL_SERVICE_FREQUENCY_HI_LATN_15
PILOT_T2_TR_000180,,SFAM_STATION_ACCESSIBILITY_004,FAM_STATION_ACCESSIBILITY_004,PARA_STATION_ACCESSIBILITY_3_0,T2_MEDIUM_V1,accessibility,GET_ACCESSIBILITY_INFO,"Hello assistant, Are escalator stairs provisions available for differently abled passengers at Alandur? [a11y F4] #7",en,Latn,CS0,N1,"{""station"": ""Alandur"", ""accessibility_feature"": ""escalator"", ""transport_mode"": ""metro""}","{""station_id"": ""METRO_ARIGNAR_ANNA_ALANDUR""}",ANSWERABLE_NOW,template_instantiation,TMPL_STATION_ACCESSIBILITY_EN_3
PILOT_T2_TR_000181,,SFAM_FARE_CALCULATION_011,FAM_FARE_CALCULATION_011,PARA_FARE_CALCULATION_10_2,T2_MEDIUM_V1,fare_query,CALCULATE_FARE,Could you specify egmore se nehru park metro ride ka standard ticket cost kitna hoga? [kiraya F11]? #3,hi,Latn,CS0,N0,"{""origin"": ""egmore"", ""destination"": ""nehru park"", ""transport_mode"": ""metro""}","{""origin_id"": ""METRO_EGMORE"", ""destination_id"": ""METRO_NEHRU_PARK""}",ANSWERABLE_NOW,template_instantiation,TMPL_FARE_CALCULATION_HI_LATN_10
PILOT_T2_TR_000182,,SFAM_OUT_OF_SCOPE_008,FAM_OUT_OF_SCOPE_008,PARA_OUT_OF_SCOPE_7_1,T2_MEDIUM_V1,out_of_scope,REJECT_OUT_OF_SCOPE,Transit query: हाई कोर्ट के निकटतम सबसे अच्छे रेस्टोरेंट और भोजनालय की सूची दें। (बाहर F8) #5,hi,Deva,CS0,N2,"{""station"": ""हाई कोर्ट""}","{""station_id"": ""METRO_HIGHCOURT""}",OUT_OF_SCOPE,template_instantiation,TMPL_OUT_OF_SCOPE_HI_DEVA_7
PILOT_T2_TR_000183,,SFAM_STATION_FACILITIES_005,FAM_STATION_FACILITIES_005,PARA_STATION_FACILITIES_4_2,T2_MEDIUM_V1,station_facilities,GET_STATION_FACILITY,Could you specify kya cmbt station par passenger car parking service available hai? [amenity F5]? #3,hi,Latn,CS0,N0,"{""station"": ""cmbt"", ""facility_type"": ""parking"", ""transport_mode"": ""metro""}","{""station_id"": ""METRO_PURATCHI_THALAIVI_DR_J_JAYALALITHAA_CMBT""}",ANSWERABLE_NOW,template_instantiation,TMPL_STATION_FACILITIES_HI_LATN_4
PILOT_T2_TR_000184,,SFAM_ROUTE_STOP_SEQUENCE_014,FAM_ROUTE_STOP_SEQUENCE_014,PARA_ROUTE_STOP_SEQUENCE_13_4,T2_MEDIUM_V1,route_stops,LIST_ROUTE_STOPS,Route Blue Line bus के सभी stops ka sequence display karein data F14,hi-en,Deva+Latn,CS4,N0,"{""route_number"": ""Blue Line"", ""transport_mode"": ""bus""}","{""route_id"": ""CMRL_BLUE_CORRIDOR_1""}",ANSWERABLE_WITH_PROVISIONAL_DATA,template_instantiation,TMPL_ROUTE_STOP_SEQUENCE_MIXED_SCRIPT_CS_13
PILOT_T2_TR_000185,,SFAM_SERVICE_FREQUENCY_008,FAM_SERVICE_FREQUENCY_008,PARA_SERVICE_FREQUENCY_7_3,T2_MEDIUM_V1,service_timing,GET_SERVICE_FREQUENCY,Please tell: Peak hour frequency and normal headway between High Court and Little Mount (F8) #2,hi-en,Latn,CS3,N1,"{""origin"": ""High Court"", ""destination"": ""Little Mount"", ""timing_type"": ""frequency"", ""transport_mode"": ""metro""}","{""origin_id"": ""METRO_HIGHCOURT"", ""destination_id"": ""METRO_LITTLE_MOUNT""}",ANSWERABLE_NOW,template_instantiation,TMPL_SERVICE_FREQUENCY_HINGLISH_LATN_7
PILOT_T2_TR_000186,,SFAM_OUT_OF_SCOPE_018,FAM_OUT_OF_SCOPE_018,PARA_OUT_OF_SCOPE_17_4,T2_MEDIUM_V1,out_of_scope,REJECT_OUT_OF_SCOPE,Nehru Park ke pass hotel reservation aur movie ticket booking service F18,hi-en,Deva+Latn,CS4,N2,"{""station"": ""Nehru Park""}","{""station_id"": ""METRO_NEHRU_PARK""}",OUT_OF_SCOPE,template_instantiation,TMPL_OUT_OF_SCOPE_MIXED_SCRIPT_CS_17
PILOT_T2_TR_000187,,SFAM_FARE_CALCULATION_012,FAM_FARE_CALCULATION_012,PARA_FARE_CALCULATION_11_1,T2_MEDIUM_V1,fare_query,CALCULATE_FARE,"Excuse me, थाउजेंड लाइट्स से किल्पौक तक का मेट्रो का टोकन किराया कितना रुपया है? (किराया F12) #6",hi,Deva,CS0,N0,"{""origin"": ""थाउजेंड लाइट्स"", ""destination"": ""किल्पौक"", ""fare_type"": ""टोकन"", ""transport_mode"": ""मेट्रो""}","{""origin_id"": ""METRO_THOUSAND_LIGHTS"", ""destination_id"": ""METRO_KILPAUK""}",ANSWERABLE_NOW,template_instantiation,TMPL_FARE_CALCULATION_HI_DEVA_11
PILOT_T2_TR_000188,,SFAM_TICKETING_AND_PASSES_011,FAM_TICKETING_AND_PASSES_011,PARA_TICKETING_AND_PASSES_10_4,T2_MEDIUM_V1,ticketing_rules,GET_TICKETING_POLICY,Commuter Student Concession Card ke application aur terms ki complete details F11,hi-en,Deva+Latn,CS4,N0,"{""ticket_type"": ""student_pass"", ""transport_mode"": ""transit""}",{},ANSWERABLE_NOW,template_instantiation,TMPL_TICKETING_AND_PASSES_MIXED_SCRIPT_CS_10
PILOT_T2_TR_000189,,SFAM_INTERCHANGE_TRANSFER_003,FAM_INTERCHANGE_TRANSFER_003,PARA_INTERCHANGE_TRANSFER_2_1,T2_MEDIUM_V1,interchange_query,GET_INTERCHANGE_DETAILS,"Hello assistant, गिंडी इंटरचेंज पर दूसरी लाइन में ट्रांसफर करने का मार्ग क्या है? (बदलाव F3) #7",hi,Deva,CS0,N1,"{""station"": ""गिंडी"", ""facility_type"": ""इंटरचेंज""}","{""station_id"": ""METRO_GUINDY""}",ANSWERABLE_AFTER_MANUAL_VERIFICATION,template_instantiation,TMPL_INTERCHANGE_TRANSFER_HI_DEVA_2
PILOT_T2_TR_000190,,SFAM_OUT_OF_SCOPE_011,FAM_OUT_OF_SCOPE_011,PARA_OUT_OF_SCOPE_10_2,T2_MEDIUM_V1,out_of_scope,REJECT_OUT_OF_SCOPE,Please tell: egmore airport terminal ke flight delay timings check kijiye. [bahar F11] #2,hi,Latn,CS0,N1,"{""station"": ""egmore""}","{""station_id"": ""METRO_EGMORE""}",OUT_OF_SCOPE,template_instantiation,TMPL_OUT_OF_SCOPE_HI_LATN_10
PILOT_T2_TR_000191,,SFAM_MULTIMODAL_ROUTE_001,FAM_MULTIMODAL_ROUTE_001,PARA_MULTIMODAL_ROUTE_0_3,T2_MEDIUM_V1,route_query,PLAN_MULTIMODAL_ROUTE,Quick check: Can you give combined bus and train route from Tambaram to High Court (F1)? #4,hi-en,Latn,CS3,N1,"{""origin"": ""Tambaram"", ""destination"": ""High Court"", ""transport_mode"": ""bus and train""}","{""origin_id"": ""BUS_5304399879"", ""destination_id"": ""METRO_HIGHCOURT""}",ANSWERABLE_WITH_PROVISIONAL_DATA,template_instantiation,TMPL_MULTIMODAL_ROUTE_HINGLISH_LATN_0
PILOT_T2_TR_000192,,SFAM_MULTIMODAL_ROUTE_014,FAM_MULTIMODAL_ROUTE_014,PARA_MULTIMODAL_ROUTE_13_3,T2_MEDIUM_V1,route_query,PLAN_MULTIMODAL_ROUTE,Please tell: Can you give combined bus and train route from Uttiramerur to Airport (F14)? #2,hi-en,Latn,CS3,N0,"{""origin"": ""Uttiramerur"", ""destination"": ""Airport"", ""transport_mode"": ""bus and train""}","{""origin_id"": ""BUS_4987577873"", ""destination_id"": ""METRO_CHENNAI_INTERNATIONAL_AIRPORT""}",ANSWERABLE_WITH_PROVISIONAL_DATA,template_instantiation,TMPL_MULTIMODAL_ROUTE_HINGLISH_LATN_13
PILOT_T2_TR_000193,,SFAM_STATION_FACILITIES_018,FAM_STATION_FACILITIES_018,PARA_STATION_FACILITIES_17_3,T2_MEDIUM_V1,station_facilities,GET_STATION_FACILITY,"Excuse me, Does Nehru Park station premises include operational two-wheeler bike parking (F18)? #6",hi-en,Latn,CS3,N1,"{""station"": ""Nehru Park"", ""facility_type"": ""two_wheeler_parking"", ""transport_mode"": ""metro""}","{""station_id"": ""METRO_NEHRU_PARK""}",ANSWERABLE_NOW,template_instantiation,TMPL_STATION_FACILITIES_HINGLISH_LATN_17
PILOT_T2_TR_000194,,SFAM_INTERCHANGE_TRANSFER_009,FAM_INTERCHANGE_TRANSFER_009,PARA_INTERCHANGE_TRANSFER_8_2,T2_MEDIUM_V1,interchange_query,GET_INTERCHANGE_DETAILS,thirumangalam hub par metro line change karke saidapet kaise jaye? [platform F9],hi,Latn,CS0,N0,"{""station"": ""thirumangalam"", ""destination"": ""saidapet"", ""facility_type"": ""interchange""}","{""station_id"": ""METRO_THIRUMANGALAM"", ""destination_id"": ""METRO_SAIDAPET""}",ANSWERABLE_AFTER_MANUAL_VERIFICATION,template_instantiation,TMPL_INTERCHANGE_TRANSFER_HI_LATN_8
PILOT_T2_TR_000195,,SFAM_INTERCHANGE_TRANSFER_003,FAM_INTERCHANGE_TRANSFER_003,PARA_INTERCHANGE_TRANSFER_2_3,T2_MEDIUM_V1,interchange_query,GET_INTERCHANGE_DETAILS,Could you specify Transfer walking time and directions at Guindy multimodal terminal (F3)? #3,hi-en,Latn,CS3,N1,"{""station"": ""Guindy"", ""facility_type"": ""interchange""}","{""station_id"": ""METRO_GUINDY""}",ANSWERABLE_AFTER_MANUAL_VERIFICATION,template_instantiation,TMPL_INTERCHANGE_TRANSFER_HINGLISH_LATN_2
PILOT_T2_TR_000196,,SFAM_STATION_FACILITIES_017,FAM_STATION_FACILITIES_017,PARA_STATION_FACILITIES_16_1,T2_MEDIUM_V1,station_facilities,GET_STATION_FACILITY,"Excuse me, क्या सेंट थॉमस माउंट मेट्रो स्टेशन पर कार पार्किंग की व्यवस्था उपलब्ध है? (सुविधा F17) #6",hi,Deva,CS0,N0,"{""station"": ""सेंट थॉमस माउंट"", ""facility_type"": ""parking"", ""transport_mode"": ""मेट्रो""}","{""station_id"": ""METRO_ST__THOMAS_MOUNT""}",ANSWERABLE_NOW,template_instantiation,TMPL_STATION_FACILITIES_HI_DEVA_16
PILOT_T2_TR_000197,,SFAM_FARE_CALCULATION_009,FAM_FARE_CALCULATION_009,PARA_FARE_CALCULATION_8_1,T2_MEDIUM_V1,fare_query,CALCULATE_FARE,तिरुमंगलम से साइदापेट तक का मेट्रो का टोकन किराया कितना रुपया है? (किराया F9),hi,Deva,CS0,N1,"{""origin"": ""तिरुमंगलम"", ""destination"": ""साइदापेट"", ""fare_type"": ""टोकन"", ""transport_mode"": ""मेट्रो""}","{""origin_id"": ""METRO_THIRUMANGALAM"", ""destination_id"": ""METRO_SAIDAPET""}",ANSWERABLE_NOW,template_instantiation,TMPL_FARE_CALCULATION_HI_DEVA_8
PILOT_T2_TR_000198,,SFAM_MODE_AVAILABILITY_013,FAM_MODE_AVAILABILITY_013,PARA_MODE_AVAILABILITY_12_3,T2_MEDIUM_V1,service_availability,CHECK_SERVICE_AVAILABILITY,Quick check: Is public transit operational connecting Wimco Nagar Depot and Nelvoy (F13)? #4,hi-en,Latn,CS3,N0,"{""origin"": ""Wimco Nagar Depot"", ""destination"": ""Nelvoy"", ""transport_mode"": ""public transit""}","{""origin_id"": ""METRO_WIMCO_NAGAR"", ""destination_id"": ""BUS_469106564""}",ANSWERABLE_WITH_PROVISIONAL_DATA,template_instantiation,TMPL_MODE_AVAILABILITY_HINGLISH_LATN_12
PILOT_T2_TR_000199,,SFAM_MODE_AVAILABILITY_004,FAM_MODE_AVAILABILITY_004,PARA_MODE_AVAILABILITY_3_3,T2_MEDIUM_V1,service_availability,CHECK_SERVICE_AVAILABILITY,Is public transit operational connecting Alandur and Velachery (F4)?,hi-en,Latn,CS3,N0,"{""origin"": ""Alandur"", ""destination"": ""Velachery"", ""transport_mode"": ""public transit""}","{""origin_id"": ""METRO_ARIGNAR_ANNA_ALANDUR"", ""destination_id"": ""BUS_1764308008""}",ANSWERABLE_WITH_PROVISIONAL_DATA,template_instantiation,TMPL_MODE_AVAILABILITY_HINGLISH_LATN_3
PILOT_T2_TR_000200,,SFAM_FARE_CALCULATION_002,FAM_FARE_CALCULATION_002,PARA_FARE_CALCULATION_1_0,T2_MEDIUM_V1,fare_query,CALCULATE_FARE,Quick check: What is the single-journey ticket fare from Chennai Central to Thirumangalam on metro? [fare F2] #4,en,Latn,CS0,N0,"{""origin"": ""Chennai Central"", ""destination"": ""Thirumangalam"", ""fare_type"": ""token"", ""transport_mode"": ""metro""}","{""origin_id"": ""METRO_PURATCHI_THALAIVAR_DR__M_G_RAMACHANDRAN_CENTRAL"", ""destination_id"": ""METRO_THIRUMANGALAM""}",ANSWERABLE_NOW,template_instantiation,TMPL_FARE_CALCULATION_EN_1
PILOT_T2_TR_000201,,SFAM_POINT_TO_POINT_ROUTE_006,FAM_POINT_TO_POINT_ROUTE_006,PARA_POINT_TO_POINT_ROUTE_5_3,T2_MEDIUM_V1,route_query,PLAN_ROUTE,Could you specify Koyambedu to Wimco Nagar Depot metro ride ka best direct route bataiye (F6)? #3,hi-en,Latn,CS3,N2,"{""origin"": ""Koyambedu"", ""destination"": ""Wimco Nagar Depot"", ""transport_mode"": ""metro""}","{""origin_id"": ""METRO_KOYAMBEDU"", ""destination_id"": ""METRO_WIMCO_NAGAR""}",ANSWERABLE_WITH_PROVISIONAL_DATA,template_instantiation,TMPL_POINT_TO_POINT_ROUTE_HINGLISH_LATN_5
PILOT_T2_TR_000202,,SFAM_TICKETING_AND_PASSES_020,FAM_TICKETING_AND_PASSES_020,PARA_TICKETING_AND_PASSES_19_3,T2_MEDIUM_V1,ticketing_rules,GET_TICKETING_POLICY,Please tell: How can regular passengers apply for and renew Smart Card (F20)? #2,hi-en,Latn,CS3,N0,"{""ticket_type"": ""smart_card"", ""transport_mode"": ""transit""}",{},ANSWERABLE_NOW,template_instantiation,TMPL_TICKETING_AND_PASSES_HINGLISH_LATN_19
PILOT_T2_TR_000203,,SFAM_SERVICE_FREQUENCY_014,FAM_SERVICE_FREQUENCY_014,PARA_SERVICE_FREQUENCY_13_3,T2_MEDIUM_V1,service_timing,GET_SERVICE_FREQUENCY,Peak hour frequency and normal headway between Washermenpet and Airport (F14),hi-en,Latn,CS3,N0,"{""origin"": ""Washermenpet"", ""destination"": ""Airport"", ""timing_type"": ""frequency"", ""transport_mode"": ""metro""}","{""origin_id"": ""METRO_WASHERMENPET"", ""destination_id"": ""METRO_CHENNAI_INTERNATIONAL_AIRPORT""}",ANSWERABLE_NOW,template_instantiation,TMPL_SERVICE_FREQUENCY_HINGLISH_LATN_13
PILOT_T2_TR_000204,,SFAM_STATION_ACCESSIBILITY_020,FAM_STATION_ACCESSIBILITY_020,PARA_STATION_ACCESSIBILITY_19_0,T2_MEDIUM_V1,accessibility,GET_ACCESSIBILITY_INFO,Please tell: Are escalator stairs provisions available for differently abled passengers at Pachaiyappa College? [a11y F20] #2,en,Latn,CS0,N0,"{""station"": ""Pachaiyappa College"", ""accessibility_feature"": ""escalator"", ""transport_mode"": ""metro""}","{""station_id"": ""METRO_PACHAIYAPPA_S_COLLEGE""}",ANSWERABLE_NOW,template_instantiation,TMPL_STATION_ACCESSIBILITY_EN_19
PILOT_T2_TR_000205,,SFAM_STATION_ACCESSIBILITY_005,FAM_STATION_ACCESSIBILITY_005,PARA_STATION_ACCESSIBILITY_4_1,T2_MEDIUM_V1,accessibility,GET_ACCESSIBILITY_INFO,Quick check: क्या सीएमबीटी स्टेशन पर दिव्यांग यात्रियों के लिए व्हीलचेयर रैंप उपलब्ध है? (सुलभता F5) #4,hi,Deva,CS0,N2,"{""station"": ""सीएमबीटी"", ""accessibility_feature"": ""wheelchair"", ""transport_mode"": ""मेट्रो""}","{""station_id"": ""METRO_PURATCHI_THALAIVI_DR_J_JAYALALITHAA_CMBT""}",ANSWERABLE_NOW,template_instantiation,TMPL_STATION_ACCESSIBILITY_HI_DEVA_4
PILOT_T2_TR_000206,,SFAM_INTERCHANGE_TRANSFER_007,FAM_INTERCHANGE_TRANSFER_007,PARA_INTERCHANGE_TRANSFER_6_3,T2_MEDIUM_V1,interchange_query,GET_INTERCHANGE_DETAILS,"Excuse me, Transfer walking time and directions at Vadapalani multimodal terminal (F7) #6",hi-en,Latn,CS3,N2,"{""station"": ""Vadapalani"", ""facility_type"": ""interchange""}","{""station_id"": ""METRO_VADAPALANI""}",ANSWERABLE_AFTER_MANUAL_VERIFICATION,template_instantiation,TMPL_INTERCHANGE_TRANSFER_HINGLISH_LATN_6
PILOT_T2_TR_000207,,SFAM_STATION_FACILITIES_001,FAM_STATION_FACILITIES_001,PARA_STATION_FACILITIES_0_3,T2_MEDIUM_V1,station_facilities,GET_STATION_FACILITY,"Hello assistant, Does Airport station premises include operational car parking (F1)? #7",hi-en,Latn,CS3,N0,"{""station"": ""Airport"", ""facility_type"": ""parking"", ""transport_mode"": ""metro""}","{""station_id"": ""METRO_CHENNAI_INTERNATIONAL_AIRPORT""}",ANSWERABLE_NOW,template_instantiation,TMPL_STATION_FACILITIES_HINGLISH_LATN_0
PILOT_T2_TR_000208,,SFAM_FARE_CALCULATION_004,FAM_FARE_CALCULATION_004,PARA_FARE_CALCULATION_3_2,T2_MEDIUM_V1,fare_query,CALCULATE_FARE,Quick check: alandur se egmore metro ride ka standard ticket cost kitna hoga? [kiraya F4] #4,hi,Latn,CS0,N0,"{""origin"": ""alandur"", ""destination"": ""egmore"", ""transport_mode"": ""metro""}","{""origin_id"": ""METRO_ARIGNAR_ANNA_ALANDUR"", ""destination_id"": ""METRO_EGMORE""}",ANSWERABLE_NOW,template_instantiation,TMPL_FARE_CALCULATION_HI_LATN_3
PILOT_T2_TR_000209,,SFAM_STATION_FACILITIES_015,FAM_STATION_FACILITIES_015,PARA_STATION_FACILITIES_14_3,T2_MEDIUM_V1,station_facilities,GET_STATION_FACILITY,"Excuse me, Does Little Mount station premises include operational EV vehicle charging (F15)? #6",hi-en,Latn,CS3,N2,"{""station"": ""Little Mount"", ""facility_type"": ""ev_charging"", ""transport_mode"": ""metro""}","{""station_id"": ""METRO_LITTLE_MOUNT""}",ANSWERABLE_NOW,template_instantiation,TMPL_STATION_FACILITIES_HINGLISH_LATN_14
PILOT_T2_TR_000210,,SFAM_ROUTE_STOP_MEMBERSHIP_016,FAM_ROUTE_STOP_MEMBERSHIP_016,PARA_ROUTE_STOP_MEMBERSHIP_15_0,T2_MEDIUM_V1,route_stops,CHECK_STOP_ON_ROUTE,Could you specify Does bus route 21G make a scheduled halt at Pudupattinam? [chk F16]? #3,en,Latn,CS0,N0,"{""route_number"": ""21G"", ""stop"": ""Pudupattinam"", ""transport_mode"": ""bus""}","{""route_id"": ""GTFS_ROUTE_8458"", ""stop_id"": ""BUS_3616510666""}",ANSWERABLE_WITH_PROVISIONAL_DATA,template_instantiation,TMPL_ROUTE_STOP_MEMBERSHIP_EN_15
PILOT_T2_TR_000211,,SFAM_STATION_ACCESSIBILITY_008,FAM_STATION_ACCESSIBILITY_008,PARA_STATION_ACCESSIBILITY_7_1,T2_MEDIUM_V1,accessibility,GET_ACCESSIBILITY_INFO,"Excuse me, क्या हाई कोर्ट स्टेशन पर दिव्यांग यात्रियों के लिए एस्केलेटर उपलब्ध है? (सुलभता F8) #6",hi,Deva,CS0,N0,"{""station"": ""हाई कोर्ट"", ""accessibility_feature"": ""escalator"", ""transport_mode"": ""मेट्रो""}","{""station_id"": ""METRO_HIGHCOURT""}",ANSWERABLE_NOW,template_instantiation,TMPL_STATION_ACCESSIBILITY_HI_DEVA_7
PILOT_T2_TR_000212,,SFAM_STATION_ACCESSIBILITY_011,FAM_STATION_ACCESSIBILITY_011,PARA_STATION_ACCESSIBILITY_10_1,T2_MEDIUM_V1,accessibility,GET_ACCESSIBILITY_INFO,Could you specify क्या एग्मोर स्टेशन पर दिव्यांग यात्रियों के लिए टैक्टाइल पाथ उपलब्ध है? (सुलभता F11)? #3,hi,Deva,CS0,N0,"{""station"": ""एग्मोर"", ""accessibility_feature"": ""tactile_path"", ""transport_mode"": ""मेट्रो""}","{""station_id"": ""METRO_EGMORE""}",ANSWERABLE_NOW,template_instantiation,TMPL_STATION_ACCESSIBILITY_HI_DEVA_10
PILOT_T2_TR_000213,,SFAM_REALTIME_STATUS_QUERY_020,FAM_REALTIME_STATUS_QUERY_020,PARA_REALTIME_STATUS_QUERY_19_3,T2_MEDIUM_V1,realtime_status_query,REJECT_UNSUPPORTED_REALTIME,Transit query: Live crowd density and train arrival countdown at Pachaiyappa College right now (F20) #5,hi-en,Latn,CS3,N0,"{""station"": ""Pachaiyappa College"", ""transport_mode"": ""metro""}","{""station_id"": ""METRO_PACHAIYAPPA_S_COLLEGE""}",REQUIRES_REALTIME_DATA,template_instantiation,TMPL_REALTIME_STATUS_QUERY_HINGLISH_LATN_19
PILOT_T2_TR_000214,,SFAM_REALTIME_STATUS_QUERY_009,FAM_REALTIME_STATUS_QUERY_009,PARA_REALTIME_STATUS_QUERY_8_2,T2_MEDIUM_V1,realtime_status_query,REJECT_UNSUPPORTED_REALTIME,Please tell: Bus 29A ka real time current gps location update kahan pahuncha? [track F9] #2,hi,Latn,CS0,N1,"{""route_number"": ""29A"", ""transport_mode"": ""bus""}","{""route_id"": ""GTFS_ROUTE_18751""}",REQUIRES_REALTIME_DATA,template_instantiation,TMPL_REALTIME_STATUS_QUERY_HI_LATN_8
PILOT_T2_TR_000215,,SFAM_ROUTE_STOP_SEQUENCE_010,FAM_ROUTE_STOP_SEQUENCE_010,PARA_ROUTE_STOP_SEQUENCE_9_1,T2_MEDIUM_V1,route_stops,LIST_ROUTE_STOPS,Please tell: बस रूट 12G के सभी ठहरावों की क्रमबद्ध सूची दिखाएं। (क्रम F10) #2,hi,Deva,CS0,N0,"{""route_number"": ""12G"", ""transport_mode"": ""बस""}","{""route_id"": ""GTFS_ROUTE_18750""}",ANSWERABLE_WITH_PROVISIONAL_DATA,template_instantiation,TMPL_ROUTE_STOP_SEQUENCE_HI_DEVA_9
PILOT_T2_TR_000216,,SFAM_TICKETING_AND_PASSES_018,FAM_TICKETING_AND_PASSES_018,PARA_TICKETING_AND_PASSES_17_1,T2_MEDIUM_V1,ticketing_rules,GET_TICKETING_POLICY,Could you specify यात्रियों के लिए एनसीएमसी कार्ड प्राप्त करने के नियम और प्रक्रिया क्या हैं? (पास F18)? #3,hi,Deva,CS0,N0,"{""ticket_type"": ""ncmc_card"", ""transport_mode"": ""पारगमन""}",{},ANSWERABLE_NOW,template_instantiation,TMPL_TICKETING_AND_PASSES_HI_DEVA_17
PILOT_T2_TR_000217,,SFAM_NEAREST_TRANSPORT_003,FAM_NEAREST_TRANSPORT_003,PARA_NEAREST_TRANSPORT_2_1,T2_MEDIUM_V1,nearest_transport,FIND_NEAREST_STATION,Please tell: ग्रेट लेक्स संस्थान के सबसे निकटतम मेट्रो स्टेशन या बस स्टॉप कौन सा है? (निकट F3) #2,hi,Deva,CS0,N0,"{""landmark"": ""ग्रेट लेक्स संस्थान"", ""transport_mode"": ""मेट्रो या बस""}","{""place_id"": ""OSM_POI_577328882""}",ANSWERABLE_NOW,template_instantiation,TMPL_NEAREST_TRANSPORT_HI_DEVA_2
PILOT_T2_TR_000218,,SFAM_TICKETING_AND_PASSES_020,FAM_TICKETING_AND_PASSES_020,PARA_TICKETING_AND_PASSES_19_1,T2_MEDIUM_V1,ticketing_rules,GET_TICKETING_POLICY,Transit query: यात्रियों के लिए स्मार्ट कार्ड प्राप्त करने के नियम और प्रक्रिया क्या हैं? (पास F20) #5,hi,Deva,CS0,N2,"{""ticket_type"": ""smart_card"", ""transport_mode"": ""पारगमन""}",{},ANSWERABLE_NOW,template_instantiation,TMPL_TICKETING_AND_PASSES_HI_DEVA_19
PILOT_T2_TR_000219,,SFAM_OUT_OF_SCOPE_003,FAM_OUT_OF_SCOPE_003,PARA_OUT_OF_SCOPE_2_3,T2_MEDIUM_V1,out_of_scope,REJECT_OUT_OF_SCOPE,Please tell: What is the general weather rain forecast in Chennai near Great Lakes Institute today (F3)? #2,hi-en,Latn,CS3,N0,"{""landmark"": ""Great Lakes Institute""}","{""place_id"": ""OSM_POI_577328882""}",OUT_OF_SCOPE,template_instantiation,TMPL_OUT_OF_SCOPE_HINGLISH_LATN_2
PILOT_T2_TR_000220,,SFAM_OUT_OF_SCOPE_018,FAM_OUT_OF_SCOPE_018,PARA_OUT_OF_SCOPE_17_2,T2_MEDIUM_V1,out_of_scope,REJECT_OUT_OF_SCOPE,nehru park airport terminal ke flight delay timings check kijiye. [bahar F18],hi,Latn,CS0,N0,"{""station"": ""nehru park""}","{""station_id"": ""METRO_NEHRU_PARK""}",OUT_OF_SCOPE,template_instantiation,TMPL_OUT_OF_SCOPE_HI_LATN_17
PILOT_T2_TR_000221,,SFAM_FIRST_AND_LAST_SERVICE_002,FAM_FIRST_AND_LAST_SERVICE_002,PARA_FIRST_AND_LAST_SERVICE_1_1,T2_MEDIUM_V1,service_timing,GET_FIRST_LAST_SERVICE,Could you specify चेन्नई सेंट्रल से तिरुमंगलम के लिए पहली और आखिरी ट्रेन का समय क्या है? (समय F2)? #3,hi,Deva,CS0,N0,"{""origin"": ""चेन्नई सेंट्रल"", ""destination"": ""तिरुमंगलम"", ""timing_type"": ""first_last"", ""transport_mode"": ""ट्रेन""}","{""origin_id"": ""METRO_PURATCHI_THALAIVAR_DR__M_G_RAMACHANDRAN_CENTRAL"", ""destination_id"": ""METRO_THIRUMANGALAM""}",ANSWERABLE_NOW,template_instantiation,TMPL_FIRST_AND_LAST_SERVICE_HI_DEVA_1
PILOT_T2_TR_000222,,SFAM_INTERCHANGE_TRANSFER_014,FAM_INTERCHANGE_TRANSFER_014,PARA_INTERCHANGE_TRANSFER_13_1,T2_MEDIUM_V1,interchange_query,GET_INTERCHANGE_DETAILS,Transit query: वॉशरमैनपेट इंटरचेंज पर दूसरी लाइन में ट्रांसफर करने का मार्ग क्या है? (बदलाव F14) #5,hi,Deva,CS0,N2,"{""station"": ""वॉशरमैनपेट"", ""facility_type"": ""इंटरचेंज""}","{""station_id"": ""METRO_WASHERMENPET""}",ANSWERABLE_AFTER_MANUAL_VERIFICATION,template_instantiation,TMPL_INTERCHANGE_TRANSFER_HI_DEVA_13
PILOT_T2_TR_000223,,SFAM_POINT_TO_POINT_ROUTE_017,FAM_POINT_TO_POINT_ROUTE_017,PARA_POINT_TO_POINT_ROUTE_16_1,T2_MEDIUM_V1,route_query,PLAN_ROUTE,Please tell: सेंट थॉमस माउंट से आलंदूर मेट्रो से जाने का रास्ता क्या है? (प्रारूप F17) #2,hi,Deva,CS0,N0,"{""origin"": ""सेंट थॉमस माउंट"", ""destination"": ""आलंदूर"", ""transport_mode"": ""मेट्रो""}","{""origin_id"": ""METRO_ST__THOMAS_MOUNT"", ""destination_id"": ""METRO_ARIGNAR_ANNA_ALANDUR""}",ANSWERABLE_WITH_PROVISIONAL_DATA,template_instantiation,TMPL_POINT_TO_POINT_ROUTE_HI_DEVA_16
PILOT_T2_TR_000224,,SFAM_STATION_FACILITIES_009,FAM_STATION_FACILITIES_009,PARA_STATION_FACILITIES_8_3,T2_MEDIUM_V1,station_facilities,GET_STATION_FACILITY,Please tell: Does Thirumangalam station premises include operational car parking (F9)? #2,hi-en,Latn,CS3,N0,"{""station"": ""Thirumangalam"", ""facility_type"": ""parking"", ""transport_mode"": ""metro""}","{""station_id"": ""METRO_THIRUMANGALAM""}",ANSWERABLE_NOW,template_instantiation,TMPL_STATION_FACILITIES_HINGLISH_LATN_8
PILOT_T2_TR_000225,,SFAM_FARE_CALCULATION_003,FAM_FARE_CALCULATION_003,PARA_FARE_CALCULATION_2_1,T2_MEDIUM_V1,fare_query,CALCULATE_FARE,"Hello assistant, गिंडी से अन्ना नगर टावर तक का मेट्रो का टोकन किराया कितना रुपया है? (किराया F3) #7",hi,Deva,CS0,N1,"{""origin"": ""गिंडी"", ""destination"": ""अन्ना नगर टावर"", ""fare_type"": ""टोकन"", ""transport_mode"": ""मेट्रो""}","{""origin_id"": ""METRO_GUINDY"", ""destination_id"": ""METRO_ANNA_NAGAR_TOWER""}",ANSWERABLE_NOW,template_instantiation,TMPL_FARE_CALCULATION_HI_DEVA_2
PILOT_T2_TR_000226,,SFAM_FIRST_AND_LAST_SERVICE_015,FAM_FIRST_AND_LAST_SERVICE_015,PARA_FIRST_AND_LAST_SERVICE_14_3,T2_MEDIUM_V1,service_timing,GET_FIRST_LAST_SERVICE,First train and last train operational hours between Little Mount and Chennai Central (F15),hi-en,Latn,CS3,N0,"{""origin"": ""Little Mount"", ""destination"": ""Chennai Central"", ""timing_type"": ""first_last"", ""transport_mode"": ""train""}","{""origin_id"": ""METRO_LITTLE_MOUNT"", ""destination_id"": ""METRO_PURATCHI_THALAIVAR_DR__M_G_RAMACHANDRAN_CENTRAL""}",ANSWERABLE_NOW,template_instantiation,TMPL_FIRST_AND_LAST_SERVICE_HINGLISH_LATN_14
PILOT_T2_TR_000227,,SFAM_ROUTE_STOP_MEMBERSHIP_002,FAM_ROUTE_STOP_MEMBERSHIP_002,PARA_ROUTE_STOP_MEMBERSHIP_1_0,T2_MEDIUM_V1,route_stops,CHECK_STOP_ON_ROUTE,Does bus route 102 make a scheduled halt at Broadway? [chk F2],en,Latn,CS0,N0,"{""route_number"": ""102"", ""stop"": ""Broadway"", ""transport_mode"": ""bus""}","{""route_id"": ""GTFS_ROUTE_16861"", ""stop_id"": ""BUS_27618346""}",ANSWERABLE_WITH_PROVISIONAL_DATA,template_instantiation,TMPL_ROUTE_STOP_MEMBERSHIP_EN_1
PILOT_T2_TR_000228,,SFAM_INTERCHANGE_TRANSFER_012,FAM_INTERCHANGE_TRANSFER_012,PARA_INTERCHANGE_TRANSFER_11_1,T2_MEDIUM_V1,interchange_query,GET_INTERCHANGE_DETAILS,"Excuse me, थाउजेंड लाइट्स इंटरचेंज पर दूसरी लाइन में ट्रांसफर करने का मार्ग क्या है? (बदलाव F12) #6",hi,Deva,CS0,N0,"{""station"": ""थाउजेंड लाइट्स"", ""facility_type"": ""इंटरचेंज""}","{""station_id"": ""METRO_THOUSAND_LIGHTS""}",ANSWERABLE_AFTER_MANUAL_VERIFICATION,template_instantiation,TMPL_INTERCHANGE_TRANSFER_HI_DEVA_11
PILOT_T2_TR_000229,,SFAM_MODE_AVAILABILITY_008,FAM_MODE_AVAILABILITY_008,PARA_MODE_AVAILABILITY_7_0,T2_MEDIUM_V1,service_availability,CHECK_SERVICE_AVAILABILITY,"Excuse me, Are there direct public transport options from High Court to Mylapore? [avail F8] #6",en,Latn,CS0,N0,"{""origin"": ""High Court"", ""destination"": ""Mylapore"", ""transport_mode"": ""any""}","{""origin_id"": ""METRO_HIGHCOURT"", ""destination_id"": ""BUS_410614381""}",ANSWERABLE_WITH_PROVISIONAL_DATA,template_instantiation,TMPL_MODE_AVAILABILITY_EN_7
PILOT_T2_TR_000230,,SFAM_SERVICE_FREQUENCY_017,FAM_SERVICE_FREQUENCY_017,PARA_SERVICE_FREQUENCY_16_1,T2_MEDIUM_V1,service_timing,GET_SERVICE_FREQUENCY,Please tell: सेंट थॉमस माउंट और आलंदूर के बीच मेट्रो हर कितने मिनट के अंतराल पर चलती है? (आवृत्ति F17) #2,hi,Deva,CS0,N0,"{""origin"": ""सेंट थॉमस माउंट"", ""destination"": ""आलंदूर"", ""timing_type"": ""frequency"", ""transport_mode"": ""मेट्रो""}","{""origin_id"": ""METRO_ST__THOMAS_MOUNT"", ""destination_id"": ""METRO_ARIGNAR_ANNA_ALANDUR""}",ANSWERABLE_NOW,template_instantiation,TMPL_SERVICE_FREQUENCY_HI_DEVA_16
PILOT_T2_TR_000231,,SFAM_ROUTE_STOP_SEQUENCE_003,FAM_ROUTE_STOP_SEQUENCE_003,PARA_ROUTE_STOP_SEQUENCE_2_3,T2_MEDIUM_V1,route_stops,LIST_ROUTE_STOPS,Please tell: Full stop order details for bus number 102A please provide (F3) #2,hi-en,Latn,CS3,N0,"{""route_number"": ""102A"", ""transport_mode"": ""bus""}","{""route_id"": ""GTFS_ROUTE_10248""}",ANSWERABLE_WITH_PROVISIONAL_DATA,template_instantiation,TMPL_ROUTE_STOP_SEQUENCE_HINGLISH_LATN_2
PILOT_T2_TR_000232,,SFAM_MODE_AVAILABILITY_019,FAM_MODE_AVAILABILITY_019,PARA_MODE_AVAILABILITY_18_3,T2_MEDIUM_V1,service_availability,CHECK_SERVICE_AVAILABILITY,Is public transit operational connecting Kilpauk and Adyar (F19)?,hi-en,Latn,CS3,N0,"{""origin"": ""Kilpauk"", ""destination"": ""Adyar"", ""transport_mode"": ""public transit""}","{""origin_id"": ""METRO_KILPAUK"", ""destination_id"": ""BUS_2587520213""}",ANSWERABLE_WITH_PROVISIONAL_DATA,template_instantiation,TMPL_MODE_AVAILABILITY_HINGLISH_LATN_18
PILOT_T2_TR_000233,,SFAM_OUT_OF_SCOPE_018,FAM_OUT_OF_SCOPE_018,PARA_OUT_OF_SCOPE_17_1,T2_MEDIUM_V1,out_of_scope,REJECT_OUT_OF_SCOPE,Quick check: नेहरू पार्क के निकटतम सबसे अच्छे रेस्टोरेंट और भोजनालय की सूची दें। (बाहर F18) #4,hi,Deva,CS0,N0,"{""station"": ""नेहरू पार्क""}","{""station_id"": ""METRO_NEHRU_PARK""}",OUT_OF_SCOPE,template_instantiation,TMPL_OUT_OF_SCOPE_HI_DEVA_17
PILOT_T2_TR_000234,,SFAM_STATION_ACCESSIBILITY_008,FAM_STATION_ACCESSIBILITY_008,PARA_STATION_ACCESSIBILITY_7_3,T2_MEDIUM_V1,accessibility,GET_ACCESSIBILITY_INFO,Transit query: Verification of accessible escalator stairs support at High Court metro (F8) #5,hi-en,Latn,CS3,N1,"{""station"": ""High Court"", ""accessibility_feature"": ""escalator"", ""transport_mode"": ""metro""}","{""station_id"": ""METRO_HIGHCOURT""}",ANSWERABLE_NOW,template_instantiation,TMPL_STATION_ACCESSIBILITY_HINGLISH_LATN_7
PILOT_T2_TR_000235,,SFAM_SERVICE_FREQUENCY_002,FAM_SERVICE_FREQUENCY_002,PARA_SERVICE_FREQUENCY_1_1,T2_MEDIUM_V1,service_timing,GET_SERVICE_FREQUENCY,Please tell: चेन्नई सेंट्रल और तिरुमंगलम के बीच मेट्रो हर कितने मिनट के अंतराल पर चलती है? (आवृत्ति F2) #2,hi,Deva,CS0,N0,"{""origin"": ""चेन्नई सेंट्रल"", ""destination"": ""तिरुमंगलम"", ""timing_type"": ""frequency"", ""transport_mode"": ""मेट्रो""}","{""origin_id"": ""METRO_PURATCHI_THALAIVAR_DR__M_G_RAMACHANDRAN_CENTRAL"", ""destination_id"": ""METRO_THIRUMANGALAM""}",ANSWERABLE_NOW,template_instantiation,TMPL_SERVICE_FREQUENCY_HI_DEVA_1
PILOT_T2_TR_000236,,SFAM_FIRST_AND_LAST_SERVICE_016,FAM_FIRST_AND_LAST_SERVICE_016,PARA_FIRST_AND_LAST_SERVICE_15_1,T2_MEDIUM_V1,service_timing,GET_FIRST_LAST_SERVICE,Please tell: साइदापेट से गिंडी के लिए पहली और आखिरी ट्रेन का समय क्या है? (समय F16) #2,hi,Deva,CS0,N0,"{""origin"": ""साइदापेट"", ""destination"": ""गिंडी"", ""timing_type"": ""first_last"", ""transport_mode"": ""ट्रेन""}","{""origin_id"": ""METRO_SAIDAPET"", ""destination_id"": ""METRO_GUINDY""}",ANSWERABLE_NOW,template_instantiation,TMPL_FIRST_AND_LAST_SERVICE_HI_DEVA_15
PILOT_T2_TR_000237,,SFAM_MULTIMODAL_ROUTE_001,FAM_MULTIMODAL_ROUTE_001,PARA_MULTIMODAL_ROUTE_0_0,T2_MEDIUM_V1,route_query,PLAN_MULTIMODAL_ROUTE,Quick check: What is the combined bus and metro route from Tambaram to High Court? [plan F1] #4,en,Latn,CS0,N0,"{""origin"": ""Tambaram"", ""destination"": ""High Court"", ""transport_mode"": ""multimodal""}","{""origin_id"": ""BUS_5304399879"", ""destination_id"": ""METRO_HIGHCOURT""}",ANSWERABLE_WITH_PROVISIONAL_DATA,template_instantiation,TMPL_MULTIMODAL_ROUTE_EN_0
PILOT_T2_TR_000238,,SFAM_OUT_OF_SCOPE_003,FAM_OUT_OF_SCOPE_003,PARA_OUT_OF_SCOPE_2_0,T2_MEDIUM_V1,out_of_scope,REJECT_OUT_OF_SCOPE,"Excuse me, Book a private cab taxi ride from Guindy to Anna Nagar Tower. [cab F3] #6",en,Latn,CS0,N0,"{""origin"": ""Guindy"", ""destination"": ""Anna Nagar Tower""}","{""origin_id"": ""METRO_GUINDY"", ""destination_id"": ""METRO_ANNA_NAGAR_TOWER""}",OUT_OF_SCOPE,template_instantiation,TMPL_OUT_OF_SCOPE_EN_2
PILOT_T2_TR_000239,,SFAM_REALTIME_STATUS_QUERY_018,FAM_REALTIME_STATUS_QUERY_018,PARA_REALTIME_STATUS_QUERY_17_4,T2_MEDIUM_V1,realtime_status_query,REJECT_UNSUPPORTED_REALTIME,Nehru Park se metro live delay status aur real time position tracking F18,hi-en,Deva+Latn,CS4,N2,"{""origin"": ""Nehru Park"", ""transport_mode"": ""metro""}","{""origin_id"": ""METRO_NEHRU_PARK""}",REQUIRES_REALTIME_DATA,template_instantiation,TMPL_REALTIME_STATUS_QUERY_MIXED_SCRIPT_CS_17
PILOT_T2_TR_000240,,SFAM_TICKETING_AND_PASSES_011,FAM_TICKETING_AND_PASSES_011,PARA_TICKETING_AND_PASSES_10_1,T2_MEDIUM_V1,ticketing_rules,GET_TICKETING_POLICY,"Excuse me, यात्रियों के लिए छात्र रियायती पास प्राप्त करने के नियम और प्रक्रिया क्या हैं? (पास F11) #6",hi,Deva,CS0,N0,"{""ticket_type"": ""student_pass"", ""transport_mode"": ""पारगमन""}",{},ANSWERABLE_NOW,template_instantiation,TMPL_TICKETING_AND_PASSES_HI_DEVA_10
PILOT_T2_TR_000241,,SFAM_FARE_CALCULATION_003,FAM_FARE_CALCULATION_003,PARA_FARE_CALCULATION_2_2,T2_MEDIUM_V1,fare_query,CALCULATE_FARE,Could you specify guindy se anna nagar tower metro ride ka standard ticket cost kitna hoga? [kiraya F3]? #3,hi,Latn,CS0,N0,"{""origin"": ""guindy"", ""destination"": ""anna nagar tower"", ""transport_mode"": ""metro""}","{""origin_id"": ""METRO_GUINDY"", ""destination_id"": ""METRO_ANNA_NAGAR_TOWER""}",ANSWERABLE_NOW,template_instantiation,TMPL_FARE_CALCULATION_HI_LATN_2
PILOT_T2_TR_000242,,SFAM_ROUTE_STOP_MEMBERSHIP_005,FAM_ROUTE_STOP_MEMBERSHIP_005,PARA_ROUTE_STOP_MEMBERSHIP_4_2,T2_MEDIUM_V1,route_stops,CHECK_STOP_ON_ROUTE,Please tell: kya bus 23C ka besant nagar par stoppage hai confirm kare? [check F5] #2,hi,Latn,CS0,N0,"{""route_number"": ""23C"", ""stop"": ""besant nagar"", ""transport_mode"": ""bus""}","{""route_id"": ""GTFS_ROUTE_10214"", ""stop_id"": ""BUS_417750654""}",ANSWERABLE_WITH_PROVISIONAL_DATA,template_instantiation,TMPL_ROUTE_STOP_MEMBERSHIP_HI_LATN_4
PILOT_T2_TR_000243,,SFAM_NEAREST_TRANSPORT_007,FAM_NEAREST_TRANSPORT_007,PARA_NEAREST_TRANSPORT_6_0,T2_MEDIUM_V1,nearest_transport,FIND_NEAREST_STATION,Could you specify Which is the nearest metro station or transit stop to Mother Child Hospital? [loc F7]? #3,en,Latn,CS0,N0,"{""landmark"": ""Mother Child Hospital"", ""transport_mode"": ""metro""}","{""place_id"": ""OSM_POI_7257518731""}",ANSWERABLE_NOW,template_instantiation,TMPL_NEAREST_TRANSPORT_EN_6
PILOT_T2_TR_000244,,SFAM_REALTIME_STATUS_QUERY_001,FAM_REALTIME_STATUS_QUERY_001,PARA_REALTIME_STATUS_QUERY_0_3,T2_MEDIUM_V1,realtime_status_query,REJECT_UNSUPPORTED_REALTIME,Quick check: Live crowd density and train arrival countdown at Airport right now (F1) #4,hi-en,Latn,CS3,N2,"{""station"": ""Airport"", ""transport_mode"": ""metro""}","{""station_id"": ""METRO_CHENNAI_INTERNATIONAL_AIRPORT""}",REQUIRES_REALTIME_DATA,template_instantiation,TMPL_REALTIME_STATUS_QUERY_HINGLISH_LATN_0
PILOT_T2_TR_000245,,SFAM_REALTIME_STATUS_QUERY_008,FAM_REALTIME_STATUS_QUERY_008,PARA_REALTIME_STATUS_QUERY_7_0,T2_MEDIUM_V1,realtime_status_query,REJECT_UNSUPPORTED_REALTIME,Where is bus 47A right now and what is its live location? [live F8],en,Latn,CS0,N0,"{""route_number"": ""47A"", ""transport_mode"": ""bus""}","{""route_id"": ""GTFS_ROUTE_19412""}",REQUIRES_REALTIME_DATA,template_instantiation,TMPL_REALTIME_STATUS_QUERY_EN_7
PILOT_T2_TR_000246,,SFAM_MODE_AVAILABILITY_011,FAM_MODE_AVAILABILITY_011,PARA_MODE_AVAILABILITY_10_2,T2_MEDIUM_V1,service_availability,CHECK_SERVICE_AVAILABILITY,Quick check: egmore se kalpakkam tak direct transit options available hain kya? [suvidha F11] #4,hi,Latn,CS0,N0,"{""origin"": ""egmore"", ""destination"": ""kalpakkam"", ""transport_mode"": ""any""}","{""origin_id"": ""METRO_EGMORE"", ""destination_id"": ""BUS_30143150""}",ANSWERABLE_WITH_PROVISIONAL_DATA,template_instantiation,TMPL_MODE_AVAILABILITY_HI_LATN_10
PILOT_T2_TR_000247,,SFAM_FIRST_AND_LAST_SERVICE_019,FAM_FIRST_AND_LAST_SERVICE_019,PARA_FIRST_AND_LAST_SERVICE_18_0,T2_MEDIUM_V1,service_timing,GET_FIRST_LAST_SERVICE,Please tell: What time does the earliest and latest train depart Kilpauk for Koyambedu? [hrs F19] #2,en,Latn,CS0,N0,"{""origin"": ""Kilpauk"", ""destination"": ""Koyambedu"", ""timing_type"": ""first_last"", ""transport_mode"": ""metro""}","{""origin_id"": ""METRO_KILPAUK"", ""destination_id"": ""METRO_KOYAMBEDU""}",ANSWERABLE_NOW,template_instantiation,TMPL_FIRST_AND_LAST_SERVICE_EN_18
PILOT_T2_TR_000248,,SFAM_STATION_ACCESSIBILITY_003,FAM_STATION_ACCESSIBILITY_003,PARA_STATION_ACCESSIBILITY_2_1,T2_MEDIUM_V1,accessibility,GET_ACCESSIBILITY_INFO,"Hello assistant, क्या गिंडी स्टेशन पर दिव्यांग यात्रियों के लिए टैक्टाइल पाथ उपलब्ध है? (सुलभता F3) #7",hi,Deva,CS0,N1,"{""station"": ""गिंडी"", ""accessibility_feature"": ""tactile_path"", ""transport_mode"": ""मेट्रो""}","{""station_id"": ""METRO_GUINDY""}",ANSWERABLE_NOW,template_instantiation,TMPL_STATION_ACCESSIBILITY_HI_DEVA_2
PILOT_T2_TR_000249,,SFAM_TICKETING_AND_PASSES_004,FAM_TICKETING_AND_PASSES_004,PARA_TICKETING_AND_PASSES_3_4,T2_MEDIUM_V1,ticketing_rules,GET_TICKETING_POLICY,Please tell: Commuter Tourist One-Day Pass ke application aur terms ki complete details F4 #2,hi-en,Deva+Latn,CS4,N0,"{""ticket_type"": ""tourist_card"", ""transport_mode"": ""transit""}",{},ANSWERABLE_NOW,template_instantiation,TMPL_TICKETING_AND_PASSES_MIXED_SCRIPT_CS_3
PILOT_T2_TR_000250,,SFAM_ROUTE_STOP_SEQUENCE_014,FAM_ROUTE_STOP_SEQUENCE_014,PARA_ROUTE_STOP_SEQUENCE_13_3,T2_MEDIUM_V1,route_stops,LIST_ROUTE_STOPS,Please tell: Full stop order details for bus number Blue Line please provide (F14) #2,hi-en,Latn,CS3,N0,"{""route_number"": ""Blue Line"", ""transport_mode"": ""bus""}","{""route_id"": ""CMRL_BLUE_CORRIDOR_1""}",ANSWERABLE_WITH_PROVISIONAL_DATA,template_instantiation,TMPL_ROUTE_STOP_SEQUENCE_HINGLISH_LATN_13
PILOT_T2_TR_000251,,SFAM_INTERCHANGE_TRANSFER_018,FAM_INTERCHANGE_TRANSFER_018,PARA_INTERCHANGE_TRANSFER_17_0,T2_MEDIUM_V1,interchange_query,GET_INTERCHANGE_DETAILS,Could you specify How do I switch lines to connect towards CMBT at Nehru Park interchange? [xfer F18]? #3,en,Latn,CS0,N0,"{""station"": ""Nehru Park"", ""destination"": ""CMBT"", ""facility_type"": ""interchange""}","{""station_id"": ""METRO_NEHRU_PARK"", ""destination_id"": ""METRO_PURATCHI_THALAIVI_DR_J_JAYALALITHAA_CMBT""}",ANSWERABLE_AFTER_MANUAL_VERIFICATION,template_instantiation,TMPL_INTERCHANGE_TRANSFER_EN_17
PILOT_T2_TR_000252,,SFAM_MULTIMODAL_ROUTE_001,FAM_MULTIMODAL_ROUTE_001,PARA_MULTIMODAL_ROUTE_0_4,T2_MEDIUM_V1,route_query,PLAN_MULTIMODAL_ROUTE,Please tell: Tambaram से High Court multimodal transit connection kaise le plan F1 #2,hi-en,Deva+Latn,CS4,N0,"{""origin"": ""Tambaram"", ""destination"": ""High Court"", ""transport_mode"": ""multimodal""}","{""origin_id"": ""BUS_5304399879"", ""destination_id"": ""METRO_HIGHCOURT""}",ANSWERABLE_WITH_PROVISIONAL_DATA,template_instantiation,TMPL_MULTIMODAL_ROUTE_MIXED_SCRIPT_CS_0
PILOT_T2_TR_000253,,SFAM_FARE_CALCULATION_009,FAM_FARE_CALCULATION_009,PARA_FARE_CALCULATION_8_1,T2_MEDIUM_V1,fare_query,CALCULATE_FARE,Transit query: तिरुमंगलम से साइदापेट तक का मेट्रो का टोकन किराया कितना रुपया है? (किराया F9) #5,hi,Deva,CS0,N2,"{""origin"": ""तिरुमंगलम"", ""destination"": ""साइदापेट"", ""fare_type"": ""टोकन"", ""transport_mode"": ""मेट्रो""}","{""origin_id"": ""METRO_THIRUMANGALAM"", ""destination_id"": ""METRO_SAIDAPET""}",ANSWERABLE_NOW,template_instantiation,TMPL_FARE_CALCULATION_HI_DEVA_8
PILOT_T2_TR_000254,,SFAM_STATION_FACILITIES_016,FAM_STATION_FACILITIES_016,PARA_STATION_FACILITIES_15_1,T2_MEDIUM_V1,station_facilities,GET_STATION_FACILITY,Quick check: क्या साइदापेट मेट्रो स्टेशन पर साइकिल स्टैंड की व्यवस्था उपलब्ध है? (सुविधा F16) #4,hi,Deva,CS0,N0,"{""station"": ""साइदापेट"", ""facility_type"": ""bicycle_stand"", ""transport_mode"": ""मेट्रो""}","{""station_id"": ""METRO_SAIDAPET""}",ANSWERABLE_NOW,template_instantiation,TMPL_STATION_FACILITIES_HI_DEVA_15
PILOT_T2_TR_000255,,SFAM_TICKETING_AND_PASSES_015,FAM_TICKETING_AND_PASSES_015,PARA_TICKETING_AND_PASSES_14_3,T2_MEDIUM_V1,ticketing_rules,GET_TICKETING_POLICY,How can regular passengers apply for and renew WhatsApp QR Ticket (F15)?,hi-en,Latn,CS3,N0,"{""ticket_type"": ""qr_ticket"", ""transport_mode"": ""transit""}",{},ANSWERABLE_NOW,template_instantiation,TMPL_TICKETING_AND_PASSES_HINGLISH_LATN_14
PILOT_T2_TR_000256,,SFAM_STATION_FACILITIES_013,FAM_STATION_FACILITIES_013,PARA_STATION_FACILITIES_12_1,T2_MEDIUM_V1,station_facilities,GET_STATION_FACILITY,Could you specify क्या विमको नगर मेट्रो स्टेशन पर कार पार्किंग की व्यवस्था उपलब्ध है? (सुविधा F13)? #3,hi,Deva,CS0,N0,"{""station"": ""विमको नगर"", ""facility_type"": ""parking"", ""transport_mode"": ""मेट्रो""}","{""station_id"": ""METRO_WIMCO_NAGAR""}",ANSWERABLE_NOW,template_instantiation,TMPL_STATION_FACILITIES_HI_DEVA_12
PILOT_T2_TR_000257,,SFAM_STATION_FACILITIES_007,FAM_STATION_FACILITIES_007,PARA_STATION_FACILITIES_6_3,T2_MEDIUM_V1,station_facilities,GET_STATION_FACILITY,Could you specify Does Vadapalani station premises include operational EV vehicle charging (F7)?? #3,hi-en,Latn,CS3,N0,"{""station"": ""Vadapalani"", ""facility_type"": ""ev_charging"", ""transport_mode"": ""metro""}","{""station_id"": ""METRO_VADAPALANI""}",ANSWERABLE_NOW,template_instantiation,TMPL_STATION_FACILITIES_HINGLISH_LATN_6
PILOT_T2_TR_000258,,SFAM_FARE_CALCULATION_008,FAM_FARE_CALCULATION_008,PARA_FARE_CALCULATION_7_2,T2_MEDIUM_V1,fare_query,CALCULATE_FARE,Could you specify high court se little mount metro ride ka standard ticket cost kitna hoga? [kiraya F8]? #3,hi,Latn,CS0,N0,"{""origin"": ""high court"", ""destination"": ""little mount"", ""transport_mode"": ""metro""}","{""origin_id"": ""METRO_HIGHCOURT"", ""destination_id"": ""METRO_LITTLE_MOUNT""}",ANSWERABLE_NOW,template_instantiation,TMPL_FARE_CALCULATION_HI_LATN_7
PILOT_T2_TR_000259,,SFAM_TICKETING_AND_PASSES_003,FAM_TICKETING_AND_PASSES_003,PARA_TICKETING_AND_PASSES_2_1,T2_MEDIUM_V1,ticketing_rules,GET_TICKETING_POLICY,Could you specify यात्रियों के लिए क्यूआर टिकट प्राप्त करने के नियम और प्रक्रिया क्या हैं? (पास F3)? #3,hi,Deva,CS0,N0,"{""ticket_type"": ""qr_ticket"", ""transport_mode"": ""पारगमन""}",{},ANSWERABLE_NOW,template_instantiation,TMPL_TICKETING_AND_PASSES_HI_DEVA_2
PILOT_T2_TR_000260,,SFAM_FARE_CALCULATION_003,FAM_FARE_CALCULATION_003,PARA_FARE_CALCULATION_2_4,T2_MEDIUM_V1,fare_query,CALCULATE_FARE,Please tell: Guindy से Anna Nagar Tower metro travel ka discounted smart card fare kya hai F3 #2,hi-en,Deva+Latn,CS4,N0,"{""origin"": ""Guindy"", ""destination"": ""Anna Nagar Tower"", ""ticket_type"": ""smart_card"", ""transport_mode"": ""metro""}","{""origin_id"": ""METRO_GUINDY"", ""destination_id"": ""METRO_ANNA_NAGAR_TOWER""}",ANSWERABLE_NOW,template_instantiation,TMPL_FARE_CALCULATION_MIXED_SCRIPT_CS_2
PILOT_T2_TR_000261,,SFAM_POINT_TO_POINT_ROUTE_001,FAM_POINT_TO_POINT_ROUTE_001,PARA_POINT_TO_POINT_ROUTE_0_0,T2_MEDIUM_V1,route_query,PLAN_ROUTE,Quick check: How do I commute from Airport to High Court by metro? [pattern F1] #4,en,Latn,CS0,N0,"{""origin"": ""Airport"", ""destination"": ""High Court"", ""transport_mode"": ""metro""}","{""origin_id"": ""METRO_CHENNAI_INTERNATIONAL_AIRPORT"", ""destination_id"": ""METRO_HIGHCOURT""}",ANSWERABLE_WITH_PROVISIONAL_DATA,template_instantiation,TMPL_POINT_TO_POINT_ROUTE_EN_0
PILOT_T2_TR_000262,,SFAM_NEAREST_TRANSPORT_005,FAM_NEAREST_TRANSPORT_005,PARA_NEAREST_TRANSPORT_4_2,T2_MEDIUM_V1,nearest_transport,FIND_NEAREST_STATION,Quick check: maruthi hospital se closest walking distance metro transit point kaunsa hai? [paas F5] #4,hi,Latn,CS0,N0,"{""landmark"": ""maruthi hospital"", ""transport_mode"": ""metro""}","{""place_id"": ""OSM_POI_7820652140""}",ANSWERABLE_NOW,template_instantiation,TMPL_NEAREST_TRANSPORT_HI_LATN_4
PILOT_T2_TR_000263,,SFAM_STATION_FACILITIES_009,FAM_STATION_FACILITIES_009,PARA_STATION_FACILITIES_8_2,T2_MEDIUM_V1,station_facilities,GET_STATION_FACILITY,Quick check: kya thirumangalam station par passenger car parking service available hai? [amenity F9] #4,hi,Latn,CS0,N0,"{""station"": ""thirumangalam"", ""facility_type"": ""parking"", ""transport_mode"": ""metro""}","{""station_id"": ""METRO_THIRUMANGALAM""}",ANSWERABLE_NOW,template_instantiation,TMPL_STATION_FACILITIES_HI_LATN_8
PILOT_T2_TR_000264,,SFAM_MODE_AVAILABILITY_004,FAM_MODE_AVAILABILITY_004,PARA_MODE_AVAILABILITY_3_2,T2_MEDIUM_V1,service_availability,CHECK_SERVICE_AVAILABILITY,alandur se velachery tak direct transit options available hain kya? [suvidha F4],hi,Latn,CS0,N0,"{""origin"": ""alandur"", ""destination"": ""velachery"", ""transport_mode"": ""any""}","{""origin_id"": ""METRO_ARIGNAR_ANNA_ALANDUR"", ""destination_id"": ""BUS_1764308008""}",ANSWERABLE_WITH_PROVISIONAL_DATA,template_instantiation,TMPL_MODE_AVAILABILITY_HI_LATN_3
PILOT_T2_TR_000265,,SFAM_FARE_CALCULATION_002,FAM_FARE_CALCULATION_002,PARA_FARE_CALCULATION_1_3,T2_MEDIUM_V1,fare_query,CALCULATE_FARE,"Excuse me, Calculate fare for travel between Chennai Central and Thirumangalam stations (F2) #6",hi-en,Latn,CS3,N0,"{""origin"": ""Chennai Central"", ""destination"": ""Thirumangalam"", ""transport_mode"": ""metro""}","{""origin_id"": ""METRO_PURATCHI_THALAIVAR_DR__M_G_RAMACHANDRAN_CENTRAL"", ""destination_id"": ""METRO_THIRUMANGALAM""}",ANSWERABLE_NOW,template_instantiation,TMPL_FARE_CALCULATION_HINGLISH_LATN_1
PILOT_T2_TR_000266,,SFAM_REALTIME_STATUS_QUERY_002,FAM_REALTIME_STATUS_QUERY_002,PARA_REALTIME_STATUS_QUERY_1_1,T2_MEDIUM_V1,realtime_status_query,REJECT_UNSUPPORTED_REALTIME,Quick check: क्या चेन्नई सेंट्रल से आने वाली ट्रेन अभी लेट चल रही है लाइव स्थिति बताएं? (ताज़ा F2) #4,hi,Deva,CS0,N2,"{""origin"": ""चेन्नई सेंट्रल"", ""transport_mode"": ""ट्रेन""}","{""origin_id"": ""METRO_PURATCHI_THALAIVAR_DR__M_G_RAMACHANDRAN_CENTRAL""}",REQUIRES_REALTIME_DATA,template_instantiation,TMPL_REALTIME_STATUS_QUERY_HI_DEVA_1
PILOT_T2_TR_000267,,SFAM_MODE_AVAILABILITY_002,FAM_MODE_AVAILABILITY_002,PARA_MODE_AVAILABILITY_1_3,T2_MEDIUM_V1,service_availability,CHECK_SERVICE_AVAILABILITY,Could you specify Is public transit operational connecting Chennai Central and Broadway (F2)?? #3,hi-en,Latn,CS3,N1,"{""origin"": ""Chennai Central"", ""destination"": ""Broadway"", ""transport_mode"": ""public transit""}","{""origin_id"": ""METRO_PURATCHI_THALAIVAR_DR__M_G_RAMACHANDRAN_CENTRAL"", ""destination_id"": ""BUS_27618346""}",ANSWERABLE_WITH_PROVISIONAL_DATA,template_instantiation,TMPL_MODE_AVAILABILITY_HINGLISH_LATN_1
PILOT_T2_TR_000268,,SFAM_MODE_AVAILABILITY_011,FAM_MODE_AVAILABILITY_011,PARA_MODE_AVAILABILITY_10_1,T2_MEDIUM_V1,service_availability,CHECK_SERVICE_AVAILABILITY,Please tell: क्या एग्मोर से कलपक्कम के लिए कोई सार्वजनिक बस या ट्रेन उपलब्ध है? (उपलब्धता F11) #2,hi,Deva,CS0,N0,"{""origin"": ""एग्मोर"", ""destination"": ""कलपक्कम"", ""transport_mode"": ""सार्वजनिक बस या ट्रेन""}","{""origin_id"": ""METRO_EGMORE"", ""destination_id"": ""BUS_30143150""}",ANSWERABLE_WITH_PROVISIONAL_DATA,template_instantiation,TMPL_MODE_AVAILABILITY_HI_DEVA_10
PILOT_T2_TR_000269,,SFAM_OUT_OF_SCOPE_005,FAM_OUT_OF_SCOPE_005,PARA_OUT_OF_SCOPE_4_4,T2_MEDIUM_V1,out_of_scope,REJECT_OUT_OF_SCOPE,Could you specify CMBT ke pass hotel reservation aur movie ticket booking service F5? #3,hi-en,Deva+Latn,CS4,N1,"{""station"": ""CMBT""}","{""station_id"": ""METRO_PURATCHI_THALAIVI_DR_J_JAYALALITHAA_CMBT""}",OUT_OF_SCOPE,template_instantiation,TMPL_OUT_OF_SCOPE_MIXED_SCRIPT_CS_4
PILOT_T2_TR_000270,,SFAM_REALTIME_STATUS_QUERY_020,FAM_REALTIME_STATUS_QUERY_020,PARA_REALTIME_STATUS_QUERY_19_1,T2_MEDIUM_V1,realtime_status_query,REJECT_UNSUPPORTED_REALTIME,Transit query: क्या पचैयप्पा कॉलेज से आने वाली ट्रेन अभी लेट चल रही है लाइव स्थिति बताएं? (ताज़ा F20) #5,hi,Deva,CS0,N2,"{""origin"": ""पचैयप्पा कॉलेज"", ""transport_mode"": ""ट्रेन""}","{""origin_id"": ""METRO_PACHAIYAPPA_S_COLLEGE""}",REQUIRES_REALTIME_DATA,template_instantiation,TMPL_REALTIME_STATUS_QUERY_HI_DEVA_19
PILOT_T2_TR_000271,,SFAM_REALTIME_STATUS_QUERY_002,FAM_REALTIME_STATUS_QUERY_002,PARA_REALTIME_STATUS_QUERY_1_0,T2_MEDIUM_V1,realtime_status_query,REJECT_UNSUPPORTED_REALTIME,Transit query: Where is bus 102 right now and what is its live location? [live F2] #5,en,Latn,CS0,N0,"{""route_number"": ""102"", ""transport_mode"": ""bus""}","{""route_id"": ""GTFS_ROUTE_16861""}",REQUIRES_REALTIME_DATA,template_instantiation,TMPL_REALTIME_STATUS_QUERY_EN_1
PILOT_T2_TR_000272,,SFAM_OUT_OF_SCOPE_009,FAM_OUT_OF_SCOPE_009,PARA_OUT_OF_SCOPE_8_0,T2_MEDIUM_V1,out_of_scope,REJECT_OUT_OF_SCOPE,Transit query: Book a private cab taxi ride from Thirumangalam to Saidapet. [cab F9] #5,en,Latn,CS0,N0,"{""origin"": ""Thirumangalam"", ""destination"": ""Saidapet""}","{""origin_id"": ""METRO_THIRUMANGALAM"", ""destination_id"": ""METRO_SAIDAPET""}",OUT_OF_SCOPE,template_instantiation,TMPL_OUT_OF_SCOPE_EN_8
PILOT_T2_TR_000273,,SFAM_FARE_CALCULATION_015,FAM_FARE_CALCULATION_015,PARA_FARE_CALCULATION_14_2,T2_MEDIUM_V1,fare_query,CALCULATE_FARE,Could you specify little mount se chennai central metro ride ka standard ticket cost kitna hoga? [kiraya F15]? #3,hi,Latn,CS0,N0,"{""origin"": ""little mount"", ""destination"": ""chennai central"", ""transport_mode"": ""metro""}","{""origin_id"": ""METRO_LITTLE_MOUNT"", ""destination_id"": ""METRO_PURATCHI_THALAIVAR_DR__M_G_RAMACHANDRAN_CENTRAL""}",ANSWERABLE_NOW,template_instantiation,TMPL_FARE_CALCULATION_HI_LATN_14
PILOT_T2_TR_000274,,SFAM_FARE_CALCULATION_005,FAM_FARE_CALCULATION_005,PARA_FARE_CALCULATION_4_1,T2_MEDIUM_V1,fare_query,CALCULATE_FARE,"Excuse me, सीएमबीटी से थाउजेंड लाइट्स तक का मेट्रो का टोकन किराया कितना रुपया है? (किराया F5) #6",hi,Deva,CS0,N0,"{""origin"": ""सीएमबीटी"", ""destination"": ""थाउजेंड लाइट्स"", ""fare_type"": ""टोकन"", ""transport_mode"": ""मेट्रो""}","{""origin_id"": ""METRO_PURATCHI_THALAIVI_DR_J_JAYALALITHAA_CMBT"", ""destination_id"": ""METRO_THOUSAND_LIGHTS""}",ANSWERABLE_NOW,template_instantiation,TMPL_FARE_CALCULATION_HI_DEVA_4
PILOT_T2_TR_000275,,SFAM_FIRST_AND_LAST_SERVICE_004,FAM_FIRST_AND_LAST_SERVICE_004,PARA_FIRST_AND_LAST_SERVICE_3_0,T2_MEDIUM_V1,service_timing,GET_FIRST_LAST_SERVICE,What time does the earliest and latest train depart Alandur for Egmore? [hrs F4],en,Latn,CS0,N0,"{""origin"": ""Alandur"", ""destination"": ""Egmore"", ""timing_type"": ""first_last"", ""transport_mode"": ""metro""}","{""origin_id"": ""METRO_ARIGNAR_ANNA_ALANDUR"", ""destination_id"": ""METRO_EGMORE""}",ANSWERABLE_NOW,template_instantiation,TMPL_FIRST_AND_LAST_SERVICE_EN_3
PILOT_T2_TR_000276,,SFAM_TICKETING_AND_PASSES_003,FAM_TICKETING_AND_PASSES_003,PARA_TICKETING_AND_PASSES_2_0,T2_MEDIUM_V1,ticketing_rules,GET_TICKETING_POLICY,What are the rules and procedure to purchase a WhatsApp QR Ticket for commuters? [pass F3],en,Latn,CS0,N0,"{""ticket_type"": ""qr_ticket"", ""transport_mode"": ""transit""}",{},ANSWERABLE_NOW,template_instantiation,TMPL_TICKETING_AND_PASSES_EN_2
PILOT_T2_TR_000277,,SFAM_OUT_OF_SCOPE_006,FAM_OUT_OF_SCOPE_006,PARA_OUT_OF_SCOPE_5_2,T2_MEDIUM_V1,out_of_scope,REJECT_OUT_OF_SCOPE,koyambedu airport terminal ke flight delay timings check kijiye. [bahar F6],hi,Latn,CS0,N0,"{""station"": ""koyambedu""}","{""station_id"": ""METRO_KOYAMBEDU""}",OUT_OF_SCOPE,template_instantiation,TMPL_OUT_OF_SCOPE_HI_LATN_5
PILOT_T2_TR_000278,,SFAM_TICKETING_AND_PASSES_003,FAM_TICKETING_AND_PASSES_003,PARA_TICKETING_AND_PASSES_2_2,T2_MEDIUM_V1,ticketing_rules,GET_TICKETING_POLICY,Quick check: qr ticket recharge karne ka guidelines aur validity rule bataye. [card F3] #4,hi,Latn,CS0,N0,"{""ticket_type"": ""qr_ticket"", ""transport_mode"": ""transit""}",{},ANSWERABLE_NOW,template_instantiation,TMPL_TICKETING_AND_PASSES_HI_LATN_2
PILOT_T2_TR_000279,,SFAM_REALTIME_STATUS_QUERY_014,FAM_REALTIME_STATUS_QUERY_014,PARA_REALTIME_STATUS_QUERY_13_3,T2_MEDIUM_V1,realtime_status_query,REJECT_UNSUPPORTED_REALTIME,Transit query: Live crowd density and train arrival countdown at Washermenpet right now (F14) #5,hi-en,Latn,CS3,N1,"{""station"": ""Washermenpet"", ""transport_mode"": ""metro""}","{""station_id"": ""METRO_WASHERMENPET""}",REQUIRES_REALTIME_DATA,template_instantiation,TMPL_REALTIME_STATUS_QUERY_HINGLISH_LATN_13
PILOT_T2_TR_000280,,SFAM_MODE_AVAILABILITY_008,FAM_MODE_AVAILABILITY_008,PARA_MODE_AVAILABILITY_7_4,T2_MEDIUM_V1,service_availability,CHECK_SERVICE_AVAILABILITY,Could you specify क्या High Court से Mylapore transport line active hai mode info F8? #3,hi-en,Deva+Latn,CS4,N0,"{""origin"": ""High Court"", ""destination"": ""Mylapore"", ""transport_mode"": ""transport""}","{""origin_id"": ""METRO_HIGHCOURT"", ""destination_id"": ""BUS_410614381""}",ANSWERABLE_WITH_PROVISIONAL_DATA,template_instantiation,TMPL_MODE_AVAILABILITY_MIXED_SCRIPT_CS_7
PILOT_T2_TR_000281,,SFAM_FARE_CALCULATION_007,FAM_FARE_CALCULATION_007,PARA_FARE_CALCULATION_6_0,T2_MEDIUM_V1,fare_query,CALCULATE_FARE,Transit query: What is the single-journey ticket fare from Vadapalani to Washermenpet on metro? [fare F7] #5,en,Latn,CS0,N0,"{""origin"": ""Vadapalani"", ""destination"": ""Washermenpet"", ""fare_type"": ""token"", ""transport_mode"": ""metro""}","{""origin_id"": ""METRO_VADAPALANI"", ""destination_id"": ""METRO_WASHERMENPET""}",ANSWERABLE_NOW,template_instantiation,TMPL_FARE_CALCULATION_EN_6
PILOT_T2_TR_000282,,SFAM_MODE_AVAILABILITY_018,FAM_MODE_AVAILABILITY_018,PARA_MODE_AVAILABILITY_17_2,T2_MEDIUM_V1,service_availability,CHECK_SERVICE_AVAILABILITY,Could you specify nehru park se broadway tak direct transit options available hain kya? [suvidha F18]? #3,hi,Latn,CS0,N0,"{""origin"": ""nehru park"", ""destination"": ""broadway"", ""transport_mode"": ""any""}","{""origin_id"": ""METRO_NEHRU_PARK"", ""destination_id"": ""BUS_27618346""}",ANSWERABLE_WITH_PROVISIONAL_DATA,template_instantiation,TMPL_MODE_AVAILABILITY_HI_LATN_17
PILOT_T2_TR_000283,,SFAM_ROUTE_STOP_SEQUENCE_001,FAM_ROUTE_STOP_SEQUENCE_001,PARA_ROUTE_STOP_SEQUENCE_0_0,T2_MEDIUM_V1,route_stops,LIST_ROUTE_STOPS,Could you specify List every intermediate stop along route 21G in order. [seq F1]? #3,en,Latn,CS0,N0,"{""route_number"": ""21G"", ""transport_mode"": ""bus""}","{""route_id"": ""GTFS_ROUTE_8458""}",ANSWERABLE_WITH_PROVISIONAL_DATA,template_instantiation,TMPL_ROUTE_STOP_SEQUENCE_EN_0
PILOT_T2_TR_000284,,SFAM_STATION_FACILITIES_014,FAM_STATION_FACILITIES_014,PARA_STATION_FACILITIES_13_0,T2_MEDIUM_V1,station_facilities,GET_STATION_FACILITY,Is two-wheeler bike parking facility available at Washermenpet metro station? [fac F14],en,Latn,CS0,N0,"{""station"": ""Washermenpet"", ""facility_type"": ""two_wheeler_parking"", ""transport_mode"": ""metro""}","{""station_id"": ""METRO_WASHERMENPET""}",ANSWERABLE_NOW,template_instantiation,TMPL_STATION_FACILITIES_EN_13
PILOT_T2_TR_000285,,SFAM_STATION_FACILITIES_005,FAM_STATION_FACILITIES_005,PARA_STATION_FACILITIES_4_1,T2_MEDIUM_V1,station_facilities,GET_STATION_FACILITY,Please tell: क्या सीएमबीटी मेट्रो स्टेशन पर कार पार्किंग की व्यवस्था उपलब्ध है? (सुविधा F5) #2,hi,Deva,CS0,N0,"{""station"": ""सीएमबीटी"", ""facility_type"": ""parking"", ""transport_mode"": ""मेट्रो""}","{""station_id"": ""METRO_PURATCHI_THALAIVI_DR_J_JAYALALITHAA_CMBT""}",ANSWERABLE_NOW,template_instantiation,TMPL_STATION_FACILITIES_HI_DEVA_4
PILOT_T2_TR_000286,,SFAM_POINT_TO_POINT_ROUTE_002,FAM_POINT_TO_POINT_ROUTE_002,PARA_POINT_TO_POINT_ROUTE_1_3,T2_MEDIUM_V1,route_query,PLAN_ROUTE,Chennai Central to Thirumangalam metro ride ka best direct route bataiye (F2),hi-en,Latn,CS3,N2,"{""origin"": ""Chennai Central"", ""destination"": ""Thirumangalam"", ""transport_mode"": ""metro""}","{""origin_id"": ""METRO_PURATCHI_THALAIVAR_DR__M_G_RAMACHANDRAN_CENTRAL"", ""destination_id"": ""METRO_THIRUMANGALAM""}",ANSWERABLE_WITH_PROVISIONAL_DATA,template_instantiation,TMPL_POINT_TO_POINT_ROUTE_HINGLISH_LATN_1
PILOT_T2_TR_000287,,SFAM_FARE_CALCULATION_001,FAM_FARE_CALCULATION_001,PARA_FARE_CALCULATION_0_1,T2_MEDIUM_V1,fare_query,CALCULATE_FARE,"Hello assistant, एयरपोर्ट से हाई कोर्ट तक का मेट्रो का टोकन किराया कितना रुपया है? (किराया F1) #7",hi,Deva,CS0,N1,"{""origin"": ""एयरपोर्ट"", ""destination"": ""हाई कोर्ट"", ""fare_type"": ""टोकन"", ""transport_mode"": ""मेट्रो""}","{""origin_id"": ""METRO_CHENNAI_INTERNATIONAL_AIRPORT"", ""destination_id"": ""METRO_HIGHCOURT""}",ANSWERABLE_NOW,template_instantiation,TMPL_FARE_CALCULATION_HI_DEVA_0
PILOT_T2_TR_000288,,SFAM_FARE_CALCULATION_007,FAM_FARE_CALCULATION_007,PARA_FARE_CALCULATION_6_2,T2_MEDIUM_V1,fare_query,CALCULATE_FARE,Could you specify vadapalani se washermenpet metro ride ka standard ticket cost kitna hoga? [kiraya F7]? #3,hi,Latn,CS0,N0,"{""origin"": ""vadapalani"", ""destination"": ""washermenpet"", ""transport_mode"": ""metro""}","{""origin_id"": ""METRO_VADAPALANI"", ""destination_id"": ""METRO_WASHERMENPET""}",ANSWERABLE_NOW,template_instantiation,TMPL_FARE_CALCULATION_HI_LATN_6
PILOT_T2_TR_000289,,SFAM_OUT_OF_SCOPE_013,FAM_OUT_OF_SCOPE_013,PARA_OUT_OF_SCOPE_12_4,T2_MEDIUM_V1,out_of_scope,REJECT_OUT_OF_SCOPE,Please tell: Wimco Nagar Depot ke pass hotel reservation aur movie ticket booking service F13 #2,hi-en,Deva+Latn,CS4,N0,"{""station"": ""Wimco Nagar Depot""}","{""station_id"": ""METRO_WIMCO_NAGAR""}",OUT_OF_SCOPE,template_instantiation,TMPL_OUT_OF_SCOPE_MIXED_SCRIPT_CS_12
PILOT_T2_TR_000290,,SFAM_MULTIMODAL_ROUTE_017,FAM_MULTIMODAL_ROUTE_017,PARA_MULTIMODAL_ROUTE_16_3,T2_MEDIUM_V1,route_query,PLAN_MULTIMODAL_ROUTE,Please tell: Can you give combined bus and train route from Tambaram to Alandur (F17)? #2,hi-en,Latn,CS3,N0,"{""origin"": ""Tambaram"", ""destination"": ""Alandur"", ""transport_mode"": ""bus and train""}","{""origin_id"": ""BUS_5304399879"", ""destination_id"": ""METRO_ARIGNAR_ANNA_ALANDUR""}",ANSWERABLE_WITH_PROVISIONAL_DATA,template_instantiation,TMPL_MULTIMODAL_ROUTE_HINGLISH_LATN_16
PILOT_T2_TR_000291,,SFAM_FIRST_AND_LAST_SERVICE_009,FAM_FIRST_AND_LAST_SERVICE_009,PARA_FIRST_AND_LAST_SERVICE_8_3,T2_MEDIUM_V1,service_timing,GET_FIRST_LAST_SERVICE,Please tell: First train and last train operational hours between Thirumangalam and Saidapet (F9) #2,hi-en,Latn,CS3,N1,"{""origin"": ""Thirumangalam"", ""destination"": ""Saidapet"", ""timing_type"": ""first_last"", ""transport_mode"": ""train""}","{""origin_id"": ""METRO_THIRUMANGALAM"", ""destination_id"": ""METRO_SAIDAPET""}",ANSWERABLE_NOW,template_instantiation,TMPL_FIRST_AND_LAST_SERVICE_HINGLISH_LATN_8
PILOT_T2_TR_000292,,SFAM_FIRST_AND_LAST_SERVICE_013,FAM_FIRST_AND_LAST_SERVICE_013,PARA_FIRST_AND_LAST_SERVICE_12_0,T2_MEDIUM_V1,service_timing,GET_FIRST_LAST_SERVICE,Please tell: What time does the earliest and latest train depart Wimco Nagar Depot for Pachaiyappa College? [hrs F13] #2,en,Latn,CS0,N0,"{""origin"": ""Wimco Nagar Depot"", ""destination"": ""Pachaiyappa College"", ""timing_type"": ""first_last"", ""transport_mode"": ""metro""}","{""origin_id"": ""METRO_WIMCO_NAGAR"", ""destination_id"": ""METRO_PACHAIYAPPA_S_COLLEGE""}",ANSWERABLE_NOW,template_instantiation,TMPL_FIRST_AND_LAST_SERVICE_EN_12
PILOT_T2_TR_000293,,SFAM_STATION_FACILITIES_009,FAM_STATION_FACILITIES_009,PARA_STATION_FACILITIES_8_0,T2_MEDIUM_V1,station_facilities,GET_STATION_FACILITY,Is car parking facility available at Thirumangalam metro station? [fac F9],en,Latn,CS0,N0,"{""station"": ""Thirumangalam"", ""facility_type"": ""parking"", ""transport_mode"": ""metro""}","{""station_id"": ""METRO_THIRUMANGALAM""}",ANSWERABLE_NOW,template_instantiation,TMPL_STATION_FACILITIES_EN_8
PILOT_T2_TR_000294,,SFAM_REALTIME_STATUS_QUERY_014,FAM_REALTIME_STATUS_QUERY_014,PARA_REALTIME_STATUS_QUERY_13_2,T2_MEDIUM_V1,realtime_status_query,REJECT_UNSUPPORTED_REALTIME,Quick check: Bus Blue Line ka real time current gps location update kahan pahuncha? [track F14] #4,hi,Latn,CS0,N0,"{""route_number"": ""Blue Line"", ""transport_mode"": ""bus""}","{""route_id"": ""CMRL_BLUE_CORRIDOR_1""}",REQUIRES_REALTIME_DATA,template_instantiation,TMPL_REALTIME_STATUS_QUERY_HI_LATN_13
PILOT_T2_TR_000295,,SFAM_MODE_AVAILABILITY_017,FAM_MODE_AVAILABILITY_017,PARA_MODE_AVAILABILITY_16_0,T2_MEDIUM_V1,service_availability,CHECK_SERVICE_AVAILABILITY,Please tell: Are there direct public transport options from St. Thomas Mount to Tambaram? [avail F17] #2,en,Latn,CS0,N0,"{""origin"": ""St. Thomas Mount"", ""destination"": ""Tambaram"", ""transport_mode"": ""any""}","{""origin_id"": ""METRO_ST__THOMAS_MOUNT"", ""destination_id"": ""BUS_5304399879""}",ANSWERABLE_WITH_PROVISIONAL_DATA,template_instantiation,TMPL_MODE_AVAILABILITY_EN_16
PILOT_T2_TR_000296,,SFAM_MODE_AVAILABILITY_017,FAM_MODE_AVAILABILITY_017,PARA_MODE_AVAILABILITY_16_0,T2_MEDIUM_V1,service_availability,CHECK_SERVICE_AVAILABILITY,Are there direct public transport options from St. Thomas Mount to Tambaram? [avail F17],en,Latn,CS0,N0,"{""origin"": ""St. Thomas Mount"", ""destination"": ""Tambaram"", ""transport_mode"": ""any""}","{""origin_id"": ""METRO_ST__THOMAS_MOUNT"", ""destination_id"": ""BUS_5304399879""}",ANSWERABLE_WITH_PROVISIONAL_DATA,template_instantiation,TMPL_MODE_AVAILABILITY_EN_16
PILOT_T2_TR_000297,,SFAM_TICKETING_AND_PASSES_011,FAM_TICKETING_AND_PASSES_011,PARA_TICKETING_AND_PASSES_10_4,T2_MEDIUM_V1,ticketing_rules,GET_TICKETING_POLICY,Please tell: Commuter Student Concession Card ke application aur terms ki complete details F11 #2,hi-en,Deva+Latn,CS4,N0,"{""ticket_type"": ""student_pass"", ""transport_mode"": ""transit""}",{},ANSWERABLE_NOW,template_instantiation,TMPL_TICKETING_AND_PASSES_MIXED_SCRIPT_CS_10
PILOT_T2_TR_000298,,SFAM_ROUTE_STOP_SEQUENCE_012,FAM_ROUTE_STOP_SEQUENCE_012,PARA_ROUTE_STOP_SEQUENCE_11_0,T2_MEDIUM_V1,route_stops,LIST_ROUTE_STOPS,List every intermediate stop along route 22 CT in order. [seq F12],en,Latn,CS0,N0,"{""route_number"": ""22 CT"", ""transport_mode"": ""bus""}","{""route_id"": ""GTFS_ROUTE_18753""}",ANSWERABLE_WITH_PROVISIONAL_DATA,template_instantiation,TMPL_ROUTE_STOP_SEQUENCE_EN_11
PILOT_T2_TR_000299,,SFAM_OUT_OF_SCOPE_013,FAM_OUT_OF_SCOPE_013,PARA_OUT_OF_SCOPE_12_3,T2_MEDIUM_V1,out_of_scope,REJECT_OUT_OF_SCOPE,"Excuse me, What is the general weather rain forecast in Chennai near Great Lakes Institute today (F13)? #6",hi-en,Latn,CS3,N2,"{""landmark"": ""Great Lakes Institute""}","{""place_id"": ""OSM_POI_577328882""}",OUT_OF_SCOPE,template_instantiation,TMPL_OUT_OF_SCOPE_HINGLISH_LATN_12
PILOT_T2_TR_000300,,SFAM_ROUTE_STOP_SEQUENCE_018,FAM_ROUTE_STOP_SEQUENCE_018,PARA_ROUTE_STOP_SEQUENCE_17_3,T2_MEDIUM_V1,route_stops,LIST_ROUTE_STOPS,Please tell: Full stop order details for bus number 102A please provide (F18) #2,hi-en,Latn,CS3,N0,"{""route_number"": ""102A"", ""transport_mode"": ""bus""}","{""route_id"": ""GTFS_ROUTE_10248""}",ANSWERABLE_WITH_PROVISIONAL_DATA,template_instantiation,TMPL_ROUTE_STOP_SEQUENCE_HINGLISH_LATN_17
PILOT_T2_TR_000301,,SFAM_REALTIME_STATUS_QUERY_011,FAM_REALTIME_STATUS_QUERY_011,PARA_REALTIME_STATUS_QUERY_10_3,T2_MEDIUM_V1,realtime_status_query,REJECT_UNSUPPORTED_REALTIME,Please tell: Live crowd density and train arrival countdown at Egmore right now (F11) #2,hi-en,Latn,CS3,N0,"{""station"": ""Egmore"", ""transport_mode"": ""metro""}","{""station_id"": ""METRO_EGMORE""}",REQUIRES_REALTIME_DATA,template_instantiation,TMPL_REALTIME_STATUS_QUERY_HINGLISH_LATN_10
PILOT_T2_TR_000302,,SFAM_MODE_AVAILABILITY_007,FAM_MODE_AVAILABILITY_007,PARA_MODE_AVAILABILITY_6_2,T2_MEDIUM_V1,service_availability,CHECK_SERVICE_AVAILABILITY,Quick check: vadapalani se thiruvanmiyur tak direct transit options available hain kya? [suvidha F7] #4,hi,Latn,CS0,N0,"{""origin"": ""vadapalani"", ""destination"": ""thiruvanmiyur"", ""transport_mode"": ""any""}","{""origin_id"": ""METRO_VADAPALANI"", ""destination_id"": ""BUS_3247310920""}",ANSWERABLE_WITH_PROVISIONAL_DATA,template_instantiation,TMPL_MODE_AVAILABILITY_HI_LATN_6
PILOT_T2_TR_000303,,SFAM_STATION_FACILITIES_017,FAM_STATION_FACILITIES_017,PARA_STATION_FACILITIES_16_2,T2_MEDIUM_V1,station_facilities,GET_STATION_FACILITY,Please tell: kya st thomas mount station par passenger car parking service available hai? [amenity F17] #2,hi,Latn,CS0,N1,"{""station"": ""st thomas mount"", ""facility_type"": ""parking"", ""transport_mode"": ""metro""}","{""station_id"": ""METRO_ST__THOMAS_MOUNT""}",ANSWERABLE_NOW,template_instantiation,TMPL_STATION_FACILITIES_HI_LATN_16
PILOT_T2_TR_000304,,SFAM_SCHEDULED_DEPARTURE_002,FAM_SCHEDULED_DEPARTURE_002,PARA_SCHEDULED_DEPARTURE_1_0,T2_MEDIUM_V1,service_timing,GET_SCHEDULED_DEPARTURES,Show metro departure timetable at bare 8 o'clock from Chennai Central [sched F2],en,Latn,CS0,N0,"{""origin"": ""Chennai Central"", ""time"": ""8 o'clock"", ""temporal_ambiguity"": true, ""dual_candidates"": [""08:00:00"", ""20:00:00""]}","{""origin_id"": ""METRO_PURATCHI_THALAIVAR_DR__M_G_RAMACHANDRAN_CENTRAL""}",ANSWERABLE_NOW,template_instantiation,TMPL_SCHEDULED_DEPARTURE_EN_1
PILOT_T2_TR_000305,,SFAM_TICKETING_AND_PASSES_017,FAM_TICKETING_AND_PASSES_017,PARA_TICKETING_AND_PASSES_16_1,T2_MEDIUM_V1,ticketing_rules,GET_TICKETING_POLICY,Quick check: यात्रियों के लिए छात्र रियायती पास प्राप्त करने के नियम और प्रक्रिया क्या हैं? (पास F17) #4,hi,Deva,CS0,N0,"{""ticket_type"": ""student_pass"", ""transport_mode"": ""पारगमन""}",{},ANSWERABLE_NOW,template_instantiation,TMPL_TICKETING_AND_PASSES_HI_DEVA_16
PILOT_T2_TR_000306,,SFAM_ROUTE_STOP_SEQUENCE_001,FAM_ROUTE_STOP_SEQUENCE_001,PARA_ROUTE_STOP_SEQUENCE_0_3,T2_MEDIUM_V1,route_stops,LIST_ROUTE_STOPS,Please tell: Full stop order details for bus number 21G please provide (F1) #2,hi-en,Latn,CS3,N0,"{""route_number"": ""21G"", ""transport_mode"": ""bus""}","{""route_id"": ""GTFS_ROUTE_8458""}",ANSWERABLE_WITH_PROVISIONAL_DATA,template_instantiation,TMPL_ROUTE_STOP_SEQUENCE_HINGLISH_LATN_0
PILOT_T2_TR_000307,,SFAM_ROUTE_STOP_MEMBERSHIP_015,FAM_ROUTE_STOP_MEMBERSHIP_015,PARA_ROUTE_STOP_MEMBERSHIP_14_0,T2_MEDIUM_V1,route_stops,CHECK_STOP_ON_ROUTE,Please tell: Does bus route Green Line make a scheduled halt at Bus stand? [chk F15] #2,en,Latn,CS0,N0,"{""route_number"": ""Green Line"", ""stop"": ""Bus stand"", ""transport_mode"": ""bus""}","{""route_id"": ""CMRL_GREEN_CORRIDOR_2"", ""stop_id"": ""BUS_5300484122""}",ANSWERABLE_WITH_PROVISIONAL_DATA,template_instantiation,TMPL_ROUTE_STOP_MEMBERSHIP_EN_14
PILOT_T2_TR_000308,,SFAM_NEAREST_TRANSPORT_020,FAM_NEAREST_TRANSPORT_020,PARA_NEAREST_TRANSPORT_19_3,T2_MEDIUM_V1,nearest_transport,FIND_NEAREST_STATION,Find closest public transport access point near Padalam Hospital (F20),hi-en,Latn,CS3,N0,"{""landmark"": ""Padalam Hospital"", ""transport_mode"": ""public transport""}","{""place_id"": ""OSM_POI_7257518724""}",ANSWERABLE_NOW,template_instantiation,TMPL_NEAREST_TRANSPORT_HINGLISH_LATN_19
PILOT_T2_TR_000309,,SFAM_OUT_OF_SCOPE_020,FAM_OUT_OF_SCOPE_020,PARA_OUT_OF_SCOPE_19_3,T2_MEDIUM_V1,out_of_scope,REJECT_OUT_OF_SCOPE,Please tell: What is the general weather rain forecast in Chennai near Padalam Hospital today (F20)? #2,hi-en,Latn,CS3,N0,"{""landmark"": ""Padalam Hospital""}","{""place_id"": ""OSM_POI_7257518724""}",OUT_OF_SCOPE,template_instantiation,TMPL_OUT_OF_SCOPE_HINGLISH_LATN_19
PILOT_T2_TR_000310,,SFAM_ROUTE_STOP_SEQUENCE_010,FAM_ROUTE_STOP_SEQUENCE_010,PARA_ROUTE_STOP_SEQUENCE_9_3,T2_MEDIUM_V1,route_stops,LIST_ROUTE_STOPS,Full stop order details for bus number 12G please provide (F10),hi-en,Latn,CS3,N0,"{""route_number"": ""12G"", ""transport_mode"": ""bus""}","{""route_id"": ""GTFS_ROUTE_18750""}",ANSWERABLE_WITH_PROVISIONAL_DATA,template_instantiation,TMPL_ROUTE_STOP_SEQUENCE_HINGLISH_LATN_9
PILOT_T2_TR_000311,,SFAM_NEAREST_TRANSPORT_018,FAM_NEAREST_TRANSPORT_018,PARA_NEAREST_TRANSPORT_17_0,T2_MEDIUM_V1,nearest_transport,FIND_NEAREST_STATION,Could you specify Which is the nearest metro station or transit stop to Madhuranthagam Hospital? [loc F18]? #3,en,Latn,CS0,N0,"{""landmark"": ""Madhuranthagam Hospital"", ""transport_mode"": ""metro""}","{""place_id"": ""OSM_POI_7257518777""}",ANSWERABLE_NOW,template_instantiation,TMPL_NEAREST_TRANSPORT_EN_17
PILOT_T2_TR_000312,,SFAM_INTERCHANGE_TRANSFER_012,FAM_INTERCHANGE_TRANSFER_012,PARA_INTERCHANGE_TRANSFER_11_0,T2_MEDIUM_V1,interchange_query,GET_INTERCHANGE_DETAILS,Quick check: How do I switch lines to connect towards Kilpauk at Thousand Lights interchange? [xfer F12] #4,en,Latn,CS0,N0,"{""station"": ""Thousand Lights"", ""destination"": ""Kilpauk"", ""facility_type"": ""interchange""}","{""station_id"": ""METRO_THOUSAND_LIGHTS"", ""destination_id"": ""METRO_KILPAUK""}",ANSWERABLE_AFTER_MANUAL_VERIFICATION,template_instantiation,TMPL_INTERCHANGE_TRANSFER_EN_11
PILOT_T2_TR_000313,,SFAM_STATION_FACILITIES_002,FAM_STATION_FACILITIES_002,PARA_STATION_FACILITIES_1_3,T2_MEDIUM_V1,station_facilities,GET_STATION_FACILITY,Quick check: Does Chennai Central station premises include operational two-wheeler bike parking (F2)? #4,hi-en,Latn,CS3,N2,"{""station"": ""Chennai Central"", ""facility_type"": ""two_wheeler_parking"", ""transport_mode"": ""metro""}","{""station_id"": ""METRO_PURATCHI_THALAIVAR_DR__M_G_RAMACHANDRAN_CENTRAL""}",ANSWERABLE_NOW,template_instantiation,TMPL_STATION_FACILITIES_HINGLISH_LATN_1
PILOT_T2_TR_000314,,SFAM_POINT_TO_POINT_ROUTE_004,FAM_POINT_TO_POINT_ROUTE_004,PARA_POINT_TO_POINT_ROUTE_3_2,T2_MEDIUM_V1,route_query,PLAN_ROUTE,Please tell: alandur se egmore metro se travel kaise kare? [tarika F4] #2,hi,Latn,CS0,N0,"{""origin"": ""alandur"", ""destination"": ""egmore"", ""transport_mode"": ""metro""}","{""origin_id"": ""METRO_ARIGNAR_ANNA_ALANDUR"", ""destination_id"": ""METRO_EGMORE""}",ANSWERABLE_WITH_PROVISIONAL_DATA,template_instantiation,TMPL_POINT_TO_POINT_ROUTE_HI_LATN_3
PILOT_T2_TR_000315,,SFAM_STATION_FACILITIES_013,FAM_STATION_FACILITIES_013,PARA_STATION_FACILITIES_12_3,T2_MEDIUM_V1,station_facilities,GET_STATION_FACILITY,Could you specify Does Wimco Nagar Depot station premises include operational car parking (F13)?? #3,hi-en,Latn,CS3,N0,"{""station"": ""Wimco Nagar Depot"", ""facility_type"": ""parking"", ""transport_mode"": ""metro""}","{""station_id"": ""METRO_WIMCO_NAGAR""}",ANSWERABLE_NOW,template_instantiation,TMPL_STATION_FACILITIES_HINGLISH_LATN_12
PILOT_T2_TR_000316,,SFAM_STATION_ACCESSIBILITY_006,FAM_STATION_ACCESSIBILITY_006,PARA_STATION_ACCESSIBILITY_5_1,T2_MEDIUM_V1,accessibility,GET_ACCESSIBILITY_INFO,Quick check: क्या कोयम्बेडु स्टेशन पर दिव्यांग यात्रियों के लिए यात्री लिफ्ट उपलब्ध है? (सुलभता F6) #4,hi,Deva,CS0,N0,"{""station"": ""कोयम्बेडु"", ""accessibility_feature"": ""lift"", ""transport_mode"": ""मेट्रो""}","{""station_id"": ""METRO_KOYAMBEDU""}",ANSWERABLE_NOW,template_instantiation,TMPL_STATION_ACCESSIBILITY_HI_DEVA_5
PILOT_T2_TR_000317,,SFAM_STATION_FACILITIES_007,FAM_STATION_FACILITIES_007,PARA_STATION_FACILITIES_6_3,T2_MEDIUM_V1,station_facilities,GET_STATION_FACILITY,Transit query: Does Vadapalani station premises include operational EV vehicle charging (F7)? #5,hi-en,Latn,CS3,N1,"{""station"": ""Vadapalani"", ""facility_type"": ""ev_charging"", ""transport_mode"": ""metro""}","{""station_id"": ""METRO_VADAPALANI""}",ANSWERABLE_NOW,template_instantiation,TMPL_STATION_FACILITIES_HINGLISH_LATN_6
PILOT_T2_TR_000318,,SFAM_SERVICE_FREQUENCY_004,FAM_SERVICE_FREQUENCY_004,PARA_SERVICE_FREQUENCY_3_1,T2_MEDIUM_V1,service_timing,GET_SERVICE_FREQUENCY,Please tell: आलंदूर और एग्मोर के बीच मेट्रो हर कितने मिनट के अंतराल पर चलती है? (आवृत्ति F4) #2,hi,Deva,CS0,N0,"{""origin"": ""आलंदूर"", ""destination"": ""एग्मोर"", ""timing_type"": ""frequency"", ""transport_mode"": ""मेट्रो""}","{""origin_id"": ""METRO_ARIGNAR_ANNA_ALANDUR"", ""destination_id"": ""METRO_EGMORE""}",ANSWERABLE_NOW,template_instantiation,TMPL_SERVICE_FREQUENCY_HI_DEVA_3
PILOT_T2_TR_000319,,SFAM_REALTIME_STATUS_QUERY_020,FAM_REALTIME_STATUS_QUERY_020,PARA_REALTIME_STATUS_QUERY_19_0,T2_MEDIUM_V1,realtime_status_query,REJECT_UNSUPPORTED_REALTIME,Transit query: Where is bus 23C right now and what is its live location? [live F20] #5,en,Latn,CS0,N0,"{""route_number"": ""23C"", ""transport_mode"": ""bus""}","{""route_id"": ""GTFS_ROUTE_10214""}",REQUIRES_REALTIME_DATA,template_instantiation,TMPL_REALTIME_STATUS_QUERY_EN_19
PILOT_T2_TR_000320,,SFAM_MODE_AVAILABILITY_008,FAM_MODE_AVAILABILITY_008,PARA_MODE_AVAILABILITY_7_0,T2_MEDIUM_V1,service_availability,CHECK_SERVICE_AVAILABILITY,Quick check: Are there direct public transport options from High Court to Mylapore? [avail F8] #4,en,Latn,CS0,N0,"{""origin"": ""High Court"", ""destination"": ""Mylapore"", ""transport_mode"": ""any""}","{""origin_id"": ""METRO_HIGHCOURT"", ""destination_id"": ""BUS_410614381""}",ANSWERABLE_WITH_PROVISIONAL_DATA,template_instantiation,TMPL_MODE_AVAILABILITY_EN_7
PILOT_T2_TR_000321,,SFAM_OUT_OF_SCOPE_008,FAM_OUT_OF_SCOPE_008,PARA_OUT_OF_SCOPE_7_1,T2_MEDIUM_V1,out_of_scope,REJECT_OUT_OF_SCOPE,Quick check: हाई कोर्ट के निकटतम सबसे अच्छे रेस्टोरेंट और भोजनालय की सूची दें। (बाहर F8) #4,hi,Deva,CS0,N0,"{""station"": ""हाई कोर्ट""}","{""station_id"": ""METRO_HIGHCOURT""}",OUT_OF_SCOPE,template_instantiation,TMPL_OUT_OF_SCOPE_HI_DEVA_7
PILOT_T2_TR_000322,,SFAM_ROUTE_STOP_MEMBERSHIP_007,FAM_ROUTE_STOP_MEMBERSHIP_007,PARA_ROUTE_STOP_MEMBERSHIP_6_2,T2_MEDIUM_V1,route_stops,CHECK_STOP_ON_ROUTE,kya bus 19B ka thiruvanmiyur par stoppage hai confirm kare? [check F7],hi,Latn,CS0,N1,"{""route_number"": ""19B"", ""stop"": ""thiruvanmiyur"", ""transport_mode"": ""bus""}","{""route_id"": ""GTFS_ROUTE_10696"", ""stop_id"": ""BUS_3247310920""}",ANSWERABLE_WITH_PROVISIONAL_DATA,template_instantiation,TMPL_ROUTE_STOP_MEMBERSHIP_HI_LATN_6
PILOT_T2_TR_000323,,SFAM_TICKETING_AND_PASSES_012,FAM_TICKETING_AND_PASSES_012,PARA_TICKETING_AND_PASSES_11_1,T2_MEDIUM_V1,ticketing_rules,GET_TICKETING_POLICY,यात्रियों के लिए एनसीएमसी कार्ड प्राप्त करने के नियम और प्रक्रिया क्या हैं? (पास F12),hi,Deva,CS0,N1,"{""ticket_type"": ""ncmc_card"", ""transport_mode"": ""पारगमन""}",{},ANSWERABLE_NOW,template_instantiation,TMPL_TICKETING_AND_PASSES_HI_DEVA_11
PILOT_T2_TR_000324,,SFAM_STATION_ACCESSIBILITY_017,FAM_STATION_ACCESSIBILITY_017,PARA_STATION_ACCESSIBILITY_16_4,T2_MEDIUM_V1,accessibility,GET_ACCESSIBILITY_INFO,Please tell: St. Thomas Mount station par handicapped passengers ke liye wheelchair ramp support status F17 #2,hi-en,Deva+Latn,CS4,N0,"{""station"": ""St. Thomas Mount"", ""accessibility_feature"": ""wheelchair"", ""transport_mode"": ""metro""}","{""station_id"": ""METRO_ST__THOMAS_MOUNT""}",ANSWERABLE_NOW,template_instantiation,TMPL_STATION_ACCESSIBILITY_MIXED_SCRIPT_CS_16
PILOT_T2_TR_000325,,SFAM_STATION_FACILITIES_002,FAM_STATION_FACILITIES_002,PARA_STATION_FACILITIES_1_3,T2_MEDIUM_V1,station_facilities,GET_STATION_FACILITY,"Hello assistant, Does Chennai Central station premises include operational two-wheeler bike parking (F2)? #7",hi-en,Latn,CS3,N0,"{""station"": ""Chennai Central"", ""facility_type"": ""two_wheeler_parking"", ""transport_mode"": ""metro""}","{""station_id"": ""METRO_PURATCHI_THALAIVAR_DR__M_G_RAMACHANDRAN_CENTRAL""}",ANSWERABLE_NOW,template_instantiation,TMPL_STATION_FACILITIES_HINGLISH_LATN_1
PILOT_T2_TR_000326,,SFAM_REALTIME_STATUS_QUERY_014,FAM_REALTIME_STATUS_QUERY_014,PARA_REALTIME_STATUS_QUERY_13_3,T2_MEDIUM_V1,realtime_status_query,REJECT_UNSUPPORTED_REALTIME,Live crowd density and train arrival countdown at Washermenpet right now (F14),hi-en,Latn,CS3,N0,"{""station"": ""Washermenpet"", ""transport_mode"": ""metro""}","{""station_id"": ""METRO_WASHERMENPET""}",REQUIRES_REALTIME_DATA,template_instantiation,TMPL_REALTIME_STATUS_QUERY_HINGLISH_LATN_13
PILOT_T2_TR_000327,,SFAM_ROUTE_STOP_SEQUENCE_018,FAM_ROUTE_STOP_SEQUENCE_018,PARA_ROUTE_STOP_SEQUENCE_17_0,T2_MEDIUM_V1,route_stops,LIST_ROUTE_STOPS,List every intermediate stop along route 102A in order. [seq F18],en,Latn,CS0,N0,"{""route_number"": ""102A"", ""transport_mode"": ""bus""}","{""route_id"": ""GTFS_ROUTE_10248""}",ANSWERABLE_WITH_PROVISIONAL_DATA,template_instantiation,TMPL_ROUTE_STOP_SEQUENCE_EN_17
PILOT_T2_TR_000328,,SFAM_MODE_AVAILABILITY_001,FAM_MODE_AVAILABILITY_001,PARA_MODE_AVAILABILITY_0_0,T2_MEDIUM_V1,service_availability,CHECK_SERVICE_AVAILABILITY,"Excuse me, Are there direct public transport options from Airport to Tambaram? [avail F1] #6",en,Latn,CS0,N0,"{""origin"": ""Airport"", ""destination"": ""Tambaram"", ""transport_mode"": ""any""}","{""origin_id"": ""METRO_CHENNAI_INTERNATIONAL_AIRPORT"", ""destination_id"": ""BUS_5304399879""}",ANSWERABLE_WITH_PROVISIONAL_DATA,template_instantiation,TMPL_MODE_AVAILABILITY_EN_0
PILOT_T2_TR_000329,,SFAM_INTERCHANGE_TRANSFER_003,FAM_INTERCHANGE_TRANSFER_003,PARA_INTERCHANGE_TRANSFER_2_3,T2_MEDIUM_V1,interchange_query,GET_INTERCHANGE_DETAILS,Transfer walking time and directions at Guindy multimodal terminal (F3),hi-en,Latn,CS3,N0,"{""station"": ""Guindy"", ""facility_type"": ""interchange""}","{""station_id"": ""METRO_GUINDY""}",ANSWERABLE_AFTER_MANUAL_VERIFICATION,template_instantiation,TMPL_INTERCHANGE_TRANSFER_HINGLISH_LATN_2
PILOT_T2_TR_000330,,SFAM_MODE_AVAILABILITY_003,FAM_MODE_AVAILABILITY_003,PARA_MODE_AVAILABILITY_2_3,T2_MEDIUM_V1,service_availability,CHECK_SERVICE_AVAILABILITY,Transit query: Is public transit operational connecting Guindy and Adyar (F3)? #5,hi-en,Latn,CS3,N0,"{""origin"": ""Guindy"", ""destination"": ""Adyar"", ""transport_mode"": ""public transit""}","{""origin_id"": ""METRO_GUINDY"", ""destination_id"": ""BUS_2587520213""}",ANSWERABLE_WITH_PROVISIONAL_DATA,template_instantiation,TMPL_MODE_AVAILABILITY_HINGLISH_LATN_2
PILOT_T2_TR_000331,,SFAM_STATION_ACCESSIBILITY_002,FAM_STATION_ACCESSIBILITY_002,PARA_STATION_ACCESSIBILITY_1_3,T2_MEDIUM_V1,accessibility,GET_ACCESSIBILITY_INFO,Could you specify Verification of accessible passenger elevator lift support at Chennai Central metro (F2)? #3,hi-en,Latn,CS3,N1,"{""station"": ""Chennai Central"", ""accessibility_feature"": ""lift"", ""transport_mode"": ""metro""}","{""station_id"": ""METRO_PURATCHI_THALAIVAR_DR__M_G_RAMACHANDRAN_CENTRAL""}",ANSWERABLE_NOW,template_instantiation,TMPL_STATION_ACCESSIBILITY_HINGLISH_LATN_1
PILOT_T2_TR_000332,,SFAM_REALTIME_STATUS_QUERY_003,FAM_REALTIME_STATUS_QUERY_003,PARA_REALTIME_STATUS_QUERY_2_1,T2_MEDIUM_V1,realtime_status_query,REJECT_UNSUPPORTED_REALTIME,Could you specify क्या गिंडी से आने वाली ट्रेन अभी लेट चल रही है लाइव स्थिति बताएं? (ताज़ा F3)? #3,hi,Deva,CS0,N0,"{""origin"": ""गिंडी"", ""transport_mode"": ""ट्रेन""}","{""origin_id"": ""METRO_GUINDY""}",REQUIRES_REALTIME_DATA,template_instantiation,TMPL_REALTIME_STATUS_QUERY_HI_DEVA_2
PILOT_T2_TR_000333,,SFAM_MODE_AVAILABILITY_018,FAM_MODE_AVAILABILITY_018,PARA_MODE_AVAILABILITY_17_0,T2_MEDIUM_V1,service_availability,CHECK_SERVICE_AVAILABILITY,"Excuse me, Are there direct public transport options from Nehru Park to Broadway? [avail F18] #6",en,Latn,CS0,N0,"{""origin"": ""Nehru Park"", ""destination"": ""Broadway"", ""transport_mode"": ""any""}","{""origin_id"": ""METRO_NEHRU_PARK"", ""destination_id"": ""BUS_27618346""}",ANSWERABLE_WITH_PROVISIONAL_DATA,template_instantiation,TMPL_MODE_AVAILABILITY_EN_17
PILOT_T2_TR_000334,,SFAM_TICKETING_AND_PASSES_004,FAM_TICKETING_AND_PASSES_004,PARA_TICKETING_AND_PASSES_3_0,T2_MEDIUM_V1,ticketing_rules,GET_TICKETING_POLICY,"Hello assistant, What are the rules and procedure to purchase a Tourist One-Day Pass for commuters? [pass F4] #7",en,Latn,CS0,N1,"{""ticket_type"": ""tourist_card"", ""transport_mode"": ""transit""}",{},ANSWERABLE_NOW,template_instantiation,TMPL_TICKETING_AND_PASSES_EN_3
PILOT_T2_TR_000335,,SFAM_POINT_TO_POINT_ROUTE_001,FAM_POINT_TO_POINT_ROUTE_001,PARA_POINT_TO_POINT_ROUTE_0_4,T2_MEDIUM_V1,route_query,PLAN_ROUTE,Please tell: Airport से High Court direct metro connection bataye route plan F1 #2,hi-en,Deva+Latn,CS4,N0,"{""origin"": ""Airport"", ""destination"": ""High Court"", ""transport_mode"": ""metro""}","{""origin_id"": ""METRO_CHENNAI_INTERNATIONAL_AIRPORT"", ""destination_id"": ""METRO_HIGHCOURT""}",ANSWERABLE_WITH_PROVISIONAL_DATA,template_instantiation,TMPL_POINT_TO_POINT_ROUTE_MIXED_SCRIPT_CS_0
PILOT_T2_TR_000336,,SFAM_TICKETING_AND_PASSES_016,FAM_TICKETING_AND_PASSES_016,PARA_TICKETING_AND_PASSES_15_1,T2_MEDIUM_V1,ticketing_rules,GET_TICKETING_POLICY,Could you specify यात्रियों के लिए टूरिस्ट कार्ड प्राप्त करने के नियम और प्रक्रिया क्या हैं? (पास F16)? #3,hi,Deva,CS0,N0,"{""ticket_type"": ""tourist_card"", ""transport_mode"": ""पारगमन""}",{},ANSWERABLE_NOW,template_instantiation,TMPL_TICKETING_AND_PASSES_HI_DEVA_15
PILOT_T2_TR_000337,,SFAM_NEAREST_TRANSPORT_009,FAM_NEAREST_TRANSPORT_009,PARA_NEAREST_TRANSPORT_8_1,T2_MEDIUM_V1,nearest_transport,FIND_NEAREST_STATION,Please tell: कर्पगा संस्थान के सबसे निकटतम मेट्रो स्टेशन या बस स्टॉप कौन सा है? (निकट F9) #2,hi,Deva,CS0,N0,"{""landmark"": ""कर्पगा संस्थान"", ""transport_mode"": ""मेट्रो या बस""}","{""place_id"": ""OSM_POI_3082849503""}",ANSWERABLE_NOW,template_instantiation,TMPL_NEAREST_TRANSPORT_HI_DEVA_8
PILOT_T2_TR_000338,,SFAM_MODE_AVAILABILITY_001,FAM_MODE_AVAILABILITY_001,PARA_MODE_AVAILABILITY_0_2,T2_MEDIUM_V1,service_availability,CHECK_SERVICE_AVAILABILITY,Could you specify airport se tambaram tak direct transit options available hain kya? [suvidha F1]? #3,hi,Latn,CS0,N0,"{""origin"": ""airport"", ""destination"": ""tambaram"", ""transport_mode"": ""any""}","{""origin_id"": ""METRO_CHENNAI_INTERNATIONAL_AIRPORT"", ""destination_id"": ""BUS_5304399879""}",ANSWERABLE_WITH_PROVISIONAL_DATA,template_instantiation,TMPL_MODE_AVAILABILITY_HI_LATN_0
PILOT_T2_TR_000339,,SFAM_INTERCHANGE_TRANSFER_010,FAM_INTERCHANGE_TRANSFER_010,PARA_INTERCHANGE_TRANSFER_9_1,T2_MEDIUM_V1,interchange_query,GET_INTERCHANGE_DETAILS,अन्ना नगर टावर इंटरचेंज पर दूसरी लाइन में ट्रांसफर करने का मार्ग क्या है? (बदलाव F10),hi,Deva,CS0,N1,"{""station"": ""अन्ना नगर टावर"", ""facility_type"": ""इंटरचेंज""}","{""station_id"": ""METRO_ANNA_NAGAR_TOWER""}",ANSWERABLE_AFTER_MANUAL_VERIFICATION,template_instantiation,TMPL_INTERCHANGE_TRANSFER_HI_DEVA_9
PILOT_T2_TR_000340,,SFAM_STATION_ACCESSIBILITY_009,FAM_STATION_ACCESSIBILITY_009,PARA_STATION_ACCESSIBILITY_8_4,T2_MEDIUM_V1,accessibility,GET_ACCESSIBILITY_INFO,Could you specify Thirumangalam station par handicapped passengers ke liye wheelchair ramp support status F9? #3,hi-en,Deva+Latn,CS4,N0,"{""station"": ""Thirumangalam"", ""accessibility_feature"": ""wheelchair"", ""transport_mode"": ""metro""}","{""station_id"": ""METRO_THIRUMANGALAM""}",ANSWERABLE_NOW,template_instantiation,TMPL_STATION_ACCESSIBILITY_MIXED_SCRIPT_CS_8
PILOT_T2_TR_000341,,SFAM_TICKETING_AND_PASSES_015,FAM_TICKETING_AND_PASSES_015,PARA_TICKETING_AND_PASSES_14_4,T2_MEDIUM_V1,ticketing_rules,GET_TICKETING_POLICY,Commuter WhatsApp QR Ticket ke application aur terms ki complete details F15,hi-en,Deva+Latn,CS4,N0,"{""ticket_type"": ""qr_ticket"", ""transport_mode"": ""transit""}",{},ANSWERABLE_NOW,template_instantiation,TMPL_TICKETING_AND_PASSES_MIXED_SCRIPT_CS_14
PILOT_T2_TR_000342,,SFAM_TICKETING_AND_PASSES_019,FAM_TICKETING_AND_PASSES_019,PARA_TICKETING_AND_PASSES_18_0,T2_MEDIUM_V1,ticketing_rules,GET_TICKETING_POLICY,Could you specify What are the rules and procedure to purchase a Monthly Season Pass for commuters? [pass F19]? #3,en,Latn,CS0,N0,"{""ticket_type"": ""monthly_pass"", ""transport_mode"": ""transit""}",{},ANSWERABLE_NOW,template_instantiation,TMPL_TICKETING_AND_PASSES_EN_18
PILOT_T2_TR_000343,,SFAM_TICKETING_AND_PASSES_009,FAM_TICKETING_AND_PASSES_009,PARA_TICKETING_AND_PASSES_8_1,T2_MEDIUM_V1,ticketing_rules,GET_TICKETING_POLICY,Could you specify यात्रियों के लिए क्यूआर टिकट प्राप्त करने के नियम और प्रक्रिया क्या हैं? (पास F9)? #3,hi,Deva,CS0,N0,"{""ticket_type"": ""qr_ticket"", ""transport_mode"": ""पारगमन""}",{},ANSWERABLE_NOW,template_instantiation,TMPL_TICKETING_AND_PASSES_HI_DEVA_8
PILOT_T2_TR_000344,,SFAM_NEAREST_TRANSPORT_017,FAM_NEAREST_TRANSPORT_017,PARA_NEAREST_TRANSPORT_16_4,T2_MEDIUM_V1,nearest_transport,FIND_NEAREST_STATION,Please tell: Mother Child Hospital ke pass nearest metro stop connection distance bataye F17 #2,hi-en,Deva+Latn,CS4,N0,"{""landmark"": ""Mother Child Hospital"", ""transport_mode"": ""metro""}","{""place_id"": ""OSM_POI_7257518731""}",ANSWERABLE_NOW,template_instantiation,TMPL_NEAREST_TRANSPORT_MIXED_SCRIPT_CS_16
PILOT_T2_TR_000345,,SFAM_SERVICE_FREQUENCY_005,FAM_SERVICE_FREQUENCY_005,PARA_SERVICE_FREQUENCY_4_4,T2_MEDIUM_V1,service_timing,GET_SERVICE_FREQUENCY,CMBT से Thousand Lights trains kitni frequency se run karti hain interval F5,hi-en,Deva+Latn,CS4,N0,"{""origin"": ""CMBT"", ""destination"": ""Thousand Lights"", ""timing_type"": ""frequency"", ""transport_mode"": ""metro""}","{""origin_id"": ""METRO_PURATCHI_THALAIVI_DR_J_JAYALALITHAA_CMBT"", ""destination_id"": ""METRO_THOUSAND_LIGHTS""}",ANSWERABLE_NOW,template_instantiation,TMPL_SERVICE_FREQUENCY_MIXED_SCRIPT_CS_4
PILOT_T2_TR_000346,,SFAM_STATION_FACILITIES_002,FAM_STATION_FACILITIES_002,PARA_STATION_FACILITIES_1_0,T2_MEDIUM_V1,station_facilities,GET_STATION_FACILITY,Quick check: Is two-wheeler bike parking facility available at Chennai Central metro station? [fac F2] #4,en,Latn,CS0,N0,"{""station"": ""Chennai Central"", ""facility_type"": ""two_wheeler_parking"", ""transport_mode"": ""metro""}","{""station_id"": ""METRO_PURATCHI_THALAIVAR_DR__M_G_RAMACHANDRAN_CENTRAL""}",ANSWERABLE_NOW,template_instantiation,TMPL_STATION_FACILITIES_EN_1
PILOT_T2_TR_000347,,SFAM_POINT_TO_POINT_ROUTE_001,FAM_POINT_TO_POINT_ROUTE_001,PARA_POINT_TO_POINT_ROUTE_0_1,T2_MEDIUM_V1,route_query,PLAN_ROUTE,Please tell: एयरपोर्ट से हाई कोर्ट मेट्रो से जाने का रास्ता क्या है? (प्रारूप F1) #2,hi,Deva,CS0,N0,"{""origin"": ""एयरपोर्ट"", ""destination"": ""हाई कोर्ट"", ""transport_mode"": ""मेट्रो""}","{""origin_id"": ""METRO_CHENNAI_INTERNATIONAL_AIRPORT"", ""destination_id"": ""METRO_HIGHCOURT""}",ANSWERABLE_WITH_PROVISIONAL_DATA,template_instantiation,TMPL_POINT_TO_POINT_ROUTE_HI_DEVA_0
PILOT_T2_TR_000348,,SFAM_MODE_AVAILABILITY_011,FAM_MODE_AVAILABILITY_011,PARA_MODE_AVAILABILITY_10_3,T2_MEDIUM_V1,service_availability,CHECK_SERVICE_AVAILABILITY,Is public transit operational connecting Egmore and Kalpakkam (F11)?,hi-en,Latn,CS3,N0,"{""origin"": ""Egmore"", ""destination"": ""Kalpakkam"", ""transport_mode"": ""public transit""}","{""origin_id"": ""METRO_EGMORE"", ""destination_id"": ""BUS_30143150""}",ANSWERABLE_WITH_PROVISIONAL_DATA,template_instantiation,TMPL_MODE_AVAILABILITY_HINGLISH_LATN_10
PILOT_T2_TR_000349,,SFAM_STATION_ACCESSIBILITY_009,FAM_STATION_ACCESSIBILITY_009,PARA_STATION_ACCESSIBILITY_8_3,T2_MEDIUM_V1,accessibility,GET_ACCESSIBILITY_INFO,Please tell: Verification of accessible wheelchair ramp support at Thirumangalam metro (F9) #2,hi-en,Latn,CS3,N0,"{""station"": ""Thirumangalam"", ""accessibility_feature"": ""wheelchair"", ""transport_mode"": ""metro""}","{""station_id"": ""METRO_THIRUMANGALAM""}",ANSWERABLE_NOW,template_instantiation,TMPL_STATION_ACCESSIBILITY_HINGLISH_LATN_8
PILOT_T2_TR_000350,,SFAM_POINT_TO_POINT_ROUTE_005,FAM_POINT_TO_POINT_ROUTE_005,PARA_POINT_TO_POINT_ROUTE_4_1,T2_MEDIUM_V1,route_query,PLAN_ROUTE,सीएमबीटी से थाउजेंड लाइट्स मेट्रो से जाने का रास्ता क्या है? (प्रारूप F5),hi,Deva,CS0,N0,"{""origin"": ""सीएमबीटी"", ""destination"": ""थाउजेंड लाइट्स"", ""transport_mode"": ""मेट्रो""}","{""origin_id"": ""METRO_PURATCHI_THALAIVI_DR_J_JAYALALITHAA_CMBT"", ""destination_id"": ""METRO_THOUSAND_LIGHTS""}",ANSWERABLE_WITH_PROVISIONAL_DATA,template_instantiation,TMPL_POINT_TO_POINT_ROUTE_HI_DEVA_4
PILOT_T2_TR_000351,,SFAM_NEAREST_TRANSPORT_010,FAM_NEAREST_TRANSPORT_010,PARA_NEAREST_TRANSPORT_9_0,T2_MEDIUM_V1,nearest_transport,FIND_NEAREST_STATION,Could you specify Which is the nearest metro station or transit stop to Padalam Hospital? [loc F10]? #3,en,Latn,CS0,N0,"{""landmark"": ""Padalam Hospital"", ""transport_mode"": ""metro""}","{""place_id"": ""OSM_POI_7257518724""}",ANSWERABLE_NOW,template_instantiation,TMPL_NEAREST_TRANSPORT_EN_9
PILOT_T2_TR_000352,,SFAM_REALTIME_STATUS_QUERY_002,FAM_REALTIME_STATUS_QUERY_002,PARA_REALTIME_STATUS_QUERY_1_3,T2_MEDIUM_V1,realtime_status_query,REJECT_UNSUPPORTED_REALTIME,Could you specify Live crowd density and train arrival countdown at Chennai Central right now (F2)? #3,hi-en,Latn,CS3,N1,"{""station"": ""Chennai Central"", ""transport_mode"": ""metro""}","{""station_id"": ""METRO_PURATCHI_THALAIVAR_DR__M_G_RAMACHANDRAN_CENTRAL""}",REQUIRES_REALTIME_DATA,template_instantiation,TMPL_REALTIME_STATUS_QUERY_HINGLISH_LATN_1
PILOT_T2_TR_000353,,SFAM_MULTIMODAL_ROUTE_020,FAM_MULTIMODAL_ROUTE_020,PARA_MULTIMODAL_ROUTE_19_0,T2_MEDIUM_V1,route_query,PLAN_MULTIMODAL_ROUTE,Could you specify What is the combined bus and metro route from Velachery to Vadapalani? [plan F20]? #3,en,Latn,CS0,N0,"{""origin"": ""Velachery"", ""destination"": ""Vadapalani"", ""transport_mode"": ""multimodal""}","{""origin_id"": ""BUS_1764308008"", ""destination_id"": ""METRO_VADAPALANI""}",ANSWERABLE_WITH_PROVISIONAL_DATA,template_instantiation,TMPL_MULTIMODAL_ROUTE_EN_19
PILOT_T2_TR_000354,,SFAM_MODE_AVAILABILITY_005,FAM_MODE_AVAILABILITY_005,PARA_MODE_AVAILABILITY_4_2,T2_MEDIUM_V1,service_availability,CHECK_SERVICE_AVAILABILITY,Could you specify cmbt se besant nagar tak direct transit options available hain kya? [suvidha F5]? #3,hi,Latn,CS0,N0,"{""origin"": ""cmbt"", ""destination"": ""besant nagar"", ""transport_mode"": ""any""}","{""origin_id"": ""METRO_PURATCHI_THALAIVI_DR_J_JAYALALITHAA_CMBT"", ""destination_id"": ""BUS_417750654""}",ANSWERABLE_WITH_PROVISIONAL_DATA,template_instantiation,TMPL_MODE_AVAILABILITY_HI_LATN_4
PILOT_T2_TR_000355,,SFAM_FARE_CALCULATION_013,FAM_FARE_CALCULATION_013,PARA_FARE_CALCULATION_12_1,T2_MEDIUM_V1,fare_query,CALCULATE_FARE,विमको नगर से पचैयप्पा कॉलेज तक का मेट्रो का टोकन किराया कितना रुपया है? (किराया F13),hi,Deva,CS0,N1,"{""origin"": ""विमको नगर"", ""destination"": ""पचैयप्पा कॉलेज"", ""fare_type"": ""टोकन"", ""transport_mode"": ""मेट्रो""}","{""origin_id"": ""METRO_WIMCO_NAGAR"", ""destination_id"": ""METRO_PACHAIYAPPA_S_COLLEGE""}",ANSWERABLE_NOW,template_instantiation,TMPL_FARE_CALCULATION_HI_DEVA_12
PILOT_T2_TR_000356,,SFAM_STATION_FACILITIES_002,FAM_STATION_FACILITIES_002,PARA_STATION_FACILITIES_1_2,T2_MEDIUM_V1,station_facilities,GET_STATION_FACILITY,Could you specify kya chennai central station par passenger bike parking service available hai? [amenity F2]? #3,hi,Latn,CS0,N0,"{""station"": ""chennai central"", ""facility_type"": ""two_wheeler_parking"", ""transport_mode"": ""metro""}","{""station_id"": ""METRO_PURATCHI_THALAIVAR_DR__M_G_RAMACHANDRAN_CENTRAL""}",ANSWERABLE_NOW,template_instantiation,TMPL_STATION_FACILITIES_HI_LATN_1
PILOT_T2_TR_000357,,SFAM_FARE_CALCULATION_001,FAM_FARE_CALCULATION_001,PARA_FARE_CALCULATION_0_1,T2_MEDIUM_V1,fare_query,CALCULATE_FARE,"Excuse me, एयरपोर्ट से हाई कोर्ट तक का मेट्रो का टोकन किराया कितना रुपया है? (किराया F1) #6",hi,Deva,CS0,N0,"{""origin"": ""एयरपोर्ट"", ""destination"": ""हाई कोर्ट"", ""fare_type"": ""टोकन"", ""transport_mode"": ""मेट्रो""}","{""origin_id"": ""METRO_CHENNAI_INTERNATIONAL_AIRPORT"", ""destination_id"": ""METRO_HIGHCOURT""}",ANSWERABLE_NOW,template_instantiation,TMPL_FARE_CALCULATION_HI_DEVA_0
PILOT_T2_TR_000358,,SFAM_TICKETING_AND_PASSES_017,FAM_TICKETING_AND_PASSES_017,PARA_TICKETING_AND_PASSES_16_3,T2_MEDIUM_V1,ticketing_rules,GET_TICKETING_POLICY,How can regular passengers apply for and renew Student Concession Card (F17)?,hi-en,Latn,CS3,N0,"{""ticket_type"": ""student_pass"", ""transport_mode"": ""transit""}",{},ANSWERABLE_NOW,template_instantiation,TMPL_TICKETING_AND_PASSES_HINGLISH_LATN_16
PILOT_T2_TR_000359,,SFAM_POINT_TO_POINT_ROUTE_005,FAM_POINT_TO_POINT_ROUTE_005,PARA_POINT_TO_POINT_ROUTE_4_0,T2_MEDIUM_V1,route_query,PLAN_ROUTE,Please tell: How do I commute from CMBT to Thousand Lights by metro? [pattern F5] #2,en,Latn,CS0,N0,"{""origin"": ""CMBT"", ""destination"": ""Thousand Lights"", ""transport_mode"": ""metro""}","{""origin_id"": ""METRO_PURATCHI_THALAIVI_DR_J_JAYALALITHAA_CMBT"", ""destination_id"": ""METRO_THOUSAND_LIGHTS""}",ANSWERABLE_WITH_PROVISIONAL_DATA,template_instantiation,TMPL_POINT_TO_POINT_ROUTE_EN_4
PILOT_T2_TR_000360,,SFAM_INTERCHANGE_TRANSFER_012,FAM_INTERCHANGE_TRANSFER_012,PARA_INTERCHANGE_TRANSFER_11_0,T2_MEDIUM_V1,interchange_query,GET_INTERCHANGE_DETAILS,Please tell: How do I switch lines to connect towards Kilpauk at Thousand Lights interchange? [xfer F12] #2,en,Latn,CS0,N0,"{""station"": ""Thousand Lights"", ""destination"": ""Kilpauk"", ""facility_type"": ""interchange""}","{""station_id"": ""METRO_THOUSAND_LIGHTS"", ""destination_id"": ""METRO_KILPAUK""}",ANSWERABLE_AFTER_MANUAL_VERIFICATION,template_instantiation,TMPL_INTERCHANGE_TRANSFER_EN_11
PILOT_T2_TR_000361,,SFAM_FARE_CALCULATION_005,FAM_FARE_CALCULATION_005,PARA_FARE_CALCULATION_4_3,T2_MEDIUM_V1,fare_query,CALCULATE_FARE,"Hello assistant, Calculate fare for travel between CMBT and Thousand Lights stations (F5) #7",hi-en,Latn,CS3,N0,"{""origin"": ""CMBT"", ""destination"": ""Thousand Lights"", ""transport_mode"": ""metro""}","{""origin_id"": ""METRO_PURATCHI_THALAIVI_DR_J_JAYALALITHAA_CMBT"", ""destination_id"": ""METRO_THOUSAND_LIGHTS""}",ANSWERABLE_NOW,template_instantiation,TMPL_FARE_CALCULATION_HINGLISH_LATN_4
PILOT_T2_TR_000362,,SFAM_STATION_ACCESSIBILITY_005,FAM_STATION_ACCESSIBILITY_005,PARA_STATION_ACCESSIBILITY_4_1,T2_MEDIUM_V1,accessibility,GET_ACCESSIBILITY_INFO,Could you specify क्या सीएमबीटी स्टेशन पर दिव्यांग यात्रियों के लिए व्हीलचेयर रैंप उपलब्ध है? (सुलभता F5)? #3,hi,Deva,CS0,N0,"{""station"": ""सीएमबीटी"", ""accessibility_feature"": ""wheelchair"", ""transport_mode"": ""मेट्रो""}","{""station_id"": ""METRO_PURATCHI_THALAIVI_DR_J_JAYALALITHAA_CMBT""}",ANSWERABLE_NOW,template_instantiation,TMPL_STATION_ACCESSIBILITY_HI_DEVA_4
PILOT_T2_TR_000363,,SFAM_STATION_FACILITIES_002,FAM_STATION_FACILITIES_002,PARA_STATION_FACILITIES_1_1,T2_MEDIUM_V1,station_facilities,GET_STATION_FACILITY,Quick check: क्या चेन्नई सेंट्रल मेट्रो स्टेशन पर बाइक पार्किंग की व्यवस्था उपलब्ध है? (सुविधा F2) #4,hi,Deva,CS0,N2,"{""station"": ""चेन्नई सेंट्रल"", ""facility_type"": ""two_wheeler_parking"", ""transport_mode"": ""मेट्रो""}","{""station_id"": ""METRO_PURATCHI_THALAIVAR_DR__M_G_RAMACHANDRAN_CENTRAL""}",ANSWERABLE_NOW,template_instantiation,TMPL_STATION_FACILITIES_HI_DEVA_1
PILOT_T2_TR_000364,,SFAM_OUT_OF_SCOPE_014,FAM_OUT_OF_SCOPE_014,PARA_OUT_OF_SCOPE_13_3,T2_MEDIUM_V1,out_of_scope,REJECT_OUT_OF_SCOPE,Please tell: What is the general weather rain forecast in Chennai near Maritime Institute today (F14)? #2,hi-en,Latn,CS3,N0,"{""landmark"": ""Maritime Institute""}","{""place_id"": ""OSM_POI_314081186""}",OUT_OF_SCOPE,template_instantiation,TMPL_OUT_OF_SCOPE_HINGLISH_LATN_13
PILOT_T2_TR_000365,,SFAM_INTERCHANGE_TRANSFER_014,FAM_INTERCHANGE_TRANSFER_014,PARA_INTERCHANGE_TRANSFER_13_3,T2_MEDIUM_V1,interchange_query,GET_INTERCHANGE_DETAILS,Transfer walking time and directions at Washermenpet multimodal terminal (F14),hi-en,Latn,CS3,N0,"{""station"": ""Washermenpet"", ""facility_type"": ""interchange""}","{""station_id"": ""METRO_WASHERMENPET""}",ANSWERABLE_AFTER_MANUAL_VERIFICATION,template_instantiation,TMPL_INTERCHANGE_TRANSFER_HINGLISH_LATN_13
PILOT_T2_TR_000366,,SFAM_ROUTE_STOP_SEQUENCE_001,FAM_ROUTE_STOP_SEQUENCE_001,PARA_ROUTE_STOP_SEQUENCE_0_1,T2_MEDIUM_V1,route_stops,LIST_ROUTE_STOPS,Quick check: बस रूट 21G के सभी ठहरावों की क्रमबद्ध सूची दिखाएं। (क्रम F1) #4,hi,Deva,CS0,N0,"{""route_number"": ""21G"", ""transport_mode"": ""बस""}","{""route_id"": ""GTFS_ROUTE_8458""}",ANSWERABLE_WITH_PROVISIONAL_DATA,template_instantiation,TMPL_ROUTE_STOP_SEQUENCE_HI_DEVA_0
PILOT_T2_TR_000367,,SFAM_STATION_FACILITIES_015,FAM_STATION_FACILITIES_015,PARA_STATION_FACILITIES_14_3,T2_MEDIUM_V1,station_facilities,GET_STATION_FACILITY,Could you specify Does Little Mount station premises include operational EV vehicle charging (F15)?? #3,hi-en,Latn,CS3,N0,"{""station"": ""Little Mount"", ""facility_type"": ""ev_charging"", ""transport_mode"": ""metro""}","{""station_id"": ""METRO_LITTLE_MOUNT""}",ANSWERABLE_NOW,template_instantiation,TMPL_STATION_FACILITIES_HINGLISH_LATN_14
PILOT_T2_TR_000368,,SFAM_ROUTE_STOP_MEMBERSHIP_011,FAM_ROUTE_STOP_MEMBERSHIP_011,PARA_ROUTE_STOP_MEMBERSHIP_10_1,T2_MEDIUM_V1,route_stops,CHECK_STOP_ON_ROUTE,क्या बस 11 R कलपक्कम स्टॉप पर रुकती है? (जांच F11),hi,Deva,CS0,N0,"{""route_number"": ""11 R"", ""stop"": ""कलपक्कम"", ""transport_mode"": ""बस""}","{""route_id"": ""GTFS_ROUTE_23728"", ""stop_id"": ""BUS_30143150""}",ANSWERABLE_WITH_PROVISIONAL_DATA,template_instantiation,TMPL_ROUTE_STOP_MEMBERSHIP_HI_DEVA_10
PILOT_T2_TR_000369,,SFAM_STATION_FACILITIES_005,FAM_STATION_FACILITIES_005,PARA_STATION_FACILITIES_4_3,T2_MEDIUM_V1,station_facilities,GET_STATION_FACILITY,Could you specify Does CMBT station premises include operational car parking (F5)?? #3,hi-en,Latn,CS3,N1,"{""station"": ""CMBT"", ""facility_type"": ""parking"", ""transport_mode"": ""metro""}","{""station_id"": ""METRO_PURATCHI_THALAIVI_DR_J_JAYALALITHAA_CMBT""}",ANSWERABLE_NOW,template_instantiation,TMPL_STATION_FACILITIES_HINGLISH_LATN_4
PILOT_T2_TR_000370,,SFAM_INTERCHANGE_TRANSFER_019,FAM_INTERCHANGE_TRANSFER_019,PARA_INTERCHANGE_TRANSFER_18_0,T2_MEDIUM_V1,interchange_query,GET_INTERCHANGE_DETAILS,Transit query: How do I switch lines to connect towards Koyambedu at Kilpauk interchange? [xfer F19] #5,en,Latn,CS0,N0,"{""station"": ""Kilpauk"", ""destination"": ""Koyambedu"", ""facility_type"": ""interchange""}","{""station_id"": ""METRO_KILPAUK"", ""destination_id"": ""METRO_KOYAMBEDU""}",ANSWERABLE_AFTER_MANUAL_VERIFICATION,template_instantiation,TMPL_INTERCHANGE_TRANSFER_EN_18
PILOT_T2_TR_000371,,SFAM_MODE_AVAILABILITY_001,FAM_MODE_AVAILABILITY_001,PARA_MODE_AVAILABILITY_0_3,T2_MEDIUM_V1,service_availability,CHECK_SERVICE_AVAILABILITY,Is public transit operational connecting Airport and Tambaram (F1)?,hi-en,Latn,CS3,N0,"{""origin"": ""Airport"", ""destination"": ""Tambaram"", ""transport_mode"": ""public transit""}","{""origin_id"": ""METRO_CHENNAI_INTERNATIONAL_AIRPORT"", ""destination_id"": ""BUS_5304399879""}",ANSWERABLE_WITH_PROVISIONAL_DATA,template_instantiation,TMPL_MODE_AVAILABILITY_HINGLISH_LATN_0
PILOT_T2_TR_000372,,SFAM_STATION_FACILITIES_005,FAM_STATION_FACILITIES_005,PARA_STATION_FACILITIES_4_1,T2_MEDIUM_V1,station_facilities,GET_STATION_FACILITY,Transit query: क्या सीएमबीटी मेट्रो स्टेशन पर कार पार्किंग की व्यवस्था उपलब्ध है? (सुविधा F5) #5,hi,Deva,CS0,N0,"{""station"": ""सीएमबीटी"", ""facility_type"": ""parking"", ""transport_mode"": ""मेट्रो""}","{""station_id"": ""METRO_PURATCHI_THALAIVI_DR_J_JAYALALITHAA_CMBT""}",ANSWERABLE_NOW,template_instantiation,TMPL_STATION_FACILITIES_HI_DEVA_4
PILOT_T2_TR_000373,,SFAM_SERVICE_FREQUENCY_020,FAM_SERVICE_FREQUENCY_020,PARA_SERVICE_FREQUENCY_19_0,T2_MEDIUM_V1,service_timing,GET_SERVICE_FREQUENCY,Please tell: How many minutes between trains on the line connecting Pachaiyappa College and Vadapalani? [freq F20] #2,en,Latn,CS0,N0,"{""origin"": ""Pachaiyappa College"", ""destination"": ""Vadapalani"", ""timing_type"": ""frequency"", ""transport_mode"": ""metro""}","{""origin_id"": ""METRO_PACHAIYAPPA_S_COLLEGE"", ""destination_id"": ""METRO_VADAPALANI""}",ANSWERABLE_NOW,template_instantiation,TMPL_SERVICE_FREQUENCY_EN_19
PILOT_T2_TR_000374,,SFAM_REALTIME_STATUS_QUERY_014,FAM_REALTIME_STATUS_QUERY_014,PARA_REALTIME_STATUS_QUERY_13_4,T2_MEDIUM_V1,realtime_status_query,REJECT_UNSUPPORTED_REALTIME,Please tell: Washermenpet se metro live delay status aur real time position tracking F14 #2,hi-en,Deva+Latn,CS4,N0,"{""origin"": ""Washermenpet"", ""transport_mode"": ""metro""}","{""origin_id"": ""METRO_WASHERMENPET""}",REQUIRES_REALTIME_DATA,template_instantiation,TMPL_REALTIME_STATUS_QUERY_MIXED_SCRIPT_CS_13
PILOT_T2_TR_000375,,SFAM_FARE_CALCULATION_014,FAM_FARE_CALCULATION_014,PARA_FARE_CALCULATION_13_3,T2_MEDIUM_V1,fare_query,CALCULATE_FARE,Quick check: Calculate fare for travel between Washermenpet and Airport stations (F14) #4,hi-en,Latn,CS3,N0,"{""origin"": ""Washermenpet"", ""destination"": ""Airport"", ""transport_mode"": ""metro""}","{""origin_id"": ""METRO_WASHERMENPET"", ""destination_id"": ""METRO_CHENNAI_INTERNATIONAL_AIRPORT""}",ANSWERABLE_NOW,template_instantiation,TMPL_FARE_CALCULATION_HINGLISH_LATN_13
PILOT_T2_TR_000376,,SFAM_TICKETING_AND_PASSES_011,FAM_TICKETING_AND_PASSES_011,PARA_TICKETING_AND_PASSES_10_0,T2_MEDIUM_V1,ticketing_rules,GET_TICKETING_POLICY,Please tell: What are the rules and procedure to purchase a Student Concession Card for commuters? [pass F11] #2,en,Latn,CS0,N0,"{""ticket_type"": ""student_pass"", ""transport_mode"": ""transit""}",{},ANSWERABLE_NOW,template_instantiation,TMPL_TICKETING_AND_PASSES_EN_10
PILOT_T2_TR_000377,,SFAM_NEAREST_TRANSPORT_001,FAM_NEAREST_TRANSPORT_001,PARA_NEAREST_TRANSPORT_0_2,T2_MEDIUM_V1,nearest_transport,FIND_NEAREST_STATION,Please tell: marina beach se closest walking distance metro transit point kaunsa hai? [paas F1] #2,hi,Latn,CS0,N0,"{""landmark"": ""marina beach"", ""transport_mode"": ""metro""}","{""place_id"": ""OSM_POI_12137617372""}",ANSWERABLE_NOW,template_instantiation,TMPL_NEAREST_TRANSPORT_HI_LATN_0
PILOT_T2_TR_000378,,SFAM_TICKETING_AND_PASSES_009,FAM_TICKETING_AND_PASSES_009,PARA_TICKETING_AND_PASSES_8_0,T2_MEDIUM_V1,ticketing_rules,GET_TICKETING_POLICY,Transit query: What are the rules and procedure to purchase a WhatsApp QR Ticket for commuters? [pass F9] #5,en,Latn,CS0,N0,"{""ticket_type"": ""qr_ticket"", ""transport_mode"": ""transit""}",{},ANSWERABLE_NOW,template_instantiation,TMPL_TICKETING_AND_PASSES_EN_8
PILOT_T2_TR_000379,,SFAM_MULTIMODAL_ROUTE_011,FAM_MULTIMODAL_ROUTE_011,PARA_MULTIMODAL_ROUTE_10_1,T2_MEDIUM_V1,route_query,PLAN_MULTIMODAL_ROUTE,Could you specify कलपक्कम से नेहरू पार्क बस और मेट्रो मिलाकर सबसे तेज़ मार्ग कौन सा है? (योजना F11)? #3,hi,Deva,CS0,N0,"{""origin"": ""कलपक्कम"", ""destination"": ""नेहरू पार्क"", ""transport_mode"": ""बस और मेट्रो""}","{""origin_id"": ""BUS_30143150"", ""destination_id"": ""METRO_NEHRU_PARK""}",ANSWERABLE_WITH_PROVISIONAL_DATA,template_instantiation,TMPL_MULTIMODAL_ROUTE_HI_DEVA_10
PILOT_T2_TR_000380,,SFAM_POINT_TO_POINT_ROUTE_003,FAM_POINT_TO_POINT_ROUTE_003,PARA_POINT_TO_POINT_ROUTE_2_3,T2_MEDIUM_V1,route_query,PLAN_ROUTE,Guindy to Anna Nagar Tower metro ride ka best direct route bataiye (F3),hi-en,Latn,CS3,N0,"{""origin"": ""Guindy"", ""destination"": ""Anna Nagar Tower"", ""transport_mode"": ""metro""}","{""origin_id"": ""METRO_GUINDY"", ""destination_id"": ""METRO_ANNA_NAGAR_TOWER""}",ANSWERABLE_WITH_PROVISIONAL_DATA,template_instantiation,TMPL_POINT_TO_POINT_ROUTE_HINGLISH_LATN_2
PILOT_T2_TR_000381,,SFAM_REALTIME_STATUS_QUERY_011,FAM_REALTIME_STATUS_QUERY_011,PARA_REALTIME_STATUS_QUERY_10_4,T2_MEDIUM_V1,realtime_status_query,REJECT_UNSUPPORTED_REALTIME,Egmore se metro live delay status aur real time position tracking F11,hi-en,Deva+Latn,CS4,N0,"{""origin"": ""Egmore"", ""transport_mode"": ""metro""}","{""origin_id"": ""METRO_EGMORE""}",REQUIRES_REALTIME_DATA,template_instantiation,TMPL_REALTIME_STATUS_QUERY_MIXED_SCRIPT_CS_10
PILOT_T2_TR_000382,,SFAM_NEAREST_TRANSPORT_004,FAM_NEAREST_TRANSPORT_004,PARA_NEAREST_TRANSPORT_3_2,T2_MEDIUM_V1,nearest_transport,FIND_NEAREST_STATION,Please tell: maritime institute se closest walking distance metro transit point kaunsa hai? [paas F4] #2,hi,Latn,CS0,N0,"{""landmark"": ""maritime institute"", ""transport_mode"": ""metro""}","{""place_id"": ""OSM_POI_314081186""}",ANSWERABLE_NOW,template_instantiation,TMPL_NEAREST_TRANSPORT_HI_LATN_3
PILOT_T2_TR_000383,,SFAM_OUT_OF_SCOPE_006,FAM_OUT_OF_SCOPE_006,PARA_OUT_OF_SCOPE_5_0,T2_MEDIUM_V1,out_of_scope,REJECT_OUT_OF_SCOPE,Could you specify Book a private cab taxi ride from Koyambedu to Wimco Nagar Depot. [cab F6]? #3,en,Latn,CS0,N0,"{""origin"": ""Koyambedu"", ""destination"": ""Wimco Nagar Depot""}","{""origin_id"": ""METRO_KOYAMBEDU"", ""destination_id"": ""METRO_WIMCO_NAGAR""}",OUT_OF_SCOPE,template_instantiation,TMPL_OUT_OF_SCOPE_EN_5
PILOT_T2_TR_000384,,SFAM_REALTIME_STATUS_QUERY_019,FAM_REALTIME_STATUS_QUERY_019,PARA_REALTIME_STATUS_QUERY_18_1,T2_MEDIUM_V1,realtime_status_query,REJECT_UNSUPPORTED_REALTIME,Transit query: क्या किल्पौक से आने वाली ट्रेन अभी लेट चल रही है लाइव स्थिति बताएं? (ताज़ा F19) #5,hi,Deva,CS0,N2,"{""origin"": ""किल्पौक"", ""transport_mode"": ""ट्रेन""}","{""origin_id"": ""METRO_KILPAUK""}",REQUIRES_REALTIME_DATA,template_instantiation,TMPL_REALTIME_STATUS_QUERY_HI_DEVA_18
PILOT_T2_TR_000385,,SFAM_INTERCHANGE_TRANSFER_010,FAM_INTERCHANGE_TRANSFER_010,PARA_INTERCHANGE_TRANSFER_9_3,T2_MEDIUM_V1,interchange_query,GET_INTERCHANGE_DETAILS,Please tell: Transfer walking time and directions at Anna Nagar Tower multimodal terminal (F10) #2,hi-en,Latn,CS3,N0,"{""station"": ""Anna Nagar Tower"", ""facility_type"": ""interchange""}","{""station_id"": ""METRO_ANNA_NAGAR_TOWER""}",ANSWERABLE_AFTER_MANUAL_VERIFICATION,template_instantiation,TMPL_INTERCHANGE_TRANSFER_HINGLISH_LATN_9
PILOT_T2_TR_000386,,SFAM_MODE_AVAILABILITY_011,FAM_MODE_AVAILABILITY_011,PARA_MODE_AVAILABILITY_10_4,T2_MEDIUM_V1,service_availability,CHECK_SERVICE_AVAILABILITY,क्या Egmore से Kalpakkam transport line active hai mode info F11,hi-en,Deva+Latn,CS4,N0,"{""origin"": ""Egmore"", ""destination"": ""Kalpakkam"", ""transport_mode"": ""transport""}","{""origin_id"": ""METRO_EGMORE"", ""destination_id"": ""BUS_30143150""}",ANSWERABLE_WITH_PROVISIONAL_DATA,template_instantiation,TMPL_MODE_AVAILABILITY_MIXED_SCRIPT_CS_10
PILOT_T2_TR_000387,,SFAM_SERVICE_FREQUENCY_002,FAM_SERVICE_FREQUENCY_002,PARA_SERVICE_FREQUENCY_1_1,T2_MEDIUM_V1,service_timing,GET_SERVICE_FREQUENCY,चेन्नई सेंट्रल और तिरुमंगलम के बीच मेट्रो हर कितने मिनट के अंतराल पर चलती है? (आवृत्ति F2),hi,Deva,CS0,N0,"{""origin"": ""चेन्नई सेंट्रल"", ""destination"": ""तिरुमंगलम"", ""timing_type"": ""frequency"", ""transport_mode"": ""मेट्रो""}","{""origin_id"": ""METRO_PURATCHI_THALAIVAR_DR__M_G_RAMACHANDRAN_CENTRAL"", ""destination_id"": ""METRO_THIRUMANGALAM""}",ANSWERABLE_NOW,template_instantiation,TMPL_SERVICE_FREQUENCY_HI_DEVA_1
PILOT_T2_TR_000388,,SFAM_FARE_CALCULATION_001,FAM_FARE_CALCULATION_001,PARA_FARE_CALCULATION_0_4,T2_MEDIUM_V1,fare_query,CALCULATE_FARE,Could you specify Airport से High Court metro travel ka discounted smart card fare kya hai F1? #3,hi-en,Deva+Latn,CS4,N1,"{""origin"": ""Airport"", ""destination"": ""High Court"", ""ticket_type"": ""smart_card"", ""transport_mode"": ""metro""}","{""origin_id"": ""METRO_CHENNAI_INTERNATIONAL_AIRPORT"", ""destination_id"": ""METRO_HIGHCOURT""}",ANSWERABLE_NOW,template_instantiation,TMPL_FARE_CALCULATION_MIXED_SCRIPT_CS_0
PILOT_T2_TR_000389,,SFAM_OUT_OF_SCOPE_003,FAM_OUT_OF_SCOPE_003,PARA_OUT_OF_SCOPE_2_1,T2_MEDIUM_V1,out_of_scope,REJECT_OUT_OF_SCOPE,Please tell: गिंडी के निकटतम सबसे अच्छे रेस्टोरेंट और भोजनालय की सूची दें। (बाहर F3) #2,hi,Deva,CS0,N0,"{""station"": ""गिंडी""}","{""station_id"": ""METRO_GUINDY""}",OUT_OF_SCOPE,template_instantiation,TMPL_OUT_OF_SCOPE_HI_DEVA_2
PILOT_T2_TR_000390,,SFAM_NEAREST_TRANSPORT_001,FAM_NEAREST_TRANSPORT_001,PARA_NEAREST_TRANSPORT_0_4,T2_MEDIUM_V1,nearest_transport,FIND_NEAREST_STATION,Please tell: Marina Beach ke pass nearest metro stop connection distance bataye F1 #2,hi-en,Deva+Latn,CS4,N0,"{""landmark"": ""Marina Beach"", ""transport_mode"": ""metro""}","{""place_id"": ""OSM_POI_12137617372""}",ANSWERABLE_NOW,template_instantiation,TMPL_NEAREST_TRANSPORT_MIXED_SCRIPT_CS_0
PILOT_T2_TR_000391,,SFAM_ROUTE_STOP_MEMBERSHIP_009,FAM_ROUTE_STOP_MEMBERSHIP_009,PARA_ROUTE_STOP_MEMBERSHIP_8_3,T2_MEDIUM_V1,route_stops,CHECK_STOP_ON_ROUTE,Verify if Madurantakam bus stop is covered by route 29A (F9),hi-en,Latn,CS3,N0,"{""route_number"": ""29A"", ""stop"": ""Madurantakam"", ""transport_mode"": ""bus""}","{""route_id"": ""GTFS_ROUTE_18751"", ""stop_id"": ""BUS_5306412986""}",ANSWERABLE_WITH_PROVISIONAL_DATA,template_instantiation,TMPL_ROUTE_STOP_MEMBERSHIP_HINGLISH_LATN_8
PILOT_T2_TR_000392,,SFAM_TICKETING_AND_PASSES_017,FAM_TICKETING_AND_PASSES_017,PARA_TICKETING_AND_PASSES_16_3,T2_MEDIUM_V1,ticketing_rules,GET_TICKETING_POLICY,Quick check: How can regular passengers apply for and renew Student Concession Card (F17)? #4,hi-en,Latn,CS3,N0,"{""ticket_type"": ""student_pass"", ""transport_mode"": ""transit""}",{},ANSWERABLE_NOW,template_instantiation,TMPL_TICKETING_AND_PASSES_HINGLISH_LATN_16
PILOT_T2_TR_000393,,SFAM_MULTIMODAL_ROUTE_007,FAM_MULTIMODAL_ROUTE_007,PARA_MULTIMODAL_ROUTE_6_1,T2_MEDIUM_V1,route_query,PLAN_MULTIMODAL_ROUTE,Please tell: तिरुवान्मियूर से वॉशरमैनपेट बस और मेट्रो मिलाकर सबसे तेज़ मार्ग कौन सा है? (योजना F7) #2,hi,Deva,CS0,N0,"{""origin"": ""तिरुवान्मियूर"", ""destination"": ""वॉशरमैनपेट"", ""transport_mode"": ""बस और मेट्रो""}","{""origin_id"": ""BUS_3247310920"", ""destination_id"": ""METRO_WASHERMENPET""}",ANSWERABLE_WITH_PROVISIONAL_DATA,template_instantiation,TMPL_MULTIMODAL_ROUTE_HI_DEVA_6
PILOT_T2_TR_000394,,SFAM_STATION_ACCESSIBILITY_009,FAM_STATION_ACCESSIBILITY_009,PARA_STATION_ACCESSIBILITY_8_1,T2_MEDIUM_V1,accessibility,GET_ACCESSIBILITY_INFO,Please tell: क्या तिरुमंगलम स्टेशन पर दिव्यांग यात्रियों के लिए व्हीलचेयर रैंप उपलब्ध है? (सुलभता F9) #2,hi,Deva,CS0,N0,"{""station"": ""तिरुमंगलम"", ""accessibility_feature"": ""wheelchair"", ""transport_mode"": ""मेट्रो""}","{""station_id"": ""METRO_THIRUMANGALAM""}",ANSWERABLE_NOW,template_instantiation,TMPL_STATION_ACCESSIBILITY_HI_DEVA_8
PILOT_T2_TR_000395,,SFAM_STATION_FACILITIES_016,FAM_STATION_FACILITIES_016,PARA_STATION_FACILITIES_15_2,T2_MEDIUM_V1,station_facilities,GET_STATION_FACILITY,Could you specify kya saidapet station par passenger cycle stand service available hai? [amenity F16]? #3,hi,Latn,CS0,N0,"{""station"": ""saidapet"", ""facility_type"": ""bicycle_stand"", ""transport_mode"": ""metro""}","{""station_id"": ""METRO_SAIDAPET""}",ANSWERABLE_NOW,template_instantiation,TMPL_STATION_FACILITIES_HI_LATN_15
PILOT_T2_TR_000396,,SFAM_ROUTE_STOP_SEQUENCE_001,FAM_ROUTE_STOP_SEQUENCE_001,PARA_ROUTE_STOP_SEQUENCE_0_4,T2_MEDIUM_V1,route_stops,LIST_ROUTE_STOPS,Route 21G bus के सभी stops ka sequence display karein data F1,hi-en,Deva+Latn,CS4,N0,"{""route_number"": ""21G"", ""transport_mode"": ""bus""}","{""route_id"": ""GTFS_ROUTE_8458""}",ANSWERABLE_WITH_PROVISIONAL_DATA,template_instantiation,TMPL_ROUTE_STOP_SEQUENCE_MIXED_SCRIPT_CS_0
PILOT_T2_TR_000397,,SFAM_ROUTE_STOP_SEQUENCE_016,FAM_ROUTE_STOP_SEQUENCE_016,PARA_ROUTE_STOP_SEQUENCE_15_1,T2_MEDIUM_V1,route_stops,LIST_ROUTE_STOPS,Could you specify बस रूट 21G के सभी ठहरावों की क्रमबद्ध सूची दिखाएं। (क्रम F16)? #3,hi,Deva,CS0,N0,"{""route_number"": ""21G"", ""transport_mode"": ""बस""}","{""route_id"": ""GTFS_ROUTE_8458""}",ANSWERABLE_WITH_PROVISIONAL_DATA,template_instantiation,TMPL_ROUTE_STOP_SEQUENCE_HI_DEVA_15
PILOT_T2_TR_000398,,SFAM_POINT_TO_POINT_ROUTE_017,FAM_POINT_TO_POINT_ROUTE_017,PARA_POINT_TO_POINT_ROUTE_16_0,T2_MEDIUM_V1,route_query,PLAN_ROUTE,Could you specify How do I commute from St. Thomas Mount to Alandur by metro? [pattern F17]? #3,en,Latn,CS0,N0,"{""origin"": ""St. Thomas Mount"", ""destination"": ""Alandur"", ""transport_mode"": ""metro""}","{""origin_id"": ""METRO_ST__THOMAS_MOUNT"", ""destination_id"": ""METRO_ARIGNAR_ANNA_ALANDUR""}",ANSWERABLE_WITH_PROVISIONAL_DATA,template_instantiation,TMPL_POINT_TO_POINT_ROUTE_EN_16
PILOT_T2_TR_000399,,SFAM_MULTIMODAL_ROUTE_011,FAM_MULTIMODAL_ROUTE_011,PARA_MULTIMODAL_ROUTE_10_1,T2_MEDIUM_V1,route_query,PLAN_MULTIMODAL_ROUTE,कलपक्कम से नेहरू पार्क बस और मेट्रो मिलाकर सबसे तेज़ मार्ग कौन सा है? (योजना F11),hi,Deva,CS0,N0,"{""origin"": ""कलपक्कम"", ""destination"": ""नेहरू पार्क"", ""transport_mode"": ""बस और मेट्रो""}","{""origin_id"": ""BUS_30143150"", ""destination_id"": ""METRO_NEHRU_PARK""}",ANSWERABLE_WITH_PROVISIONAL_DATA,template_instantiation,TMPL_MULTIMODAL_ROUTE_HI_DEVA_10
PILOT_T2_TR_000400,,SFAM_STATION_FACILITIES_020,FAM_STATION_FACILITIES_020,PARA_STATION_FACILITIES_19_3,T2_MEDIUM_V1,station_facilities,GET_STATION_FACILITY,Transit query: Does Pachaiyappa College station premises include operational bicycle parking stand (F20)? #5,hi-en,Latn,CS3,N0,"{""station"": ""Pachaiyappa College"", ""facility_type"": ""bicycle_stand"", ""transport_mode"": ""metro""}","{""station_id"": ""METRO_PACHAIYAPPA_S_COLLEGE""}",ANSWERABLE_NOW,template_instantiation,TMPL_STATION_FACILITIES_HINGLISH_LATN_19
PILOT_T2_TR_000401,,SFAM_POINT_TO_POINT_ROUTE_002,FAM_POINT_TO_POINT_ROUTE_002,PARA_POINT_TO_POINT_ROUTE_1_4,T2_MEDIUM_V1,route_query,PLAN_ROUTE,Chennai Central से Thirumangalam direct metro connection bataye route plan F2,hi-en,Deva+Latn,CS4,N0,"{""origin"": ""Chennai Central"", ""destination"": ""Thirumangalam"", ""transport_mode"": ""metro""}","{""origin_id"": ""METRO_PURATCHI_THALAIVAR_DR__M_G_RAMACHANDRAN_CENTRAL"", ""destination_id"": ""METRO_THIRUMANGALAM""}",ANSWERABLE_WITH_PROVISIONAL_DATA,template_instantiation,TMPL_POINT_TO_POINT_ROUTE_MIXED_SCRIPT_CS_1
PILOT_T2_TR_000402,,SFAM_POINT_TO_POINT_ROUTE_002,FAM_POINT_TO_POINT_ROUTE_002,PARA_POINT_TO_POINT_ROUTE_1_1,T2_MEDIUM_V1,route_query,PLAN_ROUTE,चेन्नई सेंट्रल से तिरुमंगलम मेट्रो से जाने का रास्ता क्या है? (प्रारूप F2),hi,Deva,CS0,N0,"{""origin"": ""चेन्नई सेंट्रल"", ""destination"": ""तिरुमंगलम"", ""transport_mode"": ""मेट्रो""}","{""origin_id"": ""METRO_PURATCHI_THALAIVAR_DR__M_G_RAMACHANDRAN_CENTRAL"", ""destination_id"": ""METRO_THIRUMANGALAM""}",ANSWERABLE_WITH_PROVISIONAL_DATA,template_instantiation,TMPL_POINT_TO_POINT_ROUTE_HI_DEVA_1
PILOT_T2_TR_000403,,SFAM_NEAREST_TRANSPORT_012,FAM_NEAREST_TRANSPORT_012,PARA_NEAREST_TRANSPORT_11_1,T2_MEDIUM_V1,nearest_transport,FIND_NEAREST_STATION,"Excuse me, आईआईटी मद्रास के सबसे निकटतम मेट्रो स्टेशन या बस स्टॉप कौन सा है? (निकट F12) #6",hi,Deva,CS0,N0,"{""landmark"": ""आईआईटी मद्रास"", ""transport_mode"": ""मेट्रो या बस""}","{""place_id"": ""OSM_POI_11013406019""}",ANSWERABLE_NOW,template_instantiation,TMPL_NEAREST_TRANSPORT_HI_DEVA_11
PILOT_T2_TR_000404,,SFAM_TICKETING_AND_PASSES_012,FAM_TICKETING_AND_PASSES_012,PARA_TICKETING_AND_PASSES_11_1,T2_MEDIUM_V1,ticketing_rules,GET_TICKETING_POLICY,Quick check: यात्रियों के लिए एनसीएमसी कार्ड प्राप्त करने के नियम और प्रक्रिया क्या हैं? (पास F12) #4,hi,Deva,CS0,N0,"{""ticket_type"": ""ncmc_card"", ""transport_mode"": ""पारगमन""}",{},ANSWERABLE_NOW,template_instantiation,TMPL_TICKETING_AND_PASSES_HI_DEVA_11
PILOT_T2_TR_000405,,SFAM_STATION_ACCESSIBILITY_004,FAM_STATION_ACCESSIBILITY_004,PARA_STATION_ACCESSIBILITY_3_1,T2_MEDIUM_V1,accessibility,GET_ACCESSIBILITY_INFO,Could you specify क्या आलंदूर स्टेशन पर दिव्यांग यात्रियों के लिए एस्केलेटर उपलब्ध है? (सुलभता F4)? #3,hi,Deva,CS0,N0,"{""station"": ""आलंदूर"", ""accessibility_feature"": ""escalator"", ""transport_mode"": ""मेट्रो""}","{""station_id"": ""METRO_ARIGNAR_ANNA_ALANDUR""}",ANSWERABLE_NOW,template_instantiation,TMPL_STATION_ACCESSIBILITY_HI_DEVA_3
PILOT_T2_TR_000406,,SFAM_TICKETING_AND_PASSES_016,FAM_TICKETING_AND_PASSES_016,PARA_TICKETING_AND_PASSES_15_2,T2_MEDIUM_V1,ticketing_rules,GET_TICKETING_POLICY,Could you specify tourist pass recharge karne ka guidelines aur validity rule bataye. [card F16]? #3,hi,Latn,CS0,N0,"{""ticket_type"": ""tourist_card"", ""transport_mode"": ""transit""}",{},ANSWERABLE_NOW,template_instantiation,TMPL_TICKETING_AND_PASSES_HI_LATN_15
PILOT_T2_TR_000407,,SFAM_REALTIME_STATUS_QUERY_018,FAM_REALTIME_STATUS_QUERY_018,PARA_REALTIME_STATUS_QUERY_17_4,T2_MEDIUM_V1,realtime_status_query,REJECT_UNSUPPORTED_REALTIME,Please tell: Nehru Park se metro live delay status aur real time position tracking F18 #2,hi-en,Deva+Latn,CS4,N0,"{""origin"": ""Nehru Park"", ""transport_mode"": ""metro""}","{""origin_id"": ""METRO_NEHRU_PARK""}",REQUIRES_REALTIME_DATA,template_instantiation,TMPL_REALTIME_STATUS_QUERY_MIXED_SCRIPT_CS_17
PILOT_T2_TR_000408,,SFAM_NEAREST_TRANSPORT_014,FAM_NEAREST_TRANSPORT_014,PARA_NEAREST_TRANSPORT_13_0,T2_MEDIUM_V1,nearest_transport,FIND_NEAREST_STATION,Quick check: Which is the nearest metro station or transit stop to Maritime Institute? [loc F14] #4,en,Latn,CS0,N0,"{""landmark"": ""Maritime Institute"", ""transport_mode"": ""metro""}","{""place_id"": ""OSM_POI_314081186""}",ANSWERABLE_NOW,template_instantiation,TMPL_NEAREST_TRANSPORT_EN_13
PILOT_T2_TR_000409,,SFAM_NEAREST_TRANSPORT_009,FAM_NEAREST_TRANSPORT_009,PARA_NEAREST_TRANSPORT_8_2,T2_MEDIUM_V1,nearest_transport,FIND_NEAREST_STATION,Quick check: karpaga institute se closest walking distance metro transit point kaunsa hai? [paas F9] #4,hi,Latn,CS0,N0,"{""landmark"": ""karpaga institute"", ""transport_mode"": ""metro""}","{""place_id"": ""OSM_POI_3082849503""}",ANSWERABLE_NOW,template_instantiation,TMPL_NEAREST_TRANSPORT_HI_LATN_8
PILOT_T2_TR_000410,,SFAM_FARE_CALCULATION_014,FAM_FARE_CALCULATION_014,PARA_FARE_CALCULATION_13_0,T2_MEDIUM_V1,fare_query,CALCULATE_FARE,"Excuse me, What is the single-journey ticket fare from Washermenpet to Airport on metro? [fare F14] #6",en,Latn,CS0,N0,"{""origin"": ""Washermenpet"", ""destination"": ""Airport"", ""fare_type"": ""token"", ""transport_mode"": ""metro""}","{""origin_id"": ""METRO_WASHERMENPET"", ""destination_id"": ""METRO_CHENNAI_INTERNATIONAL_AIRPORT""}",ANSWERABLE_NOW,template_instantiation,TMPL_FARE_CALCULATION_EN_13
PILOT_T2_TR_000411,,SFAM_TICKETING_AND_PASSES_017,FAM_TICKETING_AND_PASSES_017,PARA_TICKETING_AND_PASSES_16_1,T2_MEDIUM_V1,ticketing_rules,GET_TICKETING_POLICY,यात्रियों के लिए छात्र रियायती पास प्राप्त करने के नियम और प्रक्रिया क्या हैं? (पास F17),hi,Deva,CS0,N1,"{""ticket_type"": ""student_pass"", ""transport_mode"": ""पारगमन""}",{},ANSWERABLE_NOW,template_instantiation,TMPL_TICKETING_AND_PASSES_HI_DEVA_16
PILOT_T2_TR_000412,,SFAM_TICKETING_AND_PASSES_008,FAM_TICKETING_AND_PASSES_008,PARA_TICKETING_AND_PASSES_7_1,T2_MEDIUM_V1,ticketing_rules,GET_TICKETING_POLICY,Please tell: यात्रियों के लिए स्मार्ट कार्ड प्राप्त करने के नियम और प्रक्रिया क्या हैं? (पास F8) #2,hi,Deva,CS0,N0,"{""ticket_type"": ""smart_card"", ""transport_mode"": ""पारगमन""}",{},ANSWERABLE_NOW,template_instantiation,TMPL_TICKETING_AND_PASSES_HI_DEVA_7
PILOT_T2_TR_000413,,SFAM_POINT_TO_POINT_ROUTE_007,FAM_POINT_TO_POINT_ROUTE_007,PARA_POINT_TO_POINT_ROUTE_6_1,T2_MEDIUM_V1,route_query,PLAN_ROUTE,Please tell: वडपलनी से वॉशरमैनपेट मेट्रो से जाने का रास्ता क्या है? (प्रारूप F7) #2,hi,Deva,CS0,N0,"{""origin"": ""वडपलनी"", ""destination"": ""वॉशरमैनपेट"", ""transport_mode"": ""मेट्रो""}","{""origin_id"": ""METRO_VADAPALANI"", ""destination_id"": ""METRO_WASHERMENPET""}",ANSWERABLE_WITH_PROVISIONAL_DATA,template_instantiation,TMPL_POINT_TO_POINT_ROUTE_HI_DEVA_6
PILOT_T2_TR_000414,,SFAM_OUT_OF_SCOPE_006,FAM_OUT_OF_SCOPE_006,PARA_OUT_OF_SCOPE_5_3,T2_MEDIUM_V1,out_of_scope,REJECT_OUT_OF_SCOPE,Transit query: What is the general weather rain forecast in Chennai near Ramakrishna Hospital today (F6)? #5,hi-en,Latn,CS3,N1,"{""landmark"": ""Ramakrishna Hospital""}","{""place_id"": ""OSM_POI_7820652187""}",OUT_OF_SCOPE,template_instantiation,TMPL_OUT_OF_SCOPE_HINGLISH_LATN_5
PILOT_T2_TR_000415,,SFAM_STATION_FACILITIES_016,FAM_STATION_FACILITIES_016,PARA_STATION_FACILITIES_15_0,T2_MEDIUM_V1,station_facilities,GET_STATION_FACILITY,"Excuse me, Is bicycle parking stand facility available at Saidapet metro station? [fac F16] #6",en,Latn,CS0,N0,"{""station"": ""Saidapet"", ""facility_type"": ""bicycle_stand"", ""transport_mode"": ""metro""}","{""station_id"": ""METRO_SAIDAPET""}",ANSWERABLE_NOW,template_instantiation,TMPL_STATION_FACILITIES_EN_15
PILOT_T2_TR_000416,,SFAM_REALTIME_STATUS_QUERY_011,FAM_REALTIME_STATUS_QUERY_011,PARA_REALTIME_STATUS_QUERY_10_1,T2_MEDIUM_V1,realtime_status_query,REJECT_UNSUPPORTED_REALTIME,Transit query: क्या एग्मोर से आने वाली ट्रेन अभी लेट चल रही है लाइव स्थिति बताएं? (ताज़ा F11) #5,hi,Deva,CS0,N2,"{""origin"": ""एग्मोर"", ""transport_mode"": ""ट्रेन""}","{""origin_id"": ""METRO_EGMORE""}",REQUIRES_REALTIME_DATA,template_instantiation,TMPL_REALTIME_STATUS_QUERY_HI_DEVA_10
PILOT_T2_TR_000417,,SFAM_STATION_FACILITIES_020,FAM_STATION_FACILITIES_020,PARA_STATION_FACILITIES_19_4,T2_MEDIUM_V1,station_facilities,GET_STATION_FACILITY,Please tell: क्या Pachaiyappa College station par passengers ke liye bicycle parking stand accessible hai F20 #2,hi-en,Deva+Latn,CS4,N0,"{""station"": ""Pachaiyappa College"", ""facility_type"": ""bicycle_stand"", ""transport_mode"": ""metro""}","{""station_id"": ""METRO_PACHAIYAPPA_S_COLLEGE""}",ANSWERABLE_NOW,template_instantiation,TMPL_STATION_FACILITIES_MIXED_SCRIPT_CS_19
PILOT_T2_TR_000418,,SFAM_INTERCHANGE_TRANSFER_016,FAM_INTERCHANGE_TRANSFER_016,PARA_INTERCHANGE_TRANSFER_15_0,T2_MEDIUM_V1,interchange_query,GET_INTERCHANGE_DETAILS,Please tell: How do I switch lines to connect towards Guindy at Saidapet interchange? [xfer F16] #2,en,Latn,CS0,N0,"{""station"": ""Saidapet"", ""destination"": ""Guindy"", ""facility_type"": ""interchange""}","{""station_id"": ""METRO_SAIDAPET"", ""destination_id"": ""METRO_GUINDY""}",ANSWERABLE_AFTER_MANUAL_VERIFICATION,template_instantiation,TMPL_INTERCHANGE_TRANSFER_EN_15
PILOT_T2_TR_000419,,SFAM_INTERCHANGE_TRANSFER_015,FAM_INTERCHANGE_TRANSFER_015,PARA_INTERCHANGE_TRANSFER_14_3,T2_MEDIUM_V1,interchange_query,GET_INTERCHANGE_DETAILS,Please tell: Transfer walking time and directions at Little Mount multimodal terminal (F15) #2,hi-en,Latn,CS3,N0,"{""station"": ""Little Mount"", ""facility_type"": ""interchange""}","{""station_id"": ""METRO_LITTLE_MOUNT""}",ANSWERABLE_AFTER_MANUAL_VERIFICATION,template_instantiation,TMPL_INTERCHANGE_TRANSFER_HINGLISH_LATN_14
PILOT_T2_TR_000420,,SFAM_FARE_CALCULATION_005,FAM_FARE_CALCULATION_005,PARA_FARE_CALCULATION_4_4,T2_MEDIUM_V1,fare_query,CALCULATE_FARE,Could you specify CMBT से Thousand Lights metro travel ka discounted smart card fare kya hai F5? #3,hi-en,Deva+Latn,CS4,N1,"{""origin"": ""CMBT"", ""destination"": ""Thousand Lights"", ""ticket_type"": ""smart_card"", ""transport_mode"": ""metro""}","{""origin_id"": ""METRO_PURATCHI_THALAIVI_DR_J_JAYALALITHAA_CMBT"", ""destination_id"": ""METRO_THOUSAND_LIGHTS""}",ANSWERABLE_NOW,template_instantiation,TMPL_FARE_CALCULATION_MIXED_SCRIPT_CS_4
PILOT_T2_TR_000421,,SFAM_FARE_CALCULATION_002,FAM_FARE_CALCULATION_002,PARA_FARE_CALCULATION_1_2,T2_MEDIUM_V1,fare_query,CALCULATE_FARE,Please tell: chennai central se thirumangalam metro ride ka standard ticket cost kitna hoga? [kiraya F2] #2,hi,Latn,CS0,N0,"{""origin"": ""chennai central"", ""destination"": ""thirumangalam"", ""transport_mode"": ""metro""}","{""origin_id"": ""METRO_PURATCHI_THALAIVAR_DR__M_G_RAMACHANDRAN_CENTRAL"", ""destination_id"": ""METRO_THIRUMANGALAM""}",ANSWERABLE_NOW,template_instantiation,TMPL_FARE_CALCULATION_HI_LATN_1
PILOT_T2_TR_000422,,SFAM_STATION_FACILITIES_014,FAM_STATION_FACILITIES_014,PARA_STATION_FACILITIES_13_0,T2_MEDIUM_V1,station_facilities,GET_STATION_FACILITY,Please tell: Is two-wheeler bike parking facility available at Washermenpet metro station? [fac F14] #2,en,Latn,CS0,N0,"{""station"": ""Washermenpet"", ""facility_type"": ""two_wheeler_parking"", ""transport_mode"": ""metro""}","{""station_id"": ""METRO_WASHERMENPET""}",ANSWERABLE_NOW,template_instantiation,TMPL_STATION_FACILITIES_EN_13
PILOT_T2_TR_000423,,SFAM_INTERCHANGE_TRANSFER_008,FAM_INTERCHANGE_TRANSFER_008,PARA_INTERCHANGE_TRANSFER_7_3,T2_MEDIUM_V1,interchange_query,GET_INTERCHANGE_DETAILS,"Excuse me, Transfer walking time and directions at High Court multimodal terminal (F8) #6",hi-en,Latn,CS3,N2,"{""station"": ""High Court"", ""facility_type"": ""interchange""}","{""station_id"": ""METRO_HIGHCOURT""}",ANSWERABLE_AFTER_MANUAL_VERIFICATION,template_instantiation,TMPL_INTERCHANGE_TRANSFER_HINGLISH_LATN_7
PILOT_T2_TR_000424,,SFAM_OUT_OF_SCOPE_003,FAM_OUT_OF_SCOPE_003,PARA_OUT_OF_SCOPE_2_2,T2_MEDIUM_V1,out_of_scope,REJECT_OUT_OF_SCOPE,Could you specify guindy airport terminal ke flight delay timings check kijiye. [bahar F3]? #3,hi,Latn,CS0,N0,"{""station"": ""guindy""}","{""station_id"": ""METRO_GUINDY""}",OUT_OF_SCOPE,template_instantiation,TMPL_OUT_OF_SCOPE_HI_LATN_2
PILOT_T2_TR_000425,,SFAM_POINT_TO_POINT_ROUTE_003,FAM_POINT_TO_POINT_ROUTE_003,PARA_POINT_TO_POINT_ROUTE_2_1,T2_MEDIUM_V1,route_query,PLAN_ROUTE,Please tell: गिंडी से अन्ना नगर टावर मेट्रो से जाने का रास्ता क्या है? (प्रारूप F3) #2,hi,Deva,CS0,N0,"{""origin"": ""गिंडी"", ""destination"": ""अन्ना नगर टावर"", ""transport_mode"": ""मेट्रो""}","{""origin_id"": ""METRO_GUINDY"", ""destination_id"": ""METRO_ANNA_NAGAR_TOWER""}",ANSWERABLE_WITH_PROVISIONAL_DATA,template_instantiation,TMPL_POINT_TO_POINT_ROUTE_HI_DEVA_2
PILOT_T2_TR_000426,,SFAM_ROUTE_STOP_MEMBERSHIP_011,FAM_ROUTE_STOP_MEMBERSHIP_011,PARA_ROUTE_STOP_MEMBERSHIP_10_1,T2_MEDIUM_V1,route_stops,CHECK_STOP_ON_ROUTE,Please tell: क्या बस 11 R कलपक्कम स्टॉप पर रुकती है? (जांच F11) #2,hi,Deva,CS0,N0,"{""route_number"": ""11 R"", ""stop"": ""कलपक्कम"", ""transport_mode"": ""बस""}","{""route_id"": ""GTFS_ROUTE_23728"", ""stop_id"": ""BUS_30143150""}",ANSWERABLE_WITH_PROVISIONAL_DATA,template_instantiation,TMPL_ROUTE_STOP_MEMBERSHIP_HI_DEVA_10
PILOT_T2_TR_000427,,SFAM_FIRST_AND_LAST_SERVICE_016,FAM_FIRST_AND_LAST_SERVICE_016,PARA_FIRST_AND_LAST_SERVICE_15_1,T2_MEDIUM_V1,service_timing,GET_FIRST_LAST_SERVICE,साइदापेट से गिंडी के लिए पहली और आखिरी ट्रेन का समय क्या है? (समय F16),hi,Deva,CS0,N0,"{""origin"": ""साइदापेट"", ""destination"": ""गिंडी"", ""timing_type"": ""first_last"", ""transport_mode"": ""ट्रेन""}","{""origin_id"": ""METRO_SAIDAPET"", ""destination_id"": ""METRO_GUINDY""}",ANSWERABLE_NOW,template_instantiation,TMPL_FIRST_AND_LAST_SERVICE_HI_DEVA_15
PILOT_T2_TR_000428,,SFAM_ROUTE_STOP_MEMBERSHIP_007,FAM_ROUTE_STOP_MEMBERSHIP_007,PARA_ROUTE_STOP_MEMBERSHIP_6_0,T2_MEDIUM_V1,route_stops,CHECK_STOP_ON_ROUTE,Please tell: Does bus route 19B make a scheduled halt at Thiruvanmiyur? [chk F7] #2,en,Latn,CS0,N0,"{""route_number"": ""19B"", ""stop"": ""Thiruvanmiyur"", ""transport_mode"": ""bus""}","{""route_id"": ""GTFS_ROUTE_10696"", ""stop_id"": ""BUS_3247310920""}",ANSWERABLE_WITH_PROVISIONAL_DATA,template_instantiation,TMPL_ROUTE_STOP_MEMBERSHIP_EN_6
PILOT_T2_TR_000429,,SFAM_REALTIME_STATUS_QUERY_009,FAM_REALTIME_STATUS_QUERY_009,PARA_REALTIME_STATUS_QUERY_8_3,T2_MEDIUM_V1,realtime_status_query,REJECT_UNSUPPORTED_REALTIME,Please tell: Live crowd density and train arrival countdown at Thirumangalam right now (F9) #2,hi-en,Latn,CS3,N0,"{""station"": ""Thirumangalam"", ""transport_mode"": ""metro""}","{""station_id"": ""METRO_THIRUMANGALAM""}",REQUIRES_REALTIME_DATA,template_instantiation,TMPL_REALTIME_STATUS_QUERY_HINGLISH_LATN_8
PILOT_T2_TR_000430,,SFAM_STATION_ACCESSIBILITY_013,FAM_STATION_ACCESSIBILITY_013,PARA_STATION_ACCESSIBILITY_12_1,T2_MEDIUM_V1,accessibility,GET_ACCESSIBILITY_INFO,"Excuse me, क्या विमको नगर स्टेशन पर दिव्यांग यात्रियों के लिए व्हीलचेयर रैंप उपलब्ध है? (सुलभता F13) #6",hi,Deva,CS0,N0,"{""station"": ""विमको नगर"", ""accessibility_feature"": ""wheelchair"", ""transport_mode"": ""मेट्रो""}","{""station_id"": ""METRO_WIMCO_NAGAR""}",ANSWERABLE_NOW,template_instantiation,TMPL_STATION_ACCESSIBILITY_HI_DEVA_12
PILOT_T2_TR_000431,,SFAM_NEAREST_TRANSPORT_014,FAM_NEAREST_TRANSPORT_014,PARA_NEAREST_TRANSPORT_13_1,T2_MEDIUM_V1,nearest_transport,FIND_NEAREST_STATION,Quick check: मैरीटाइम संस्थान के सबसे निकटतम मेट्रो स्टेशन या बस स्टॉप कौन सा है? (निकट F14) #4,hi,Deva,CS0,N0,"{""landmark"": ""मैरीटाइम संस्थान"", ""transport_mode"": ""मेट्रो या बस""}","{""place_id"": ""OSM_POI_314081186""}",ANSWERABLE_NOW,template_instantiation,TMPL_NEAREST_TRANSPORT_HI_DEVA_13
PILOT_T2_TR_000432,,SFAM_ROUTE_STOP_MEMBERSHIP_006,FAM_ROUTE_STOP_MEMBERSHIP_006,PARA_ROUTE_STOP_MEMBERSHIP_5_4,T2_MEDIUM_V1,route_stops,CHECK_STOP_ON_ROUTE,क्या route 29C bus Poonamallee पर rukegi verification F6?,hi-en,Deva+Latn,CS4,N0,"{""route_number"": ""29C"", ""stop"": ""Poonamallee"", ""transport_mode"": ""bus""}","{""route_id"": ""GTFS_ROUTE_8631"", ""stop_id"": ""BUS_13972050953""}",ANSWERABLE_WITH_PROVISIONAL_DATA,template_instantiation,TMPL_ROUTE_STOP_MEMBERSHIP_MIXED_SCRIPT_CS_5
PILOT_T2_TR_000433,,SFAM_TICKETING_AND_PASSES_005,FAM_TICKETING_AND_PASSES_005,PARA_TICKETING_AND_PASSES_4_3,T2_MEDIUM_V1,ticketing_rules,GET_TICKETING_POLICY,Quick check: How can regular passengers apply for and renew Student Concession Card (F5)? #4,hi-en,Latn,CS3,N2,"{""ticket_type"": ""student_pass"", ""transport_mode"": ""transit""}",{},ANSWERABLE_NOW,template_instantiation,TMPL_TICKETING_AND_PASSES_HINGLISH_LATN_4
PILOT_T2_TR_000434,,SFAM_STATION_ACCESSIBILITY_005,FAM_STATION_ACCESSIBILITY_005,PARA_STATION_ACCESSIBILITY_4_1,T2_MEDIUM_V1,accessibility,GET_ACCESSIBILITY_INFO,क्या सीएमबीटी स्टेशन पर दिव्यांग यात्रियों के लिए व्हीलचेयर रैंप उपलब्ध है? (सुलभता F5),hi,Deva,CS0,N0,"{""station"": ""सीएमबीटी"", ""accessibility_feature"": ""wheelchair"", ""transport_mode"": ""मेट्रो""}","{""station_id"": ""METRO_PURATCHI_THALAIVI_DR_J_JAYALALITHAA_CMBT""}",ANSWERABLE_NOW,template_instantiation,TMPL_STATION_ACCESSIBILITY_HI_DEVA_4
PILOT_T2_TR_000435,,SFAM_INTERCHANGE_TRANSFER_020,FAM_INTERCHANGE_TRANSFER_020,PARA_INTERCHANGE_TRANSFER_19_4,T2_MEDIUM_V1,interchange_query,GET_INTERCHANGE_DETAILS,Please tell: Pachaiyappa College interchange par line switch connection point details check F20 #2,hi-en,Deva+Latn,CS4,N0,"{""station"": ""Pachaiyappa College"", ""facility_type"": ""interchange""}","{""station_id"": ""METRO_PACHAIYAPPA_S_COLLEGE""}",ANSWERABLE_AFTER_MANUAL_VERIFICATION,template_instantiation,TMPL_INTERCHANGE_TRANSFER_MIXED_SCRIPT_CS_19
PILOT_T2_TR_000436,,SFAM_NEAREST_TRANSPORT_017,FAM_NEAREST_TRANSPORT_017,PARA_NEAREST_TRANSPORT_16_0,T2_MEDIUM_V1,nearest_transport,FIND_NEAREST_STATION,Please tell: Which is the nearest metro station or transit stop to Mother Child Hospital? [loc F17] #2,en,Latn,CS0,N0,"{""landmark"": ""Mother Child Hospital"", ""transport_mode"": ""metro""}","{""place_id"": ""OSM_POI_7257518731""}",ANSWERABLE_NOW,template_instantiation,TMPL_NEAREST_TRANSPORT_EN_16
PILOT_T2_TR_000437,,SFAM_STATION_FACILITIES_020,FAM_STATION_FACILITIES_020,PARA_STATION_FACILITIES_19_4,T2_MEDIUM_V1,station_facilities,GET_STATION_FACILITY,क्या Pachaiyappa College station par passengers ke liye bicycle parking stand accessible hai F20,hi-en,Deva+Latn,CS4,N2,"{""station"": ""Pachaiyappa College"", ""facility_type"": ""bicycle_stand"", ""transport_mode"": ""metro""}","{""station_id"": ""METRO_PACHAIYAPPA_S_COLLEGE""}",ANSWERABLE_NOW,template_instantiation,TMPL_STATION_FACILITIES_MIXED_SCRIPT_CS_19
PILOT_T2_TR_000438,,SFAM_TICKETING_AND_PASSES_011,FAM_TICKETING_AND_PASSES_011,PARA_TICKETING_AND_PASSES_10_3,T2_MEDIUM_V1,ticketing_rules,GET_TICKETING_POLICY,Please tell: How can regular passengers apply for and renew Student Concession Card (F11)? #2,hi-en,Latn,CS3,N0,"{""ticket_type"": ""student_pass"", ""transport_mode"": ""transit""}",{},ANSWERABLE_NOW,template_instantiation,TMPL_TICKETING_AND_PASSES_HINGLISH_LATN_10
PILOT_T2_TR_000439,,SFAM_REALTIME_STATUS_QUERY_008,FAM_REALTIME_STATUS_QUERY_008,PARA_REALTIME_STATUS_QUERY_7_1,T2_MEDIUM_V1,realtime_status_query,REJECT_UNSUPPORTED_REALTIME,Could you specify क्या हाई कोर्ट से आने वाली ट्रेन अभी लेट चल रही है लाइव स्थिति बताएं? (ताज़ा F8)? #3,hi,Deva,CS0,N0,"{""origin"": ""हाई कोर्ट"", ""transport_mode"": ""ट्रेन""}","{""origin_id"": ""METRO_HIGHCOURT""}",REQUIRES_REALTIME_DATA,template_instantiation,TMPL_REALTIME_STATUS_QUERY_HI_DEVA_7
PILOT_T2_TR_000440,,SFAM_STATION_FACILITIES_015,FAM_STATION_FACILITIES_015,PARA_STATION_FACILITIES_14_1,T2_MEDIUM_V1,station_facilities,GET_STATION_FACILITY,Transit query: क्या लिटिल माउंट मेट्रो स्टेशन पर ईवी चार्जिंग की व्यवस्था उपलब्ध है? (सुविधा F15) #5,hi,Deva,CS0,N2,"{""station"": ""लिटिल माउंट"", ""facility_type"": ""ev_charging"", ""transport_mode"": ""मेट्रो""}","{""station_id"": ""METRO_LITTLE_MOUNT""}",ANSWERABLE_NOW,template_instantiation,TMPL_STATION_FACILITIES_HI_DEVA_14
PILOT_T2_TR_000441,,SFAM_NEAREST_TRANSPORT_009,FAM_NEAREST_TRANSPORT_009,PARA_NEAREST_TRANSPORT_8_3,T2_MEDIUM_V1,nearest_transport,FIND_NEAREST_STATION,Quick check: Find closest public transport access point near Karpaga Institute (F9) #4,hi-en,Latn,CS3,N0,"{""landmark"": ""Karpaga Institute"", ""transport_mode"": ""public transport""}","{""place_id"": ""OSM_POI_3082849503""}",ANSWERABLE_NOW,template_instantiation,TMPL_NEAREST_TRANSPORT_HINGLISH_LATN_8
PILOT_T2_TR_000442,,SFAM_OUT_OF_SCOPE_006,FAM_OUT_OF_SCOPE_006,PARA_OUT_OF_SCOPE_5_3,T2_MEDIUM_V1,out_of_scope,REJECT_OUT_OF_SCOPE,"Excuse me, What is the general weather rain forecast in Chennai near Ramakrishna Hospital today (F6)? #6",hi-en,Latn,CS3,N2,"{""landmark"": ""Ramakrishna Hospital""}","{""place_id"": ""OSM_POI_7820652187""}",OUT_OF_SCOPE,template_instantiation,TMPL_OUT_OF_SCOPE_HINGLISH_LATN_5
PILOT_T2_TR_000443,,SFAM_SERVICE_FREQUENCY_014,FAM_SERVICE_FREQUENCY_014,PARA_SERVICE_FREQUENCY_13_3,T2_MEDIUM_V1,service_timing,GET_SERVICE_FREQUENCY,Please tell: Peak hour frequency and normal headway between Washermenpet and Airport (F14) #2,hi-en,Latn,CS3,N1,"{""origin"": ""Washermenpet"", ""destination"": ""Airport"", ""timing_type"": ""frequency"", ""transport_mode"": ""metro""}","{""origin_id"": ""METRO_WASHERMENPET"", ""destination_id"": ""METRO_CHENNAI_INTERNATIONAL_AIRPORT""}",ANSWERABLE_NOW,template_instantiation,TMPL_SERVICE_FREQUENCY_HINGLISH_LATN_13
PILOT_T2_TR_000444,,SFAM_TICKETING_AND_PASSES_012,FAM_TICKETING_AND_PASSES_012,PARA_TICKETING_AND_PASSES_11_2,T2_MEDIUM_V1,ticketing_rules,GET_TICKETING_POLICY,Please tell: ncmc card recharge karne ka guidelines aur validity rule bataye. [card F12] #2,hi,Latn,CS0,N1,"{""ticket_type"": ""ncmc_card"", ""transport_mode"": ""transit""}",{},ANSWERABLE_NOW,template_instantiation,TMPL_TICKETING_AND_PASSES_HI_LATN_11
PILOT_T2_TR_000445,,SFAM_OUT_OF_SCOPE_006,FAM_OUT_OF_SCOPE_006,PARA_OUT_OF_SCOPE_5_2,T2_MEDIUM_V1,out_of_scope,REJECT_OUT_OF_SCOPE,Quick check: koyambedu airport terminal ke flight delay timings check kijiye. [bahar F6] #4,hi,Latn,CS0,N0,"{""station"": ""koyambedu""}","{""station_id"": ""METRO_KOYAMBEDU""}",OUT_OF_SCOPE,template_instantiation,TMPL_OUT_OF_SCOPE_HI_LATN_5
PILOT_T2_TR_000446,,SFAM_FIRST_AND_LAST_SERVICE_019,FAM_FIRST_AND_LAST_SERVICE_019,PARA_FIRST_AND_LAST_SERVICE_18_3,T2_MEDIUM_V1,service_timing,GET_FIRST_LAST_SERVICE,Please tell: First train and last train operational hours between Kilpauk and Koyambedu (F19) #2,hi-en,Latn,CS3,N1,"{""origin"": ""Kilpauk"", ""destination"": ""Koyambedu"", ""timing_type"": ""first_last"", ""transport_mode"": ""train""}","{""origin_id"": ""METRO_KILPAUK"", ""destination_id"": ""METRO_KOYAMBEDU""}",ANSWERABLE_NOW,template_instantiation,TMPL_FIRST_AND_LAST_SERVICE_HINGLISH_LATN_18
PILOT_T2_TR_000447,,SFAM_FARE_CALCULATION_003,FAM_FARE_CALCULATION_003,PARA_FARE_CALCULATION_2_4,T2_MEDIUM_V1,fare_query,CALCULATE_FARE,Guindy से Anna Nagar Tower metro travel ka discounted smart card fare kya hai F3,hi-en,Deva+Latn,CS4,N0,"{""origin"": ""Guindy"", ""destination"": ""Anna Nagar Tower"", ""ticket_type"": ""smart_card"", ""transport_mode"": ""metro""}","{""origin_id"": ""METRO_GUINDY"", ""destination_id"": ""METRO_ANNA_NAGAR_TOWER""}",ANSWERABLE_NOW,template_instantiation,TMPL_FARE_CALCULATION_MIXED_SCRIPT_CS_2
PILOT_T2_TR_000448,,SFAM_ROUTE_STOP_MEMBERSHIP_019,FAM_ROUTE_STOP_MEMBERSHIP_019,PARA_ROUTE_STOP_MEMBERSHIP_18_3,T2_MEDIUM_V1,route_stops,CHECK_STOP_ON_ROUTE,Verify if Adyar bus stop is covered by route 570 (F19),hi-en,Latn,CS3,N0,"{""route_number"": ""570"", ""stop"": ""Adyar"", ""transport_mode"": ""bus""}","{""route_id"": ""GTFS_ROUTE_17967"", ""stop_id"": ""BUS_2587520213""}",ANSWERABLE_WITH_PROVISIONAL_DATA,template_instantiation,TMPL_ROUTE_STOP_MEMBERSHIP_HINGLISH_LATN_18
PILOT_T2_TR_000449,,SFAM_ROUTE_STOP_SEQUENCE_010,FAM_ROUTE_STOP_SEQUENCE_010,PARA_ROUTE_STOP_SEQUENCE_9_0,T2_MEDIUM_V1,route_stops,LIST_ROUTE_STOPS,Please tell: List every intermediate stop along route 12G in order. [seq F10] #2,en,Latn,CS0,N0,"{""route_number"": ""12G"", ""transport_mode"": ""bus""}","{""route_id"": ""GTFS_ROUTE_18750""}",ANSWERABLE_WITH_PROVISIONAL_DATA,template_instantiation,TMPL_ROUTE_STOP_SEQUENCE_EN_9
PILOT_T2_TR_000450,,SFAM_REALTIME_STATUS_QUERY_009,FAM_REALTIME_STATUS_QUERY_009,PARA_REALTIME_STATUS_QUERY_8_4,T2_MEDIUM_V1,realtime_status_query,REJECT_UNSUPPORTED_REALTIME,Could you specify Thirumangalam se metro live delay status aur real time position tracking F9? #3,hi-en,Deva+Latn,CS4,N0,"{""origin"": ""Thirumangalam"", ""transport_mode"": ""metro""}","{""origin_id"": ""METRO_THIRUMANGALAM""}",REQUIRES_REALTIME_DATA,template_instantiation,TMPL_REALTIME_STATUS_QUERY_MIXED_SCRIPT_CS_8
PILOT_T2_TR_000451,,SFAM_NEAREST_TRANSPORT_017,FAM_NEAREST_TRANSPORT_017,PARA_NEAREST_TRANSPORT_16_0,T2_MEDIUM_V1,nearest_transport,FIND_NEAREST_STATION,Transit query: Which is the nearest metro station or transit stop to Mother Child Hospital? [loc F17] #5,en,Latn,CS0,N0,"{""landmark"": ""Mother Child Hospital"", ""transport_mode"": ""metro""}","{""place_id"": ""OSM_POI_7257518731""}",ANSWERABLE_NOW,template_instantiation,TMPL_NEAREST_TRANSPORT_EN_16
PILOT_T2_TR_000452,,SFAM_FIRST_AND_LAST_SERVICE_009,FAM_FIRST_AND_LAST_SERVICE_009,PARA_FIRST_AND_LAST_SERVICE_8_2,T2_MEDIUM_V1,service_timing,GET_FIRST_LAST_SERVICE,thirumangalam se saidapet first morning aur last night metro departure timing batao [samay F9],hi,Latn,CS0,N0,"{""origin"": ""thirumangalam"", ""destination"": ""saidapet"", ""timing_type"": ""first_last"", ""transport_mode"": ""metro""}","{""origin_id"": ""METRO_THIRUMANGALAM"", ""destination_id"": ""METRO_SAIDAPET""}",ANSWERABLE_NOW,template_instantiation,TMPL_FIRST_AND_LAST_SERVICE_HI_LATN_8
PILOT_T2_TR_000453,,SFAM_MODE_AVAILABILITY_017,FAM_MODE_AVAILABILITY_017,PARA_MODE_AVAILABILITY_16_2,T2_MEDIUM_V1,service_availability,CHECK_SERVICE_AVAILABILITY,st thomas mount se tambaram tak direct transit options available hain kya? [suvidha F17],hi,Latn,CS0,N0,"{""origin"": ""st thomas mount"", ""destination"": ""tambaram"", ""transport_mode"": ""any""}","{""origin_id"": ""METRO_ST__THOMAS_MOUNT"", ""destination_id"": ""BUS_5304399879""}",ANSWERABLE_WITH_PROVISIONAL_DATA,template_instantiation,TMPL_MODE_AVAILABILITY_HI_LATN_16
PILOT_T2_TR_000454,,SFAM_NEAREST_TRANSPORT_007,FAM_NEAREST_TRANSPORT_007,PARA_NEAREST_TRANSPORT_6_0,T2_MEDIUM_V1,nearest_transport,FIND_NEAREST_STATION,Which is the nearest metro station or transit stop to Mother Child Hospital? [loc F7],en,Latn,CS0,N0,"{""landmark"": ""Mother Child Hospital"", ""transport_mode"": ""metro""}","{""place_id"": ""OSM_POI_7257518731""}",ANSWERABLE_NOW,template_instantiation,TMPL_NEAREST_TRANSPORT_EN_6
PILOT_T2_TR_000455,,SFAM_NEAREST_TRANSPORT_012,FAM_NEAREST_TRANSPORT_012,PARA_NEAREST_TRANSPORT_11_1,T2_MEDIUM_V1,nearest_transport,FIND_NEAREST_STATION,Quick check: आईआईटी मद्रास के सबसे निकटतम मेट्रो स्टेशन या बस स्टॉप कौन सा है? (निकट F12) #4,hi,Deva,CS0,N0,"{""landmark"": ""आईआईटी मद्रास"", ""transport_mode"": ""मेट्रो या बस""}","{""place_id"": ""OSM_POI_11013406019""}",ANSWERABLE_NOW,template_instantiation,TMPL_NEAREST_TRANSPORT_HI_DEVA_11
PILOT_T2_TR_000456,,SFAM_FARE_CALCULATION_005,FAM_FARE_CALCULATION_005,PARA_FARE_CALCULATION_4_1,T2_MEDIUM_V1,fare_query,CALCULATE_FARE,Transit query: सीएमबीटी से थाउजेंड लाइट्स तक का मेट्रो का टोकन किराया कितना रुपया है? (किराया F5) #5,hi,Deva,CS0,N0,"{""origin"": ""सीएमबीटी"", ""destination"": ""थाउजेंड लाइट्स"", ""fare_type"": ""टोकन"", ""transport_mode"": ""मेट्रो""}","{""origin_id"": ""METRO_PURATCHI_THALAIVI_DR_J_JAYALALITHAA_CMBT"", ""destination_id"": ""METRO_THOUSAND_LIGHTS""}",ANSWERABLE_NOW,template_instantiation,TMPL_FARE_CALCULATION_HI_DEVA_4
PILOT_T2_TR_000457,,SFAM_REALTIME_STATUS_QUERY_012,FAM_REALTIME_STATUS_QUERY_012,PARA_REALTIME_STATUS_QUERY_11_1,T2_MEDIUM_V1,realtime_status_query,REJECT_UNSUPPORTED_REALTIME,Please tell: क्या थाउजेंड लाइट्स से आने वाली ट्रेन अभी लेट चल रही है लाइव स्थिति बताएं? (ताज़ा F12) #2,hi,Deva,CS0,N0,"{""origin"": ""थाउजेंड लाइट्स"", ""transport_mode"": ""ट्रेन""}","{""origin_id"": ""METRO_THOUSAND_LIGHTS""}",REQUIRES_REALTIME_DATA,template_instantiation,TMPL_REALTIME_STATUS_QUERY_HI_DEVA_11
PILOT_T2_TR_000458,,SFAM_INTERCHANGE_TRANSFER_007,FAM_INTERCHANGE_TRANSFER_007,PARA_INTERCHANGE_TRANSFER_6_0,T2_MEDIUM_V1,interchange_query,GET_INTERCHANGE_DETAILS,Please tell: How do I switch lines to connect towards Washermenpet at Vadapalani interchange? [xfer F7] #2,en,Latn,CS0,N0,"{""station"": ""Vadapalani"", ""destination"": ""Washermenpet"", ""facility_type"": ""interchange""}","{""station_id"": ""METRO_VADAPALANI"", ""destination_id"": ""METRO_WASHERMENPET""}",ANSWERABLE_AFTER_MANUAL_VERIFICATION,template_instantiation,TMPL_INTERCHANGE_TRANSFER_EN_6
PILOT_T2_TR_000459,,SFAM_OUT_OF_SCOPE_018,FAM_OUT_OF_SCOPE_018,PARA_OUT_OF_SCOPE_17_1,T2_MEDIUM_V1,out_of_scope,REJECT_OUT_OF_SCOPE,"Excuse me, नेहरू पार्क के निकटतम सबसे अच्छे रेस्टोरेंट और भोजनालय की सूची दें। (बाहर F18) #6",hi,Deva,CS0,N0,"{""station"": ""नेहरू पार्क""}","{""station_id"": ""METRO_NEHRU_PARK""}",OUT_OF_SCOPE,template_instantiation,TMPL_OUT_OF_SCOPE_HI_DEVA_17
PILOT_T2_TR_000460,,SFAM_POINT_TO_POINT_ROUTE_003,FAM_POINT_TO_POINT_ROUTE_003,PARA_POINT_TO_POINT_ROUTE_2_4,T2_MEDIUM_V1,route_query,PLAN_ROUTE,Guindy से Anna Nagar Tower direct metro connection bataye route plan F3,hi-en,Deva+Latn,CS4,N0,"{""origin"": ""Guindy"", ""destination"": ""Anna Nagar Tower"", ""transport_mode"": ""metro""}","{""origin_id"": ""METRO_GUINDY"", ""destination_id"": ""METRO_ANNA_NAGAR_TOWER""}",ANSWERABLE_WITH_PROVISIONAL_DATA,template_instantiation,TMPL_POINT_TO_POINT_ROUTE_MIXED_SCRIPT_CS_2
PILOT_T2_TR_000461,,SFAM_TICKETING_AND_PASSES_003,FAM_TICKETING_AND_PASSES_003,PARA_TICKETING_AND_PASSES_2_3,T2_MEDIUM_V1,ticketing_rules,GET_TICKETING_POLICY,"Hello assistant, How can regular passengers apply for and renew WhatsApp QR Ticket (F3)? #7",hi-en,Latn,CS3,N0,"{""ticket_type"": ""qr_ticket"", ""transport_mode"": ""transit""}",{},ANSWERABLE_NOW,template_instantiation,TMPL_TICKETING_AND_PASSES_HINGLISH_LATN_2
PILOT_T2_TR_000462,,SFAM_OUT_OF_SCOPE_018,FAM_OUT_OF_SCOPE_018,PARA_OUT_OF_SCOPE_17_3,T2_MEDIUM_V1,out_of_scope,REJECT_OUT_OF_SCOPE,Transit query: What is the general weather rain forecast in Chennai near Madhuranthagam Hospital today (F18)? #5,hi-en,Latn,CS3,N0,"{""landmark"": ""Madhuranthagam Hospital""}","{""place_id"": ""OSM_POI_7257518777""}",OUT_OF_SCOPE,template_instantiation,TMPL_OUT_OF_SCOPE_HINGLISH_LATN_17
PILOT_T2_TR_000463,,SFAM_OUT_OF_SCOPE_015,FAM_OUT_OF_SCOPE_015,PARA_OUT_OF_SCOPE_14_0,T2_MEDIUM_V1,out_of_scope,REJECT_OUT_OF_SCOPE,Book a private cab taxi ride from Little Mount to Chennai Central. [cab F15],en,Latn,CS0,N0,"{""origin"": ""Little Mount"", ""destination"": ""Chennai Central""}","{""origin_id"": ""METRO_LITTLE_MOUNT"", ""destination_id"": ""METRO_PURATCHI_THALAIVAR_DR__M_G_RAMACHANDRAN_CENTRAL""}",OUT_OF_SCOPE,template_instantiation,TMPL_OUT_OF_SCOPE_EN_14
PILOT_T2_TR_000464,,SFAM_REALTIME_STATUS_QUERY_019,FAM_REALTIME_STATUS_QUERY_019,PARA_REALTIME_STATUS_QUERY_18_0,T2_MEDIUM_V1,realtime_status_query,REJECT_UNSUPPORTED_REALTIME,Quick check: Where is bus 570 right now and what is its live location? [live F19] #4,en,Latn,CS0,N0,"{""route_number"": ""570"", ""transport_mode"": ""bus""}","{""route_id"": ""GTFS_ROUTE_17967""}",REQUIRES_REALTIME_DATA,template_instantiation,TMPL_REALTIME_STATUS_QUERY_EN_18
PILOT_T2_TR_000465,,SFAM_ROUTE_STOP_MEMBERSHIP_001,FAM_ROUTE_STOP_MEMBERSHIP_001,PARA_ROUTE_STOP_MEMBERSHIP_0_2,T2_MEDIUM_V1,route_stops,CHECK_STOP_ON_ROUTE,Please tell: kya bus 21G ka tambaram par stoppage hai confirm kare? [check F1] #2,hi,Latn,CS0,N0,"{""route_number"": ""21G"", ""stop"": ""tambaram"", ""transport_mode"": ""bus""}","{""route_id"": ""GTFS_ROUTE_8458"", ""stop_id"": ""BUS_5304399879""}",ANSWERABLE_WITH_PROVISIONAL_DATA,template_instantiation,TMPL_ROUTE_STOP_MEMBERSHIP_HI_LATN_0
PILOT_T2_TR_000466,,SFAM_ROUTE_STOP_MEMBERSHIP_002,FAM_ROUTE_STOP_MEMBERSHIP_002,PARA_ROUTE_STOP_MEMBERSHIP_1_3,T2_MEDIUM_V1,route_stops,CHECK_STOP_ON_ROUTE,Verify if Broadway bus stop is covered by route 102 (F2),hi-en,Latn,CS3,N2,"{""route_number"": ""102"", ""stop"": ""Broadway"", ""transport_mode"": ""bus""}","{""route_id"": ""GTFS_ROUTE_16861"", ""stop_id"": ""BUS_27618346""}",ANSWERABLE_WITH_PROVISIONAL_DATA,template_instantiation,TMPL_ROUTE_STOP_MEMBERSHIP_HINGLISH_LATN_1
PILOT_T2_TR_000467,,SFAM_FIRST_AND_LAST_SERVICE_009,FAM_FIRST_AND_LAST_SERVICE_009,PARA_FIRST_AND_LAST_SERVICE_8_0,T2_MEDIUM_V1,service_timing,GET_FIRST_LAST_SERVICE,Please tell: What time does the earliest and latest train depart Thirumangalam for Saidapet? [hrs F9] #2,en,Latn,CS0,N0,"{""origin"": ""Thirumangalam"", ""destination"": ""Saidapet"", ""timing_type"": ""first_last"", ""transport_mode"": ""metro""}","{""origin_id"": ""METRO_THIRUMANGALAM"", ""destination_id"": ""METRO_SAIDAPET""}",ANSWERABLE_NOW,template_instantiation,TMPL_FIRST_AND_LAST_SERVICE_EN_8
PILOT_T2_TR_000468,,SFAM_SERVICE_FREQUENCY_009,FAM_SERVICE_FREQUENCY_009,PARA_SERVICE_FREQUENCY_8_3,T2_MEDIUM_V1,service_timing,GET_SERVICE_FREQUENCY,Please tell: Peak hour frequency and normal headway between Thirumangalam and Saidapet (F9) #2,hi-en,Latn,CS3,N1,"{""origin"": ""Thirumangalam"", ""destination"": ""Saidapet"", ""timing_type"": ""frequency"", ""transport_mode"": ""metro""}","{""origin_id"": ""METRO_THIRUMANGALAM"", ""destination_id"": ""METRO_SAIDAPET""}",ANSWERABLE_NOW,template_instantiation,TMPL_SERVICE_FREQUENCY_HINGLISH_LATN_8
PILOT_T2_TR_000469,,SFAM_MULTIMODAL_ROUTE_005,FAM_MULTIMODAL_ROUTE_005,PARA_MULTIMODAL_ROUTE_4_0,T2_MEDIUM_V1,route_query,PLAN_MULTIMODAL_ROUTE,Please tell: What is the combined bus and metro route from Besant Nagar to Thousand Lights? [plan F5] #2,en,Latn,CS0,N0,"{""origin"": ""Besant Nagar"", ""destination"": ""Thousand Lights"", ""transport_mode"": ""multimodal""}","{""origin_id"": ""BUS_417750654"", ""destination_id"": ""METRO_THOUSAND_LIGHTS""}",ANSWERABLE_WITH_PROVISIONAL_DATA,template_instantiation,TMPL_MULTIMODAL_ROUTE_EN_4
PILOT_T2_TR_000470,,SFAM_INTERCHANGE_TRANSFER_008,FAM_INTERCHANGE_TRANSFER_008,PARA_INTERCHANGE_TRANSFER_7_1,T2_MEDIUM_V1,interchange_query,GET_INTERCHANGE_DETAILS,"Excuse me, हाई कोर्ट इंटरचेंज पर दूसरी लाइन में ट्रांसफर करने का मार्ग क्या है? (बदलाव F8) #6",hi,Deva,CS0,N0,"{""station"": ""हाई कोर्ट"", ""facility_type"": ""इंटरचेंज""}","{""station_id"": ""METRO_HIGHCOURT""}",ANSWERABLE_AFTER_MANUAL_VERIFICATION,template_instantiation,TMPL_INTERCHANGE_TRANSFER_HI_DEVA_7
PILOT_T2_TR_000471,,SFAM_STATION_ACCESSIBILITY_005,FAM_STATION_ACCESSIBILITY_005,PARA_STATION_ACCESSIBILITY_4_4,T2_MEDIUM_V1,accessibility,GET_ACCESSIBILITY_INFO,Could you specify CMBT station par handicapped passengers ke liye wheelchair ramp support status F5? #3,hi-en,Deva+Latn,CS4,N1,"{""station"": ""CMBT"", ""accessibility_feature"": ""wheelchair"", ""transport_mode"": ""metro""}","{""station_id"": ""METRO_PURATCHI_THALAIVI_DR_J_JAYALALITHAA_CMBT""}",ANSWERABLE_NOW,template_instantiation,TMPL_STATION_ACCESSIBILITY_MIXED_SCRIPT_CS_4
PILOT_T2_TR_000472,,SFAM_POINT_TO_POINT_ROUTE_005,FAM_POINT_TO_POINT_ROUTE_005,PARA_POINT_TO_POINT_ROUTE_4_1,T2_MEDIUM_V1,route_query,PLAN_ROUTE,Could you specify सीएमबीटी से थाउजेंड लाइट्स मेट्रो से जाने का रास्ता क्या है? (प्रारूप F5)? #3,hi,Deva,CS0,N0,"{""origin"": ""सीएमबीटी"", ""destination"": ""थाउजेंड लाइट्स"", ""transport_mode"": ""मेट्रो""}","{""origin_id"": ""METRO_PURATCHI_THALAIVI_DR_J_JAYALALITHAA_CMBT"", ""destination_id"": ""METRO_THOUSAND_LIGHTS""}",ANSWERABLE_WITH_PROVISIONAL_DATA,template_instantiation,TMPL_POINT_TO_POINT_ROUTE_HI_DEVA_4
PILOT_T2_TR_000473,,SFAM_OUT_OF_SCOPE_001,FAM_OUT_OF_SCOPE_001,PARA_OUT_OF_SCOPE_0_3,T2_MEDIUM_V1,out_of_scope,REJECT_OUT_OF_SCOPE,Could you specify What is the general weather rain forecast in Chennai near Marina Beach today (F1)?? #3,hi-en,Latn,CS3,N1,"{""landmark"": ""Marina Beach""}","{""place_id"": ""OSM_POI_12137617372""}",OUT_OF_SCOPE,template_instantiation,TMPL_OUT_OF_SCOPE_HINGLISH_LATN_0
PILOT_T2_TR_000474,,SFAM_POINT_TO_POINT_ROUTE_006,FAM_POINT_TO_POINT_ROUTE_006,PARA_POINT_TO_POINT_ROUTE_5_0,T2_MEDIUM_V1,route_query,PLAN_ROUTE,How do I commute from Koyambedu to Wimco Nagar Depot by metro? [pattern F6],en,Latn,CS0,N0,"{""origin"": ""Koyambedu"", ""destination"": ""Wimco Nagar Depot"", ""transport_mode"": ""metro""}","{""origin_id"": ""METRO_KOYAMBEDU"", ""destination_id"": ""METRO_WIMCO_NAGAR""}",ANSWERABLE_WITH_PROVISIONAL_DATA,template_instantiation,TMPL_POINT_TO_POINT_ROUTE_EN_5
PILOT_T2_TR_000475,,SFAM_NEAREST_TRANSPORT_007,FAM_NEAREST_TRANSPORT_007,PARA_NEAREST_TRANSPORT_6_1,T2_MEDIUM_V1,nearest_transport,FIND_NEAREST_STATION,Could you specify मातृ शिशु अस्पताल के सबसे निकटतम मेट्रो स्टेशन या बस स्टॉप कौन सा है? (निकट F7)? #3,hi,Deva,CS0,N0,"{""landmark"": ""मातृ शिशु अस्पताल"", ""transport_mode"": ""मेट्रो या बस""}","{""place_id"": ""OSM_POI_7257518731""}",ANSWERABLE_NOW,template_instantiation,TMPL_NEAREST_TRANSPORT_HI_DEVA_6
PILOT_T2_TR_000476,,SFAM_MODE_AVAILABILITY_011,FAM_MODE_AVAILABILITY_011,PARA_MODE_AVAILABILITY_10_0,T2_MEDIUM_V1,service_availability,CHECK_SERVICE_AVAILABILITY,Please tell: Are there direct public transport options from Egmore to Kalpakkam? [avail F11] #2,en,Latn,CS0,N0,"{""origin"": ""Egmore"", ""destination"": ""Kalpakkam"", ""transport_mode"": ""any""}","{""origin_id"": ""METRO_EGMORE"", ""destination_id"": ""BUS_30143150""}",ANSWERABLE_WITH_PROVISIONAL_DATA,template_instantiation,TMPL_MODE_AVAILABILITY_EN_10
PILOT_T2_TR_000477,,SFAM_NEAREST_TRANSPORT_017,FAM_NEAREST_TRANSPORT_017,PARA_NEAREST_TRANSPORT_16_0,T2_MEDIUM_V1,nearest_transport,FIND_NEAREST_STATION,Could you specify Which is the nearest metro station or transit stop to Mother Child Hospital? [loc F17]? #3,en,Latn,CS0,N0,"{""landmark"": ""Mother Child Hospital"", ""transport_mode"": ""metro""}","{""place_id"": ""OSM_POI_7257518731""}",ANSWERABLE_NOW,template_instantiation,TMPL_NEAREST_TRANSPORT_EN_16
PILOT_T2_TR_000478,,SFAM_FIRST_AND_LAST_SERVICE_015,FAM_FIRST_AND_LAST_SERVICE_015,PARA_FIRST_AND_LAST_SERVICE_14_0,T2_MEDIUM_V1,service_timing,GET_FIRST_LAST_SERVICE,Please tell: What time does the earliest and latest train depart Little Mount for Chennai Central? [hrs F15] #2,en,Latn,CS0,N0,"{""origin"": ""Little Mount"", ""destination"": ""Chennai Central"", ""timing_type"": ""first_last"", ""transport_mode"": ""metro""}","{""origin_id"": ""METRO_LITTLE_MOUNT"", ""destination_id"": ""METRO_PURATCHI_THALAIVAR_DR__M_G_RAMACHANDRAN_CENTRAL""}",ANSWERABLE_NOW,template_instantiation,TMPL_FIRST_AND_LAST_SERVICE_EN_14
PILOT_T2_TR_000479,,SFAM_REALTIME_STATUS_QUERY_001,FAM_REALTIME_STATUS_QUERY_001,PARA_REALTIME_STATUS_QUERY_0_1,T2_MEDIUM_V1,realtime_status_query,REJECT_UNSUPPORTED_REALTIME,Please tell: क्या एयरपोर्ट से आने वाली ट्रेन अभी लेट चल रही है लाइव स्थिति बताएं? (ताज़ा F1) #2,hi,Deva,CS0,N0,"{""origin"": ""एयरपोर्ट"", ""transport_mode"": ""ट्रेन""}","{""origin_id"": ""METRO_CHENNAI_INTERNATIONAL_AIRPORT""}",REQUIRES_REALTIME_DATA,template_instantiation,TMPL_REALTIME_STATUS_QUERY_HI_DEVA_0
PILOT_T2_TR_000480,,SFAM_SERVICE_FREQUENCY_002,FAM_SERVICE_FREQUENCY_002,PARA_SERVICE_FREQUENCY_1_3,T2_MEDIUM_V1,service_timing,GET_SERVICE_FREQUENCY,Please tell: Peak hour frequency and normal headway between Chennai Central and Thirumangalam (F2) #2,hi-en,Latn,CS3,N0,"{""origin"": ""Chennai Central"", ""destination"": ""Thirumangalam"", ""timing_type"": ""frequency"", ""transport_mode"": ""metro""}","{""origin_id"": ""METRO_PURATCHI_THALAIVAR_DR__M_G_RAMACHANDRAN_CENTRAL"", ""destination_id"": ""METRO_THIRUMANGALAM""}",ANSWERABLE_NOW,template_instantiation,TMPL_SERVICE_FREQUENCY_HINGLISH_LATN_1
PILOT_T2_TR_000481,,SFAM_TICKETING_AND_PASSES_012,FAM_TICKETING_AND_PASSES_012,PARA_TICKETING_AND_PASSES_11_0,T2_MEDIUM_V1,ticketing_rules,GET_TICKETING_POLICY,Could you specify What are the rules and procedure to purchase a National Common Mobility Card for commuters? [pass F12]? #3,en,Latn,CS0,N0,"{""ticket_type"": ""ncmc_card"", ""transport_mode"": ""transit""}",{},ANSWERABLE_NOW,template_instantiation,TMPL_TICKETING_AND_PASSES_EN_11
PILOT_T2_TR_000482,,SFAM_NEAREST_TRANSPORT_005,FAM_NEAREST_TRANSPORT_005,PARA_NEAREST_TRANSPORT_4_0,T2_MEDIUM_V1,nearest_transport,FIND_NEAREST_STATION,Please tell: Which is the nearest metro station or transit stop to Maruthi Hospital? [loc F5] #2,en,Latn,CS0,N0,"{""landmark"": ""Maruthi Hospital"", ""transport_mode"": ""metro""}","{""place_id"": ""OSM_POI_7820652140""}",ANSWERABLE_NOW,template_instantiation,TMPL_NEAREST_TRANSPORT_EN_4
PILOT_T2_TR_000483,,SFAM_FIRST_AND_LAST_SERVICE_009,FAM_FIRST_AND_LAST_SERVICE_009,PARA_FIRST_AND_LAST_SERVICE_8_0,T2_MEDIUM_V1,service_timing,GET_FIRST_LAST_SERVICE,What time does the earliest and latest train depart Thirumangalam for Saidapet? [hrs F9],en,Latn,CS0,N0,"{""origin"": ""Thirumangalam"", ""destination"": ""Saidapet"", ""timing_type"": ""first_last"", ""transport_mode"": ""metro""}","{""origin_id"": ""METRO_THIRUMANGALAM"", ""destination_id"": ""METRO_SAIDAPET""}",ANSWERABLE_NOW,template_instantiation,TMPL_FIRST_AND_LAST_SERVICE_EN_8
PILOT_T2_TR_000484,,SFAM_ROUTE_STOP_MEMBERSHIP_002,FAM_ROUTE_STOP_MEMBERSHIP_002,PARA_ROUTE_STOP_MEMBERSHIP_1_3,T2_MEDIUM_V1,route_stops,CHECK_STOP_ON_ROUTE,Quick check: Verify if Broadway bus stop is covered by route 102 (F2) #4,hi-en,Latn,CS3,N1,"{""route_number"": ""102"", ""stop"": ""Broadway"", ""transport_mode"": ""bus""}","{""route_id"": ""GTFS_ROUTE_16861"", ""stop_id"": ""BUS_27618346""}",ANSWERABLE_WITH_PROVISIONAL_DATA,template_instantiation,TMPL_ROUTE_STOP_MEMBERSHIP_HINGLISH_LATN_1
PILOT_T2_TR_000485,,SFAM_REALTIME_STATUS_QUERY_017,FAM_REALTIME_STATUS_QUERY_017,PARA_REALTIME_STATUS_QUERY_16_3,T2_MEDIUM_V1,realtime_status_query,REJECT_UNSUPPORTED_REALTIME,Transit query: Live crowd density and train arrival countdown at St. Thomas Mount right now (F17) #5,hi-en,Latn,CS3,N0,"{""station"": ""St. Thomas Mount"", ""transport_mode"": ""metro""}","{""station_id"": ""METRO_ST__THOMAS_MOUNT""}",REQUIRES_REALTIME_DATA,template_instantiation,TMPL_REALTIME_STATUS_QUERY_HINGLISH_LATN_16
PILOT_T2_TR_000486,,SFAM_SERVICE_FREQUENCY_002,FAM_SERVICE_FREQUENCY_002,PARA_SERVICE_FREQUENCY_1_2,T2_MEDIUM_V1,service_timing,GET_SERVICE_FREQUENCY,Please tell: chennai central to thirumangalam metro service ka regular interval headway kya hai? [interval F2] #2,hi,Latn,CS0,N0,"{""origin"": ""chennai central"", ""destination"": ""thirumangalam"", ""timing_type"": ""frequency"", ""transport_mode"": ""metro""}","{""origin_id"": ""METRO_PURATCHI_THALAIVAR_DR__M_G_RAMACHANDRAN_CENTRAL"", ""destination_id"": ""METRO_THIRUMANGALAM""}",ANSWERABLE_NOW,template_instantiation,TMPL_SERVICE_FREQUENCY_HI_LATN_1
PILOT_T2_TR_000487,,SFAM_STATION_FACILITIES_019,FAM_STATION_FACILITIES_019,PARA_STATION_FACILITIES_18_0,T2_MEDIUM_V1,station_facilities,GET_STATION_FACILITY,Could you specify Is EV vehicle charging facility available at Kilpauk metro station? [fac F19]? #3,en,Latn,CS0,N0,"{""station"": ""Kilpauk"", ""facility_type"": ""ev_charging"", ""transport_mode"": ""metro""}","{""station_id"": ""METRO_KILPAUK""}",ANSWERABLE_NOW,template_instantiation,TMPL_STATION_FACILITIES_EN_18
PILOT_T2_TR_000488,,SFAM_FARE_CALCULATION_014,FAM_FARE_CALCULATION_014,PARA_FARE_CALCULATION_13_1,T2_MEDIUM_V1,fare_query,CALCULATE_FARE,वॉशरमैनपेट से एयरपोर्ट तक का मेट्रो का टोकन किराया कितना रुपया है? (किराया F14),hi,Deva,CS0,N1,"{""origin"": ""वॉशरमैनपेट"", ""destination"": ""एयरपोर्ट"", ""fare_type"": ""टोकन"", ""transport_mode"": ""मेट्रो""}","{""origin_id"": ""METRO_WASHERMENPET"", ""destination_id"": ""METRO_CHENNAI_INTERNATIONAL_AIRPORT""}",ANSWERABLE_NOW,template_instantiation,TMPL_FARE_CALCULATION_HI_DEVA_13
PILOT_T2_TR_000489,,SFAM_FARE_CALCULATION_013,FAM_FARE_CALCULATION_013,PARA_FARE_CALCULATION_12_0,T2_MEDIUM_V1,fare_query,CALCULATE_FARE,What is the single-journey ticket fare from Wimco Nagar Depot to Pachaiyappa College on metro? [fare F13],en,Latn,CS0,N0,"{""origin"": ""Wimco Nagar Depot"", ""destination"": ""Pachaiyappa College"", ""fare_type"": ""token"", ""transport_mode"": ""metro""}","{""origin_id"": ""METRO_WIMCO_NAGAR"", ""destination_id"": ""METRO_PACHAIYAPPA_S_COLLEGE""}",ANSWERABLE_NOW,template_instantiation,TMPL_FARE_CALCULATION_EN_12
PILOT_T2_TR_000490,,SFAM_TICKETING_AND_PASSES_016,FAM_TICKETING_AND_PASSES_016,PARA_TICKETING_AND_PASSES_15_1,T2_MEDIUM_V1,ticketing_rules,GET_TICKETING_POLICY,Please tell: यात्रियों के लिए टूरिस्ट कार्ड प्राप्त करने के नियम और प्रक्रिया क्या हैं? (पास F16) #2,hi,Deva,CS0,N0,"{""ticket_type"": ""tourist_card"", ""transport_mode"": ""पारगमन""}",{},ANSWERABLE_NOW,template_instantiation,TMPL_TICKETING_AND_PASSES_HI_DEVA_15
PILOT_T2_TR_000491,,SFAM_STATION_FACILITIES_014,FAM_STATION_FACILITIES_014,PARA_STATION_FACILITIES_13_4,T2_MEDIUM_V1,station_facilities,GET_STATION_FACILITY,Please tell: क्या Washermenpet station par passengers ke liye two-wheeler bike parking accessible hai F14 #2,hi-en,Deva+Latn,CS4,N0,"{""station"": ""Washermenpet"", ""facility_type"": ""two_wheeler_parking"", ""transport_mode"": ""metro""}","{""station_id"": ""METRO_WASHERMENPET""}",ANSWERABLE_NOW,template_instantiation,TMPL_STATION_FACILITIES_MIXED_SCRIPT_CS_13
PILOT_T2_TR_000492,,SFAM_NEAREST_TRANSPORT_012,FAM_NEAREST_TRANSPORT_012,PARA_NEAREST_TRANSPORT_11_1,T2_MEDIUM_V1,nearest_transport,FIND_NEAREST_STATION,Transit query: आईआईटी मद्रास के सबसे निकटतम मेट्रो स्टेशन या बस स्टॉप कौन सा है? (निकट F12) #5,hi,Deva,CS0,N2,"{""landmark"": ""आईआईटी मद्रास"", ""transport_mode"": ""मेट्रो या बस""}","{""place_id"": ""OSM_POI_11013406019""}",ANSWERABLE_NOW,template_instantiation,TMPL_NEAREST_TRANSPORT_HI_DEVA_11
PILOT_T2_TR_000493,,SFAM_OUT_OF_SCOPE_010,FAM_OUT_OF_SCOPE_010,PARA_OUT_OF_SCOPE_9_3,T2_MEDIUM_V1,out_of_scope,REJECT_OUT_OF_SCOPE,Quick check: What is the general weather rain forecast in Chennai near Padalam Hospital today (F10)? #4,hi-en,Latn,CS3,N0,"{""landmark"": ""Padalam Hospital""}","{""place_id"": ""OSM_POI_7257518724""}",OUT_OF_SCOPE,template_instantiation,TMPL_OUT_OF_SCOPE_HINGLISH_LATN_9
PILOT_T2_TR_000494,,SFAM_STATION_FACILITIES_020,FAM_STATION_FACILITIES_020,PARA_STATION_FACILITIES_19_1,T2_MEDIUM_V1,station_facilities,GET_STATION_FACILITY,Quick check: क्या पचैयप्पा कॉलेज मेट्रो स्टेशन पर साइकिल स्टैंड की व्यवस्था उपलब्ध है? (सुविधा F20) #4,hi,Deva,CS0,N0,"{""station"": ""पचैयप्पा कॉलेज"", ""facility_type"": ""bicycle_stand"", ""transport_mode"": ""मेट्रो""}","{""station_id"": ""METRO_PACHAIYAPPA_S_COLLEGE""}",ANSWERABLE_NOW,template_instantiation,TMPL_STATION_FACILITIES_HI_DEVA_19
PILOT_T2_TR_000495,,SFAM_MODE_AVAILABILITY_005,FAM_MODE_AVAILABILITY_005,PARA_MODE_AVAILABILITY_4_4,T2_MEDIUM_V1,service_availability,CHECK_SERVICE_AVAILABILITY,Could you specify क्या CMBT से Besant Nagar transport line active hai mode info F5? #3,hi-en,Deva+Latn,CS4,N1,"{""origin"": ""CMBT"", ""destination"": ""Besant Nagar"", ""transport_mode"": ""transport""}","{""origin_id"": ""METRO_PURATCHI_THALAIVI_DR_J_JAYALALITHAA_CMBT"", ""destination_id"": ""BUS_417750654""}",ANSWERABLE_WITH_PROVISIONAL_DATA,template_instantiation,TMPL_MODE_AVAILABILITY_MIXED_SCRIPT_CS_4
PILOT_T2_TR_000496,,SFAM_INTERCHANGE_TRANSFER_011,FAM_INTERCHANGE_TRANSFER_011,PARA_INTERCHANGE_TRANSFER_10_2,T2_MEDIUM_V1,interchange_query,GET_INTERCHANGE_DETAILS,Could you specify egmore hub par metro line change karke nehru park kaise jaye? [platform F11]? #3,hi,Latn,CS0,N0,"{""station"": ""egmore"", ""destination"": ""nehru park"", ""facility_type"": ""interchange""}","{""station_id"": ""METRO_EGMORE"", ""destination_id"": ""METRO_NEHRU_PARK""}",ANSWERABLE_AFTER_MANUAL_VERIFICATION,template_instantiation,TMPL_INTERCHANGE_TRANSFER_HI_LATN_10
PILOT_T2_TR_000497,,SFAM_REALTIME_STATUS_QUERY_016,FAM_REALTIME_STATUS_QUERY_016,PARA_REALTIME_STATUS_QUERY_15_3,T2_MEDIUM_V1,realtime_status_query,REJECT_UNSUPPORTED_REALTIME,"Excuse me, Live crowd density and train arrival countdown at Saidapet right now (F16) #6",hi-en,Latn,CS3,N1,"{""station"": ""Saidapet"", ""transport_mode"": ""metro""}","{""station_id"": ""METRO_SAIDAPET""}",REQUIRES_REALTIME_DATA,template_instantiation,TMPL_REALTIME_STATUS_QUERY_HINGLISH_LATN_15
PILOT_T2_TR_000498,,SFAM_TICKETING_AND_PASSES_008,FAM_TICKETING_AND_PASSES_008,PARA_TICKETING_AND_PASSES_7_2,T2_MEDIUM_V1,ticketing_rules,GET_TICKETING_POLICY,Could you specify smart card recharge karne ka guidelines aur validity rule bataye. [card F8]? #3,hi,Latn,CS0,N0,"{""ticket_type"": ""smart_card"", ""transport_mode"": ""transit""}",{},ANSWERABLE_NOW,template_instantiation,TMPL_TICKETING_AND_PASSES_HI_LATN_7
PILOT_T2_TR_000499,,SFAM_POINT_TO_POINT_ROUTE_006,FAM_POINT_TO_POINT_ROUTE_006,PARA_POINT_TO_POINT_ROUTE_5_0,T2_MEDIUM_V1,route_query,PLAN_ROUTE,Could you specify How do I commute from Koyambedu to Wimco Nagar Depot by metro? [pattern F6]? #3,en,Latn,CS0,N0,"{""origin"": ""Koyambedu"", ""destination"": ""Wimco Nagar Depot"", ""transport_mode"": ""metro""}","{""origin_id"": ""METRO_KOYAMBEDU"", ""destination_id"": ""METRO_WIMCO_NAGAR""}",ANSWERABLE_WITH_PROVISIONAL_DATA,template_instantiation,TMPL_POINT_TO_POINT_ROUTE_EN_5
PILOT_T2_TR_000500,,SFAM_MODE_AVAILABILITY_004,FAM_MODE_AVAILABILITY_004,PARA_MODE_AVAILABILITY_3_4,T2_MEDIUM_V1,service_availability,CHECK_SERVICE_AVAILABILITY,Please tell: क्या Alandur से Velachery transport line active hai mode info F4 #2,hi-en,Deva+Latn,CS4,N0,"{""origin"": ""Alandur"", ""destination"": ""Velachery"", ""transport_mode"": ""transport""}","{""origin_id"": ""METRO_ARIGNAR_ANNA_ALANDUR"", ""destination_id"": ""BUS_1764308008""}",ANSWERABLE_WITH_PROVISIONAL_DATA,template_instantiation,TMPL_MODE_AVAILABILITY_MIXED_SCRIPT_CS_3
PILOT_T2_TR_000501,,SFAM_NEAREST_TRANSPORT_014,FAM_NEAREST_TRANSPORT_014,PARA_NEAREST_TRANSPORT_13_3,T2_MEDIUM_V1,nearest_transport,FIND_NEAREST_STATION,Transit query: Find closest public transport access point near Maritime Institute (F14) #5,hi-en,Latn,CS3,N1,"{""landmark"": ""Maritime Institute"", ""transport_mode"": ""public transport""}","{""place_id"": ""OSM_POI_314081186""}",ANSWERABLE_NOW,template_instantiation,TMPL_NEAREST_TRANSPORT_HINGLISH_LATN_13
PILOT_T2_TR_000502,,SFAM_SCHEDULED_DEPARTURE_011,FAM_SCHEDULED_DEPARTURE_011,PARA_SCHEDULED_DEPARTURE_10_1,T2_MEDIUM_V1,service_timing,GET_SCHEDULED_DEPARTURES,एग्मोर से सुबह 8 बजे छूटने वाली गाड़ियों की समय सारणी दिखाएं। (समय F11),hi,Deva,CS0,N0,"{""origin"": ""एग्मोर"", ""time"": ""सुबह 8 बजे"", ""resolved_time"": ""08:00:00""}","{""origin_id"": ""METRO_EGMORE""}",ANSWERABLE_NOW,template_instantiation,TMPL_SCHEDULED_DEPARTURE_HI_DEVA_10
PILOT_T2_TR_000503,,SFAM_FARE_CALCULATION_014,FAM_FARE_CALCULATION_014,PARA_FARE_CALCULATION_13_1,T2_MEDIUM_V1,fare_query,CALCULATE_FARE,Transit query: वॉशरमैनपेट से एयरपोर्ट तक का मेट्रो का टोकन किराया कितना रुपया है? (किराया F14) #5,hi,Deva,CS0,N2,"{""origin"": ""वॉशरमैनपेट"", ""destination"": ""एयरपोर्ट"", ""fare_type"": ""टोकन"", ""transport_mode"": ""मेट्रो""}","{""origin_id"": ""METRO_WASHERMENPET"", ""destination_id"": ""METRO_CHENNAI_INTERNATIONAL_AIRPORT""}",ANSWERABLE_NOW,template_instantiation,TMPL_FARE_CALCULATION_HI_DEVA_13
PILOT_T2_TR_000504,,SFAM_SERVICE_FREQUENCY_019,FAM_SERVICE_FREQUENCY_019,PARA_SERVICE_FREQUENCY_18_1,T2_MEDIUM_V1,service_timing,GET_SERVICE_FREQUENCY,Please tell: किल्पौक और कोयम्बेडु के बीच मेट्रो हर कितने मिनट के अंतराल पर चलती है? (आवृत्ति F19) #2,hi,Deva,CS0,N0,"{""origin"": ""किल्पौक"", ""destination"": ""कोयम्बेडु"", ""timing_type"": ""frequency"", ""transport_mode"": ""मेट्रो""}","{""origin_id"": ""METRO_KILPAUK"", ""destination_id"": ""METRO_KOYAMBEDU""}",ANSWERABLE_NOW,template_instantiation,TMPL_SERVICE_FREQUENCY_HI_DEVA_18
PILOT_T2_TR_000505,,SFAM_MODE_AVAILABILITY_007,FAM_MODE_AVAILABILITY_007,PARA_MODE_AVAILABILITY_6_0,T2_MEDIUM_V1,service_availability,CHECK_SERVICE_AVAILABILITY,Are there direct public transport options from Vadapalani to Thiruvanmiyur? [avail F7],en,Latn,CS0,N0,"{""origin"": ""Vadapalani"", ""destination"": ""Thiruvanmiyur"", ""transport_mode"": ""any""}","{""origin_id"": ""METRO_VADAPALANI"", ""destination_id"": ""BUS_3247310920""}",ANSWERABLE_WITH_PROVISIONAL_DATA,template_instantiation,TMPL_MODE_AVAILABILITY_EN_6
PILOT_T2_TR_000506,,SFAM_ROUTE_STOP_SEQUENCE_004,FAM_ROUTE_STOP_SEQUENCE_004,PARA_ROUTE_STOP_SEQUENCE_3_0,T2_MEDIUM_V1,route_stops,LIST_ROUTE_STOPS,Please tell: List every intermediate stop along route 570 in order. [seq F4] #2,en,Latn,CS0,N0,"{""route_number"": ""570"", ""transport_mode"": ""bus""}","{""route_id"": ""GTFS_ROUTE_17967""}",ANSWERABLE_WITH_PROVISIONAL_DATA,template_instantiation,TMPL_ROUTE_STOP_SEQUENCE_EN_3
PILOT_T2_TR_000507,,SFAM_STATION_ACCESSIBILITY_008,FAM_STATION_ACCESSIBILITY_008,PARA_STATION_ACCESSIBILITY_7_3,T2_MEDIUM_V1,accessibility,GET_ACCESSIBILITY_INFO,Quick check: Verification of accessible escalator stairs support at High Court metro (F8) #4,hi-en,Latn,CS3,N0,"{""station"": ""High Court"", ""accessibility_feature"": ""escalator"", ""transport_mode"": ""metro""}","{""station_id"": ""METRO_HIGHCOURT""}",ANSWERABLE_NOW,template_instantiation,TMPL_STATION_ACCESSIBILITY_HINGLISH_LATN_7
PILOT_T2_TR_000508,,SFAM_TICKETING_AND_PASSES_016,FAM_TICKETING_AND_PASSES_016,PARA_TICKETING_AND_PASSES_15_0,T2_MEDIUM_V1,ticketing_rules,GET_TICKETING_POLICY,"Excuse me, What are the rules and procedure to purchase a Tourist One-Day Pass for commuters? [pass F16] #6",en,Latn,CS0,N0,"{""ticket_type"": ""tourist_card"", ""transport_mode"": ""transit""}",{},ANSWERABLE_NOW,template_instantiation,TMPL_TICKETING_AND_PASSES_EN_15
PILOT_T2_TR_000509,,SFAM_POINT_TO_POINT_ROUTE_017,FAM_POINT_TO_POINT_ROUTE_017,PARA_POINT_TO_POINT_ROUTE_16_3,T2_MEDIUM_V1,route_query,PLAN_ROUTE,Please tell: St. Thomas Mount to Alandur metro ride ka best direct route bataiye (F17) #2,hi-en,Latn,CS3,N0,"{""origin"": ""St. Thomas Mount"", ""destination"": ""Alandur"", ""transport_mode"": ""metro""}","{""origin_id"": ""METRO_ST__THOMAS_MOUNT"", ""destination_id"": ""METRO_ARIGNAR_ANNA_ALANDUR""}",ANSWERABLE_WITH_PROVISIONAL_DATA,template_instantiation,TMPL_POINT_TO_POINT_ROUTE_HINGLISH_LATN_16
PILOT_T2_TR_000510,,SFAM_ROUTE_STOP_MEMBERSHIP_002,FAM_ROUTE_STOP_MEMBERSHIP_002,PARA_ROUTE_STOP_MEMBERSHIP_1_2,T2_MEDIUM_V1,route_stops,CHECK_STOP_ON_ROUTE,Please tell: kya bus 102 ka broadway par stoppage hai confirm kare? [check F2] #2,hi,Latn,CS0,N0,"{""route_number"": ""102"", ""stop"": ""broadway"", ""transport_mode"": ""bus""}","{""route_id"": ""GTFS_ROUTE_16861"", ""stop_id"": ""BUS_27618346""}",ANSWERABLE_WITH_PROVISIONAL_DATA,template_instantiation,TMPL_ROUTE_STOP_MEMBERSHIP_HI_LATN_1
PILOT_T2_TR_000511,,SFAM_TICKETING_AND_PASSES_008,FAM_TICKETING_AND_PASSES_008,PARA_TICKETING_AND_PASSES_7_1,T2_MEDIUM_V1,ticketing_rules,GET_TICKETING_POLICY,"Excuse me, यात्रियों के लिए स्मार्ट कार्ड प्राप्त करने के नियम और प्रक्रिया क्या हैं? (पास F8) #6",hi,Deva,CS0,N0,"{""ticket_type"": ""smart_card"", ""transport_mode"": ""पारगमन""}",{},ANSWERABLE_NOW,template_instantiation,TMPL_TICKETING_AND_PASSES_HI_DEVA_7
PILOT_T2_TR_000512,,SFAM_STATION_ACCESSIBILITY_003,FAM_STATION_ACCESSIBILITY_003,PARA_STATION_ACCESSIBILITY_2_2,T2_MEDIUM_V1,accessibility,GET_ACCESSIBILITY_INFO,Quick check: kya guindy metro station me wheelchair disabled ke liye tactile paths for blind hai? [barrier-free F3] #4,hi,Latn,CS0,N0,"{""station"": ""guindy"", ""accessibility_feature"": ""tactile_path"", ""transport_mode"": ""metro""}","{""station_id"": ""METRO_GUINDY""}",ANSWERABLE_NOW,template_instantiation,TMPL_STATION_ACCESSIBILITY_HI_LATN_2
PILOT_T2_TR_000513,,SFAM_INTERCHANGE_TRANSFER_020,FAM_INTERCHANGE_TRANSFER_020,PARA_INTERCHANGE_TRANSFER_19_4,T2_MEDIUM_V1,interchange_query,GET_INTERCHANGE_DETAILS,Pachaiyappa College interchange par line switch connection point details check F20,hi-en,Deva+Latn,CS4,N2,"{""station"": ""Pachaiyappa College"", ""facility_type"": ""interchange""}","{""station_id"": ""METRO_PACHAIYAPPA_S_COLLEGE""}",ANSWERABLE_AFTER_MANUAL_VERIFICATION,template_instantiation,TMPL_INTERCHANGE_TRANSFER_MIXED_SCRIPT_CS_19
PILOT_T2_TR_000514,,SFAM_INTERCHANGE_TRANSFER_016,FAM_INTERCHANGE_TRANSFER_016,PARA_INTERCHANGE_TRANSFER_15_3,T2_MEDIUM_V1,interchange_query,GET_INTERCHANGE_DETAILS,Please tell: Transfer walking time and directions at Saidapet multimodal terminal (F16) #2,hi-en,Latn,CS3,N0,"{""station"": ""Saidapet"", ""facility_type"": ""interchange""}","{""station_id"": ""METRO_SAIDAPET""}",ANSWERABLE_AFTER_MANUAL_VERIFICATION,template_instantiation,TMPL_INTERCHANGE_TRANSFER_HINGLISH_LATN_15
PILOT_T2_TR_000515,,SFAM_POINT_TO_POINT_ROUTE_007,FAM_POINT_TO_POINT_ROUTE_007,PARA_POINT_TO_POINT_ROUTE_6_2,T2_MEDIUM_V1,route_query,PLAN_ROUTE,Please tell: vadapalani se washermenpet metro se travel kaise kare? [tarika F7] #2,hi,Latn,CS0,N0,"{""origin"": ""vadapalani"", ""destination"": ""washermenpet"", ""transport_mode"": ""metro""}","{""origin_id"": ""METRO_VADAPALANI"", ""destination_id"": ""METRO_WASHERMENPET""}",ANSWERABLE_WITH_PROVISIONAL_DATA,template_instantiation,TMPL_POINT_TO_POINT_ROUTE_HI_LATN_6
PILOT_T2_TR_000516,,SFAM_STATION_FACILITIES_018,FAM_STATION_FACILITIES_018,PARA_STATION_FACILITIES_17_0,T2_MEDIUM_V1,station_facilities,GET_STATION_FACILITY,Quick check: Is two-wheeler bike parking facility available at Nehru Park metro station? [fac F18] #4,en,Latn,CS0,N0,"{""station"": ""Nehru Park"", ""facility_type"": ""two_wheeler_parking"", ""transport_mode"": ""metro""}","{""station_id"": ""METRO_NEHRU_PARK""}",ANSWERABLE_NOW,template_instantiation,TMPL_STATION_FACILITIES_EN_17
PILOT_T2_TR_000517,,SFAM_NEAREST_TRANSPORT_007,FAM_NEAREST_TRANSPORT_007,PARA_NEAREST_TRANSPORT_6_1,T2_MEDIUM_V1,nearest_transport,FIND_NEAREST_STATION,"Excuse me, मातृ शिशु अस्पताल के सबसे निकटतम मेट्रो स्टेशन या बस स्टॉप कौन सा है? (निकट F7) #6",hi,Deva,CS0,N0,"{""landmark"": ""मातृ शिशु अस्पताल"", ""transport_mode"": ""मेट्रो या बस""}","{""place_id"": ""OSM_POI_7257518731""}",ANSWERABLE_NOW,template_instantiation,TMPL_NEAREST_TRANSPORT_HI_DEVA_6
PILOT_T2_TR_000518,,SFAM_POINT_TO_POINT_ROUTE_006,FAM_POINT_TO_POINT_ROUTE_006,PARA_POINT_TO_POINT_ROUTE_5_0,T2_MEDIUM_V1,route_query,PLAN_ROUTE,Please tell: How do I commute from Koyambedu to Wimco Nagar Depot by metro? [pattern F6] #2,en,Latn,CS0,N0,"{""origin"": ""Koyambedu"", ""destination"": ""Wimco Nagar Depot"", ""transport_mode"": ""metro""}","{""origin_id"": ""METRO_KOYAMBEDU"", ""destination_id"": ""METRO_WIMCO_NAGAR""}",ANSWERABLE_WITH_PROVISIONAL_DATA,template_instantiation,TMPL_POINT_TO_POINT_ROUTE_EN_5
PILOT_T2_TR_000519,,SFAM_NEAREST_TRANSPORT_001,FAM_NEAREST_TRANSPORT_001,PARA_NEAREST_TRANSPORT_0_3,T2_MEDIUM_V1,nearest_transport,FIND_NEAREST_STATION,Quick check: Find closest public transport access point near Marina Beach (F1) #4,hi-en,Latn,CS3,N2,"{""landmark"": ""Marina Beach"", ""transport_mode"": ""public transport""}","{""place_id"": ""OSM_POI_12137617372""}",ANSWERABLE_NOW,template_instantiation,TMPL_NEAREST_TRANSPORT_HINGLISH_LATN_0
PILOT_T2_TR_000520,,SFAM_STATION_ACCESSIBILITY_014,FAM_STATION_ACCESSIBILITY_014,PARA_STATION_ACCESSIBILITY_13_1,T2_MEDIUM_V1,accessibility,GET_ACCESSIBILITY_INFO,Please tell: क्या वॉशरमैनपेट स्टेशन पर दिव्यांग यात्रियों के लिए यात्री लिफ्ट उपलब्ध है? (सुलभता F14) #2,hi,Deva,CS0,N0,"{""station"": ""वॉशरमैनपेट"", ""accessibility_feature"": ""lift"", ""transport_mode"": ""मेट्रो""}","{""station_id"": ""METRO_WASHERMENPET""}",ANSWERABLE_NOW,template_instantiation,TMPL_STATION_ACCESSIBILITY_HI_DEVA_13
PILOT_T2_TR_000521,,SFAM_INTERCHANGE_TRANSFER_011,FAM_INTERCHANGE_TRANSFER_011,PARA_INTERCHANGE_TRANSFER_10_2,T2_MEDIUM_V1,interchange_query,GET_INTERCHANGE_DETAILS,Quick check: egmore hub par metro line change karke nehru park kaise jaye? [platform F11] #4,hi,Latn,CS0,N0,"{""station"": ""egmore"", ""destination"": ""nehru park"", ""facility_type"": ""interchange""}","{""station_id"": ""METRO_EGMORE"", ""destination_id"": ""METRO_NEHRU_PARK""}",ANSWERABLE_AFTER_MANUAL_VERIFICATION,template_instantiation,TMPL_INTERCHANGE_TRANSFER_HI_LATN_10
PILOT_T2_TR_000522,,SFAM_FARE_CALCULATION_008,FAM_FARE_CALCULATION_008,PARA_FARE_CALCULATION_7_2,T2_MEDIUM_V1,fare_query,CALCULATE_FARE,Please tell: high court se little mount metro ride ka standard ticket cost kitna hoga? [kiraya F8] #2,hi,Latn,CS0,N1,"{""origin"": ""high court"", ""destination"": ""little mount"", ""transport_mode"": ""metro""}","{""origin_id"": ""METRO_HIGHCOURT"", ""destination_id"": ""METRO_LITTLE_MOUNT""}",ANSWERABLE_NOW,template_instantiation,TMPL_FARE_CALCULATION_HI_LATN_7
PILOT_T2_TR_000523,,SFAM_ROUTE_STOP_MEMBERSHIP_003,FAM_ROUTE_STOP_MEMBERSHIP_003,PARA_ROUTE_STOP_MEMBERSHIP_2_0,T2_MEDIUM_V1,route_stops,CHECK_STOP_ON_ROUTE,Please tell: Does bus route 102A make a scheduled halt at Adyar? [chk F3] #2,en,Latn,CS0,N0,"{""route_number"": ""102A"", ""stop"": ""Adyar"", ""transport_mode"": ""bus""}","{""route_id"": ""GTFS_ROUTE_10248"", ""stop_id"": ""BUS_2587520213""}",ANSWERABLE_WITH_PROVISIONAL_DATA,template_instantiation,TMPL_ROUTE_STOP_MEMBERSHIP_EN_2
PILOT_T2_TR_000524,,SFAM_OUT_OF_SCOPE_003,FAM_OUT_OF_SCOPE_003,PARA_OUT_OF_SCOPE_2_1,T2_MEDIUM_V1,out_of_scope,REJECT_OUT_OF_SCOPE,Transit query: गिंडी के निकटतम सबसे अच्छे रेस्टोरेंट और भोजनालय की सूची दें। (बाहर F3) #5,hi,Deva,CS0,N0,"{""station"": ""गिंडी""}","{""station_id"": ""METRO_GUINDY""}",OUT_OF_SCOPE,template_instantiation,TMPL_OUT_OF_SCOPE_HI_DEVA_2
PILOT_T2_TR_000525,,SFAM_ROUTE_STOP_MEMBERSHIP_016,FAM_ROUTE_STOP_MEMBERSHIP_016,PARA_ROUTE_STOP_MEMBERSHIP_15_0,T2_MEDIUM_V1,route_stops,CHECK_STOP_ON_ROUTE,Please tell: Does bus route 21G make a scheduled halt at Pudupattinam? [chk F16] #2,en,Latn,CS0,N0,"{""route_number"": ""21G"", ""stop"": ""Pudupattinam"", ""transport_mode"": ""bus""}","{""route_id"": ""GTFS_ROUTE_8458"", ""stop_id"": ""BUS_3616510666""}",ANSWERABLE_WITH_PROVISIONAL_DATA,template_instantiation,TMPL_ROUTE_STOP_MEMBERSHIP_EN_15
PILOT_T2_TR_000526,,SFAM_STATION_FACILITIES_005,FAM_STATION_FACILITIES_005,PARA_STATION_FACILITIES_4_0,T2_MEDIUM_V1,station_facilities,GET_STATION_FACILITY,Transit query: Is car parking facility available at CMBT metro station? [fac F5] #5,en,Latn,CS0,N0,"{""station"": ""CMBT"", ""facility_type"": ""parking"", ""transport_mode"": ""metro""}","{""station_id"": ""METRO_PURATCHI_THALAIVI_DR_J_JAYALALITHAA_CMBT""}",ANSWERABLE_NOW,template_instantiation,TMPL_STATION_FACILITIES_EN_4
PILOT_T2_TR_000527,,SFAM_INTERCHANGE_TRANSFER_014,FAM_INTERCHANGE_TRANSFER_014,PARA_INTERCHANGE_TRANSFER_13_1,T2_MEDIUM_V1,interchange_query,GET_INTERCHANGE_DETAILS,Quick check: वॉशरमैनपेट इंटरचेंज पर दूसरी लाइन में ट्रांसफर करने का मार्ग क्या है? (बदलाव F14) #4,hi,Deva,CS0,N0,"{""station"": ""वॉशरमैनपेट"", ""facility_type"": ""इंटरचेंज""}","{""station_id"": ""METRO_WASHERMENPET""}",ANSWERABLE_AFTER_MANUAL_VERIFICATION,template_instantiation,TMPL_INTERCHANGE_TRANSFER_HI_DEVA_13
PILOT_T2_TR_000528,,SFAM_INTERCHANGE_TRANSFER_016,FAM_INTERCHANGE_TRANSFER_016,PARA_INTERCHANGE_TRANSFER_15_1,T2_MEDIUM_V1,interchange_query,GET_INTERCHANGE_DETAILS,"Excuse me, साइदापेट इंटरचेंज पर दूसरी लाइन में ट्रांसफर करने का मार्ग क्या है? (बदलाव F16) #6",hi,Deva,CS0,N0,"{""station"": ""साइदापेट"", ""facility_type"": ""इंटरचेंज""}","{""station_id"": ""METRO_SAIDAPET""}",ANSWERABLE_AFTER_MANUAL_VERIFICATION,template_instantiation,TMPL_INTERCHANGE_TRANSFER_HI_DEVA_15
PILOT_T2_TR_000529,,SFAM_TICKETING_AND_PASSES_008,FAM_TICKETING_AND_PASSES_008,PARA_TICKETING_AND_PASSES_7_0,T2_MEDIUM_V1,ticketing_rules,GET_TICKETING_POLICY,"Excuse me, What are the rules and procedure to purchase a Smart Card for commuters? [pass F8] #6",en,Latn,CS0,N0,"{""ticket_type"": ""smart_card"", ""transport_mode"": ""transit""}",{},ANSWERABLE_NOW,template_instantiation,TMPL_TICKETING_AND_PASSES_EN_7
PILOT_T2_TR_000530,,SFAM_ROUTE_STOP_SEQUENCE_016,FAM_ROUTE_STOP_SEQUENCE_016,PARA_ROUTE_STOP_SEQUENCE_15_2,T2_MEDIUM_V1,route_stops,LIST_ROUTE_STOPS,Please tell: Route 21G bus ke sare consecutive stops ki list check kare. [line F16] #2,hi,Latn,CS0,N0,"{""route_number"": ""21G"", ""transport_mode"": ""bus""}","{""route_id"": ""GTFS_ROUTE_8458""}",ANSWERABLE_WITH_PROVISIONAL_DATA,template_instantiation,TMPL_ROUTE_STOP_SEQUENCE_HI_LATN_15
PILOT_T2_TR_000531,,SFAM_SCHEDULED_DEPARTURE_017,FAM_SCHEDULED_DEPARTURE_017,PARA_SCHEDULED_DEPARTURE_16_0,T2_MEDIUM_V1,service_timing,GET_SCHEDULED_DEPARTURES,Please tell: Show metro departure timetable at bare 8 o'clock from St. Thomas Mount [sched F17] #2,en,Latn,CS0,N0,"{""origin"": ""St. Thomas Mount"", ""time"": ""8 o'clock"", ""temporal_ambiguity"": true, ""dual_candidates"": [""08:00:00"", ""20:00:00""]}","{""origin_id"": ""METRO_ST__THOMAS_MOUNT""}",ANSWERABLE_NOW,template_instantiation,TMPL_SCHEDULED_DEPARTURE_EN_16
PILOT_T2_TR_000532,,SFAM_REALTIME_STATUS_QUERY_002,FAM_REALTIME_STATUS_QUERY_002,PARA_REALTIME_STATUS_QUERY_1_4,T2_MEDIUM_V1,realtime_status_query,REJECT_UNSUPPORTED_REALTIME,Chennai Central se metro live delay status aur real time position tracking F2,hi-en,Deva+Latn,CS4,N0,"{""origin"": ""Chennai Central"", ""transport_mode"": ""metro""}","{""origin_id"": ""METRO_PURATCHI_THALAIVAR_DR__M_G_RAMACHANDRAN_CENTRAL""}",REQUIRES_REALTIME_DATA,template_instantiation,TMPL_REALTIME_STATUS_QUERY_MIXED_SCRIPT_CS_1
PILOT_T2_TR_000533,,SFAM_STATION_ACCESSIBILITY_005,FAM_STATION_ACCESSIBILITY_005,PARA_STATION_ACCESSIBILITY_4_3,T2_MEDIUM_V1,accessibility,GET_ACCESSIBILITY_INFO,"Excuse me, Verification of accessible wheelchair ramp support at CMBT metro (F5) #6",hi-en,Latn,CS3,N0,"{""station"": ""CMBT"", ""accessibility_feature"": ""wheelchair"", ""transport_mode"": ""metro""}","{""station_id"": ""METRO_PURATCHI_THALAIVI_DR_J_JAYALALITHAA_CMBT""}",ANSWERABLE_NOW,template_instantiation,TMPL_STATION_ACCESSIBILITY_HINGLISH_LATN_4
PILOT_T2_TR_000534,,SFAM_NEAREST_TRANSPORT_014,FAM_NEAREST_TRANSPORT_014,PARA_NEAREST_TRANSPORT_13_2,T2_MEDIUM_V1,nearest_transport,FIND_NEAREST_STATION,maritime institute se closest walking distance metro transit point kaunsa hai? [paas F14],hi,Latn,CS0,N0,"{""landmark"": ""maritime institute"", ""transport_mode"": ""metro""}","{""place_id"": ""OSM_POI_314081186""}",ANSWERABLE_NOW,template_instantiation,TMPL_NEAREST_TRANSPORT_HI_LATN_13
PILOT_T2_TR_000535,,SFAM_FARE_CALCULATION_011,FAM_FARE_CALCULATION_011,PARA_FARE_CALCULATION_10_3,T2_MEDIUM_V1,fare_query,CALCULATE_FARE,"Excuse me, Calculate fare for travel between Egmore and Nehru Park stations (F11) #6",hi-en,Latn,CS3,N2,"{""origin"": ""Egmore"", ""destination"": ""Nehru Park"", ""transport_mode"": ""metro""}","{""origin_id"": ""METRO_EGMORE"", ""destination_id"": ""METRO_NEHRU_PARK""}",ANSWERABLE_NOW,template_instantiation,TMPL_FARE_CALCULATION_HINGLISH_LATN_10
PILOT_T2_TR_000536,,SFAM_OUT_OF_SCOPE_001,FAM_OUT_OF_SCOPE_001,PARA_OUT_OF_SCOPE_0_3,T2_MEDIUM_V1,out_of_scope,REJECT_OUT_OF_SCOPE,Please tell: What is the general weather rain forecast in Chennai near Marina Beach today (F1)? #2,hi-en,Latn,CS3,N0,"{""landmark"": ""Marina Beach""}","{""place_id"": ""OSM_POI_12137617372""}",OUT_OF_SCOPE,template_instantiation,TMPL_OUT_OF_SCOPE_HINGLISH_LATN_0
PILOT_T2_TR_000537,,SFAM_FIRST_AND_LAST_SERVICE_001,FAM_FIRST_AND_LAST_SERVICE_001,PARA_FIRST_AND_LAST_SERVICE_0_3,T2_MEDIUM_V1,service_timing,GET_FIRST_LAST_SERVICE,Please tell: First train and last train operational hours between Airport and High Court (F1) #2,hi-en,Latn,CS3,N0,"{""origin"": ""Airport"", ""destination"": ""High Court"", ""timing_type"": ""first_last"", ""transport_mode"": ""train""}","{""origin_id"": ""METRO_CHENNAI_INTERNATIONAL_AIRPORT"", ""destination_id"": ""METRO_HIGHCOURT""}",ANSWERABLE_NOW,template_instantiation,TMPL_FIRST_AND_LAST_SERVICE_HINGLISH_LATN_0
PILOT_T2_TR_000538,,SFAM_FARE_CALCULATION_003,FAM_FARE_CALCULATION_003,PARA_FARE_CALCULATION_2_0,T2_MEDIUM_V1,fare_query,CALCULATE_FARE,Quick check: What is the single-journey ticket fare from Guindy to Anna Nagar Tower on metro? [fare F3] #4,en,Latn,CS0,N0,"{""origin"": ""Guindy"", ""destination"": ""Anna Nagar Tower"", ""fare_type"": ""token"", ""transport_mode"": ""metro""}","{""origin_id"": ""METRO_GUINDY"", ""destination_id"": ""METRO_ANNA_NAGAR_TOWER""}",ANSWERABLE_NOW,template_instantiation,TMPL_FARE_CALCULATION_EN_2
PILOT_T2_TR_000539,,SFAM_OUT_OF_SCOPE_005,FAM_OUT_OF_SCOPE_005,PARA_OUT_OF_SCOPE_4_3,T2_MEDIUM_V1,out_of_scope,REJECT_OUT_OF_SCOPE,What is the general weather rain forecast in Chennai near Maruthi Hospital today (F5)?,hi-en,Latn,CS3,N0,"{""landmark"": ""Maruthi Hospital""}","{""place_id"": ""OSM_POI_7820652140""}",OUT_OF_SCOPE,template_instantiation,TMPL_OUT_OF_SCOPE_HINGLISH_LATN_4
PILOT_T2_TR_000540,,SFAM_STATION_ACCESSIBILITY_016,FAM_STATION_ACCESSIBILITY_016,PARA_STATION_ACCESSIBILITY_15_4,T2_MEDIUM_V1,accessibility,GET_ACCESSIBILITY_INFO,Please tell: Saidapet station par handicapped passengers ke liye escalator stairs support status F16 #2,hi-en,Deva+Latn,CS4,N0,"{""station"": ""Saidapet"", ""accessibility_feature"": ""escalator"", ""transport_mode"": ""metro""}","{""station_id"": ""METRO_SAIDAPET""}",ANSWERABLE_NOW,template_instantiation,TMPL_STATION_ACCESSIBILITY_MIXED_SCRIPT_CS_15
PILOT_T2_TR_000541,,SFAM_SCHEDULED_DEPARTURE_020,FAM_SCHEDULED_DEPARTURE_020,PARA_SCHEDULED_DEPARTURE_19_0,T2_MEDIUM_V1,service_timing,GET_SCHEDULED_DEPARTURES,Please tell: Show metro departure timetable at bare 8 o'clock from Pachaiyappa College [sched F20] #2,en,Latn,CS0,N0,"{""origin"": ""Pachaiyappa College"", ""time"": ""8 o'clock"", ""temporal_ambiguity"": true, ""dual_candidates"": [""08:00:00"", ""20:00:00""]}","{""origin_id"": ""METRO_PACHAIYAPPA_S_COLLEGE""}",ANSWERABLE_NOW,template_instantiation,TMPL_SCHEDULED_DEPARTURE_EN_19
PILOT_T2_TR_000542,,SFAM_ROUTE_STOP_MEMBERSHIP_013,FAM_ROUTE_STOP_MEMBERSHIP_013,PARA_ROUTE_STOP_MEMBERSHIP_12_3,T2_MEDIUM_V1,route_stops,CHECK_STOP_ON_ROUTE,Could you specify Verify if Nelvoy bus stop is covered by route 15 CT8 (F13)? #3,hi-en,Latn,CS3,N2,"{""route_number"": ""15 CT8"", ""stop"": ""Nelvoy"", ""transport_mode"": ""bus""}","{""route_id"": ""GTFS_ROUTE_20494"", ""stop_id"": ""BUS_469106564""}",ANSWERABLE_WITH_PROVISIONAL_DATA,template_instantiation,TMPL_ROUTE_STOP_MEMBERSHIP_HINGLISH_LATN_12
PILOT_T2_TR_000543,,SFAM_TICKETING_AND_PASSES_008,FAM_TICKETING_AND_PASSES_008,PARA_TICKETING_AND_PASSES_7_4,T2_MEDIUM_V1,ticketing_rules,GET_TICKETING_POLICY,Could you specify Commuter Smart Card ke application aur terms ki complete details F8? #3,hi-en,Deva+Latn,CS4,N0,"{""ticket_type"": ""smart_card"", ""transport_mode"": ""transit""}",{},ANSWERABLE_NOW,template_instantiation,TMPL_TICKETING_AND_PASSES_MIXED_SCRIPT_CS_7
PILOT_T2_TR_000544,,SFAM_STATION_ACCESSIBILITY_017,FAM_STATION_ACCESSIBILITY_017,PARA_STATION_ACCESSIBILITY_16_3,T2_MEDIUM_V1,accessibility,GET_ACCESSIBILITY_INFO,Could you specify Verification of accessible wheelchair ramp support at St. Thomas Mount metro (F17)? #3,hi-en,Latn,CS3,N0,"{""station"": ""St. Thomas Mount"", ""accessibility_feature"": ""wheelchair"", ""transport_mode"": ""metro""}","{""station_id"": ""METRO_ST__THOMAS_MOUNT""}",ANSWERABLE_NOW,template_instantiation,TMPL_STATION_ACCESSIBILITY_HINGLISH_LATN_16
PILOT_T2_TR_000545,,SFAM_OUT_OF_SCOPE_010,FAM_OUT_OF_SCOPE_010,PARA_OUT_OF_SCOPE_9_1,T2_MEDIUM_V1,out_of_scope,REJECT_OUT_OF_SCOPE,"Excuse me, अन्ना नगर टावर के निकटतम सबसे अच्छे रेस्टोरेंट और भोजनालय की सूची दें। (बाहर F10) #6",hi,Deva,CS0,N0,"{""station"": ""अन्ना नगर टावर""}","{""station_id"": ""METRO_ANNA_NAGAR_TOWER""}",OUT_OF_SCOPE,template_instantiation,TMPL_OUT_OF_SCOPE_HI_DEVA_9
PILOT_T2_TR_000546,,SFAM_STATION_ACCESSIBILITY_011,FAM_STATION_ACCESSIBILITY_011,PARA_STATION_ACCESSIBILITY_10_2,T2_MEDIUM_V1,accessibility,GET_ACCESSIBILITY_INFO,Please tell: kya egmore metro station me wheelchair disabled ke liye tactile paths for blind hai? [barrier-free F11] #2,hi,Latn,CS0,N1,"{""station"": ""egmore"", ""accessibility_feature"": ""tactile_path"", ""transport_mode"": ""metro""}","{""station_id"": ""METRO_EGMORE""}",ANSWERABLE_NOW,template_instantiation,TMPL_STATION_ACCESSIBILITY_HI_LATN_10
PILOT_T2_TR_000547,,SFAM_REALTIME_STATUS_QUERY_020,FAM_REALTIME_STATUS_QUERY_020,PARA_REALTIME_STATUS_QUERY_19_1,T2_MEDIUM_V1,realtime_status_query,REJECT_UNSUPPORTED_REALTIME,Could you specify क्या पचैयप्पा कॉलेज से आने वाली ट्रेन अभी लेट चल रही है लाइव स्थिति बताएं? (ताज़ा F20)? #3,hi,Deva,CS0,N0,"{""origin"": ""पचैयप्पा कॉलेज"", ""transport_mode"": ""ट्रेन""}","{""origin_id"": ""METRO_PACHAIYAPPA_S_COLLEGE""}",REQUIRES_REALTIME_DATA,template_instantiation,TMPL_REALTIME_STATUS_QUERY_HI_DEVA_19
PILOT_T2_TR_000548,,SFAM_MODE_AVAILABILITY_004,FAM_MODE_AVAILABILITY_004,PARA_MODE_AVAILABILITY_3_1,T2_MEDIUM_V1,service_availability,CHECK_SERVICE_AVAILABILITY,Quick check: क्या आलंदूर से वेलाचेरी के लिए कोई सार्वजनिक बस या ट्रेन उपलब्ध है? (उपलब्धता F4) #4,hi,Deva,CS0,N2,"{""origin"": ""आलंदूर"", ""destination"": ""वेलाचेरी"", ""transport_mode"": ""सार्वजनिक बस या ट्रेन""}","{""origin_id"": ""METRO_ARIGNAR_ANNA_ALANDUR"", ""destination_id"": ""BUS_1764308008""}",ANSWERABLE_WITH_PROVISIONAL_DATA,template_instantiation,TMPL_MODE_AVAILABILITY_HI_DEVA_3
PILOT_T2_TR_000549,,SFAM_FIRST_AND_LAST_SERVICE_004,FAM_FIRST_AND_LAST_SERVICE_004,PARA_FIRST_AND_LAST_SERVICE_3_1,T2_MEDIUM_V1,service_timing,GET_FIRST_LAST_SERVICE,Please tell: आलंदूर से एग्मोर के लिए पहली और आखिरी ट्रेन का समय क्या है? (समय F4) #2,hi,Deva,CS0,N0,"{""origin"": ""आलंदूर"", ""destination"": ""एग्मोर"", ""timing_type"": ""first_last"", ""transport_mode"": ""ट्रेन""}","{""origin_id"": ""METRO_ARIGNAR_ANNA_ALANDUR"", ""destination_id"": ""METRO_EGMORE""}",ANSWERABLE_NOW,template_instantiation,TMPL_FIRST_AND_LAST_SERVICE_HI_DEVA_3
PILOT_T2_TR_000550,,SFAM_STATION_ACCESSIBILITY_009,FAM_STATION_ACCESSIBILITY_009,PARA_STATION_ACCESSIBILITY_8_1,T2_MEDIUM_V1,accessibility,GET_ACCESSIBILITY_INFO,Transit query: क्या तिरुमंगलम स्टेशन पर दिव्यांग यात्रियों के लिए व्हीलचेयर रैंप उपलब्ध है? (सुलभता F9) #5,hi,Deva,CS0,N2,"{""station"": ""तिरुमंगलम"", ""accessibility_feature"": ""wheelchair"", ""transport_mode"": ""मेट्रो""}","{""station_id"": ""METRO_THIRUMANGALAM""}",ANSWERABLE_NOW,template_instantiation,TMPL_STATION_ACCESSIBILITY_HI_DEVA_8
PILOT_T2_TR_000551,,SFAM_STATION_ACCESSIBILITY_003,FAM_STATION_ACCESSIBILITY_003,PARA_STATION_ACCESSIBILITY_2_3,T2_MEDIUM_V1,accessibility,GET_ACCESSIBILITY_INFO,Please tell: Verification of accessible tactile floor paths support at Guindy metro (F3) #2,hi-en,Latn,CS3,N0,"{""station"": ""Guindy"", ""accessibility_feature"": ""tactile_path"", ""transport_mode"": ""metro""}","{""station_id"": ""METRO_GUINDY""}",ANSWERABLE_NOW,template_instantiation,TMPL_STATION_ACCESSIBILITY_HINGLISH_LATN_2
PILOT_T2_TR_000552,,SFAM_POINT_TO_POINT_ROUTE_001,FAM_POINT_TO_POINT_ROUTE_001,PARA_POINT_TO_POINT_ROUTE_0_0,T2_MEDIUM_V1,route_query,PLAN_ROUTE,How do I commute from Airport to High Court by metro? [pattern F1],en,Latn,CS0,N0,"{""origin"": ""Airport"", ""destination"": ""High Court"", ""transport_mode"": ""metro""}","{""origin_id"": ""METRO_CHENNAI_INTERNATIONAL_AIRPORT"", ""destination_id"": ""METRO_HIGHCOURT""}",ANSWERABLE_WITH_PROVISIONAL_DATA,template_instantiation,TMPL_POINT_TO_POINT_ROUTE_EN_0
PILOT_T2_TR_000553,,SFAM_SCHEDULED_DEPARTURE_020,FAM_SCHEDULED_DEPARTURE_020,PARA_SCHEDULED_DEPARTURE_19_3,T2_MEDIUM_V1,service_timing,GET_SCHEDULED_DEPARTURES,Pachaiyappa College station se kal 8 baje train schedule kya hoga (F20),hi-en,Latn,CS3,N0,"{""origin"": ""Pachaiyappa College"", ""temporal_relative"": ""kal"", ""resolved_temporal_offset"": ""UNRESOLVED_TEMPORAL_AMBIGUITY"", ""time"": ""8 baje"", ""temporal_ambiguity"": true, ""dual_candidates"": [""08:00:00"", ""20:00:00""]}","{""origin_id"": ""METRO_PACHAIYAPPA_S_COLLEGE""}",ANSWERABLE_NOW,template_instantiation,TMPL_SCHEDULED_DEPARTURE_HINGLISH_LATN_19
PILOT_T2_TR_000554,,SFAM_OUT_OF_SCOPE_018,FAM_OUT_OF_SCOPE_018,PARA_OUT_OF_SCOPE_17_0,T2_MEDIUM_V1,out_of_scope,REJECT_OUT_OF_SCOPE,"Excuse me, Book a private cab taxi ride from Nehru Park to CMBT. [cab F18] #6",en,Latn,CS0,N0,"{""origin"": ""Nehru Park"", ""destination"": ""CMBT""}","{""origin_id"": ""METRO_NEHRU_PARK"", ""destination_id"": ""METRO_PURATCHI_THALAIVI_DR_J_JAYALALITHAA_CMBT""}",OUT_OF_SCOPE,template_instantiation,TMPL_OUT_OF_SCOPE_EN_17
PILOT_T2_TR_000555,,SFAM_STATION_ACCESSIBILITY_020,FAM_STATION_ACCESSIBILITY_020,PARA_STATION_ACCESSIBILITY_19_1,T2_MEDIUM_V1,accessibility,GET_ACCESSIBILITY_INFO,"Excuse me, क्या पचैयप्पा कॉलेज स्टेशन पर दिव्यांग यात्रियों के लिए एस्केलेटर उपलब्ध है? (सुलभता F20) #6",hi,Deva,CS0,N0,"{""station"": ""पचैयप्पा कॉलेज"", ""accessibility_feature"": ""escalator"", ""transport_mode"": ""मेट्रो""}","{""station_id"": ""METRO_PACHAIYAPPA_S_COLLEGE""}",ANSWERABLE_NOW,template_instantiation,TMPL_STATION_ACCESSIBILITY_HI_DEVA_19
PILOT_T2_TR_000556,,SFAM_FARE_CALCULATION_002,FAM_FARE_CALCULATION_002,PARA_FARE_CALCULATION_1_0,T2_MEDIUM_V1,fare_query,CALCULATE_FARE,Transit query: What is the single-journey ticket fare from Chennai Central to Thirumangalam on metro? [fare F2] #5,en,Latn,CS0,N0,"{""origin"": ""Chennai Central"", ""destination"": ""Thirumangalam"", ""fare_type"": ""token"", ""transport_mode"": ""metro""}","{""origin_id"": ""METRO_PURATCHI_THALAIVAR_DR__M_G_RAMACHANDRAN_CENTRAL"", ""destination_id"": ""METRO_THIRUMANGALAM""}",ANSWERABLE_NOW,template_instantiation,TMPL_FARE_CALCULATION_EN_1
PILOT_T2_TR_000557,,SFAM_TICKETING_AND_PASSES_003,FAM_TICKETING_AND_PASSES_003,PARA_TICKETING_AND_PASSES_2_0,T2_MEDIUM_V1,ticketing_rules,GET_TICKETING_POLICY,Please tell: What are the rules and procedure to purchase a WhatsApp QR Ticket for commuters? [pass F3] #2,en,Latn,CS0,N0,"{""ticket_type"": ""qr_ticket"", ""transport_mode"": ""transit""}",{},ANSWERABLE_NOW,template_instantiation,TMPL_TICKETING_AND_PASSES_EN_2
PILOT_T2_TR_000558,,SFAM_INTERCHANGE_TRANSFER_009,FAM_INTERCHANGE_TRANSFER_009,PARA_INTERCHANGE_TRANSFER_8_3,T2_MEDIUM_V1,interchange_query,GET_INTERCHANGE_DETAILS,Please tell: Transfer walking time and directions at Thirumangalam multimodal terminal (F9) #2,hi-en,Latn,CS3,N0,"{""station"": ""Thirumangalam"", ""facility_type"": ""interchange""}","{""station_id"": ""METRO_THIRUMANGALAM""}",ANSWERABLE_AFTER_MANUAL_VERIFICATION,template_instantiation,TMPL_INTERCHANGE_TRANSFER_HINGLISH_LATN_8
PILOT_T2_TR_000559,,SFAM_REALTIME_STATUS_QUERY_012,FAM_REALTIME_STATUS_QUERY_012,PARA_REALTIME_STATUS_QUERY_11_3,T2_MEDIUM_V1,realtime_status_query,REJECT_UNSUPPORTED_REALTIME,Please tell: Live crowd density and train arrival countdown at Thousand Lights right now (F12) #2,hi-en,Latn,CS3,N0,"{""station"": ""Thousand Lights"", ""transport_mode"": ""metro""}","{""station_id"": ""METRO_THOUSAND_LIGHTS""}",REQUIRES_REALTIME_DATA,template_instantiation,TMPL_REALTIME_STATUS_QUERY_HINGLISH_LATN_11
PILOT_T2_TR_000560,,SFAM_TICKETING_AND_PASSES_018,FAM_TICKETING_AND_PASSES_018,PARA_TICKETING_AND_PASSES_17_3,T2_MEDIUM_V1,ticketing_rules,GET_TICKETING_POLICY,How can regular passengers apply for and renew National Common Mobility Card (F18)?,hi-en,Latn,CS3,N0,"{""ticket_type"": ""ncmc_card"", ""transport_mode"": ""transit""}",{},ANSWERABLE_NOW,template_instantiation,TMPL_TICKETING_AND_PASSES_HINGLISH_LATN_17
PILOT_T2_TR_000561,,SFAM_POINT_TO_POINT_ROUTE_004,FAM_POINT_TO_POINT_ROUTE_004,PARA_POINT_TO_POINT_ROUTE_3_1,T2_MEDIUM_V1,route_query,PLAN_ROUTE,Please tell: आलंदूर से एग्मोर मेट्रो से जाने का रास्ता क्या है? (प्रारूप F4) #2,hi,Deva,CS0,N0,"{""origin"": ""आलंदूर"", ""destination"": ""एग्मोर"", ""transport_mode"": ""मेट्रो""}","{""origin_id"": ""METRO_ARIGNAR_ANNA_ALANDUR"", ""destination_id"": ""METRO_EGMORE""}",ANSWERABLE_WITH_PROVISIONAL_DATA,template_instantiation,TMPL_POINT_TO_POINT_ROUTE_HI_DEVA_3
PILOT_T2_TR_000562,,SFAM_FARE_CALCULATION_017,FAM_FARE_CALCULATION_017,PARA_FARE_CALCULATION_16_0,T2_MEDIUM_V1,fare_query,CALCULATE_FARE,Quick check: What is the single-journey ticket fare from St. Thomas Mount to Alandur on metro? [fare F17] #4,en,Latn,CS0,N0,"{""origin"": ""St. Thomas Mount"", ""destination"": ""Alandur"", ""fare_type"": ""token"", ""transport_mode"": ""metro""}","{""origin_id"": ""METRO_ST__THOMAS_MOUNT"", ""destination_id"": ""METRO_ARIGNAR_ANNA_ALANDUR""}",ANSWERABLE_NOW,template_instantiation,TMPL_FARE_CALCULATION_EN_16
PILOT_T2_TR_000563,,SFAM_ROUTE_STOP_MEMBERSHIP_016,FAM_ROUTE_STOP_MEMBERSHIP_016,PARA_ROUTE_STOP_MEMBERSHIP_15_0,T2_MEDIUM_V1,route_stops,CHECK_STOP_ON_ROUTE,Does bus route 21G make a scheduled halt at Pudupattinam? [chk F16],en,Latn,CS0,N0,"{""route_number"": ""21G"", ""stop"": ""Pudupattinam"", ""transport_mode"": ""bus""}","{""route_id"": ""GTFS_ROUTE_8458"", ""stop_id"": ""BUS_3616510666""}",ANSWERABLE_WITH_PROVISIONAL_DATA,template_instantiation,TMPL_ROUTE_STOP_MEMBERSHIP_EN_15
PILOT_T2_TR_000564,,SFAM_INTERCHANGE_TRANSFER_016,FAM_INTERCHANGE_TRANSFER_016,PARA_INTERCHANGE_TRANSFER_15_1,T2_MEDIUM_V1,interchange_query,GET_INTERCHANGE_DETAILS,Could you specify साइदापेट इंटरचेंज पर दूसरी लाइन में ट्रांसफर करने का मार्ग क्या है? (बदलाव F16)? #3,hi,Deva,CS0,N0,"{""station"": ""साइदापेट"", ""facility_type"": ""इंटरचेंज""}","{""station_id"": ""METRO_SAIDAPET""}",ANSWERABLE_AFTER_MANUAL_VERIFICATION,template_instantiation,TMPL_INTERCHANGE_TRANSFER_HI_DEVA_15
PILOT_T2_TR_000565,,SFAM_STATION_ACCESSIBILITY_010,FAM_STATION_ACCESSIBILITY_010,PARA_STATION_ACCESSIBILITY_9_4,T2_MEDIUM_V1,accessibility,GET_ACCESSIBILITY_INFO,Anna Nagar Tower station par handicapped passengers ke liye passenger elevator lift support status F10,hi-en,Deva+Latn,CS4,N0,"{""station"": ""Anna Nagar Tower"", ""accessibility_feature"": ""lift"", ""transport_mode"": ""metro""}","{""station_id"": ""METRO_ANNA_NAGAR_TOWER""}",ANSWERABLE_NOW,template_instantiation,TMPL_STATION_ACCESSIBILITY_MIXED_SCRIPT_CS_9
PILOT_T2_TR_000566,,SFAM_TICKETING_AND_PASSES_008,FAM_TICKETING_AND_PASSES_008,PARA_TICKETING_AND_PASSES_7_3,T2_MEDIUM_V1,ticketing_rules,GET_TICKETING_POLICY,How can regular passengers apply for and renew Smart Card (F8)?,hi-en,Latn,CS3,N0,"{""ticket_type"": ""smart_card"", ""transport_mode"": ""transit""}",{},ANSWERABLE_NOW,template_instantiation,TMPL_TICKETING_AND_PASSES_HINGLISH_LATN_7
PILOT_T2_TR_000567,,SFAM_OUT_OF_SCOPE_008,FAM_OUT_OF_SCOPE_008,PARA_OUT_OF_SCOPE_7_2,T2_MEDIUM_V1,out_of_scope,REJECT_OUT_OF_SCOPE,Could you specify high court airport terminal ke flight delay timings check kijiye. [bahar F8]? #3,hi,Latn,CS0,N0,"{""station"": ""high court""}","{""station_id"": ""METRO_HIGHCOURT""}",OUT_OF_SCOPE,template_instantiation,TMPL_OUT_OF_SCOPE_HI_LATN_7
PILOT_T2_TR_000568,,SFAM_STATION_ACCESSIBILITY_005,FAM_STATION_ACCESSIBILITY_005,PARA_STATION_ACCESSIBILITY_4_4,T2_MEDIUM_V1,accessibility,GET_ACCESSIBILITY_INFO,Please tell: CMBT station par handicapped passengers ke liye wheelchair ramp support status F5 #2,hi-en,Deva+Latn,CS4,N0,"{""station"": ""CMBT"", ""accessibility_feature"": ""wheelchair"", ""transport_mode"": ""metro""}","{""station_id"": ""METRO_PURATCHI_THALAIVI_DR_J_JAYALALITHAA_CMBT""}",ANSWERABLE_NOW,template_instantiation,TMPL_STATION_ACCESSIBILITY_MIXED_SCRIPT_CS_4
PILOT_T2_TR_000569,,SFAM_ROUTE_STOP_MEMBERSHIP_019,FAM_ROUTE_STOP_MEMBERSHIP_019,PARA_ROUTE_STOP_MEMBERSHIP_18_1,T2_MEDIUM_V1,route_stops,CHECK_STOP_ON_ROUTE,Please tell: क्या बस 570 अडयार स्टॉप पर रुकती है? (जांच F19) #2,hi,Deva,CS0,N0,"{""route_number"": ""570"", ""stop"": ""अडयार"", ""transport_mode"": ""बस""}","{""route_id"": ""GTFS_ROUTE_17967"", ""stop_id"": ""BUS_2587520213""}",ANSWERABLE_WITH_PROVISIONAL_DATA,template_instantiation,TMPL_ROUTE_STOP_MEMBERSHIP_HI_DEVA_18
PILOT_T2_TR_000570,,SFAM_REALTIME_STATUS_QUERY_017,FAM_REALTIME_STATUS_QUERY_017,PARA_REALTIME_STATUS_QUERY_16_1,T2_MEDIUM_V1,realtime_status_query,REJECT_UNSUPPORTED_REALTIME,Quick check: क्या सेंट थॉमस माउंट से आने वाली ट्रेन अभी लेट चल रही है लाइव स्थिति बताएं? (ताज़ा F17) #4,hi,Deva,CS0,N0,"{""origin"": ""सेंट थॉमस माउंट"", ""transport_mode"": ""ट्रेन""}","{""origin_id"": ""METRO_ST__THOMAS_MOUNT""}",REQUIRES_REALTIME_DATA,template_instantiation,TMPL_REALTIME_STATUS_QUERY_HI_DEVA_16
PILOT_T2_TR_000571,,SFAM_MULTIMODAL_ROUTE_007,FAM_MULTIMODAL_ROUTE_007,PARA_MULTIMODAL_ROUTE_6_3,T2_MEDIUM_V1,route_query,PLAN_MULTIMODAL_ROUTE,Can you give combined bus and train route from Thiruvanmiyur to Washermenpet (F7)?,hi-en,Latn,CS3,N0,"{""origin"": ""Thiruvanmiyur"", ""destination"": ""Washermenpet"", ""transport_mode"": ""bus and train""}","{""origin_id"": ""BUS_3247310920"", ""destination_id"": ""METRO_WASHERMENPET""}",ANSWERABLE_WITH_PROVISIONAL_DATA,template_instantiation,TMPL_MULTIMODAL_ROUTE_HINGLISH_LATN_6
PILOT_T2_TR_000572,,SFAM_REALTIME_STATUS_QUERY_020,FAM_REALTIME_STATUS_QUERY_020,PARA_REALTIME_STATUS_QUERY_19_4,T2_MEDIUM_V1,realtime_status_query,REJECT_UNSUPPORTED_REALTIME,Please tell: Pachaiyappa College se metro live delay status aur real time position tracking F20 #2,hi-en,Deva+Latn,CS4,N0,"{""origin"": ""Pachaiyappa College"", ""transport_mode"": ""metro""}","{""origin_id"": ""METRO_PACHAIYAPPA_S_COLLEGE""}",REQUIRES_REALTIME_DATA,template_instantiation,TMPL_REALTIME_STATUS_QUERY_MIXED_SCRIPT_CS_19
PILOT_T2_TR_000573,,SFAM_INTERCHANGE_TRANSFER_016,FAM_INTERCHANGE_TRANSFER_016,PARA_INTERCHANGE_TRANSFER_15_4,T2_MEDIUM_V1,interchange_query,GET_INTERCHANGE_DETAILS,Saidapet interchange par line switch connection point details check F16,hi-en,Deva+Latn,CS4,N2,"{""station"": ""Saidapet"", ""facility_type"": ""interchange""}","{""station_id"": ""METRO_SAIDAPET""}",ANSWERABLE_AFTER_MANUAL_VERIFICATION,template_instantiation,TMPL_INTERCHANGE_TRANSFER_MIXED_SCRIPT_CS_15
PILOT_T2_TR_000574,,SFAM_STATION_ACCESSIBILITY_005,FAM_STATION_ACCESSIBILITY_005,PARA_STATION_ACCESSIBILITY_4_2,T2_MEDIUM_V1,accessibility,GET_ACCESSIBILITY_INFO,Could you specify kya cmbt metro station me wheelchair disabled ke liye wheelchair accessibility hai? [barrier-free F5]? #3,hi,Latn,CS0,N0,"{""station"": ""cmbt"", ""accessibility_feature"": ""wheelchair"", ""transport_mode"": ""metro""}","{""station_id"": ""METRO_PURATCHI_THALAIVI_DR_J_JAYALALITHAA_CMBT""}",ANSWERABLE_NOW,template_instantiation,TMPL_STATION_ACCESSIBILITY_HI_LATN_4
PILOT_T2_TR_000575,,SFAM_SERVICE_FREQUENCY_009,FAM_SERVICE_FREQUENCY_009,PARA_SERVICE_FREQUENCY_8_4,T2_MEDIUM_V1,service_timing,GET_SERVICE_FREQUENCY,Thirumangalam से Saidapet trains kitni frequency se run karti hain interval F9,hi-en,Deva+Latn,CS4,N0,"{""origin"": ""Thirumangalam"", ""destination"": ""Saidapet"", ""timing_type"": ""frequency"", ""transport_mode"": ""metro""}","{""origin_id"": ""METRO_THIRUMANGALAM"", ""destination_id"": ""METRO_SAIDAPET""}",ANSWERABLE_NOW,template_instantiation,TMPL_SERVICE_FREQUENCY_MIXED_SCRIPT_CS_8
PILOT_T2_TR_000576,,SFAM_FIRST_AND_LAST_SERVICE_006,FAM_FIRST_AND_LAST_SERVICE_006,PARA_FIRST_AND_LAST_SERVICE_5_3,T2_MEDIUM_V1,service_timing,GET_FIRST_LAST_SERVICE,First train and last train operational hours between Koyambedu and Wimco Nagar Depot (F6),hi-en,Latn,CS3,N0,"{""origin"": ""Koyambedu"", ""destination"": ""Wimco Nagar Depot"", ""timing_type"": ""first_last"", ""transport_mode"": ""train""}","{""origin_id"": ""METRO_KOYAMBEDU"", ""destination_id"": ""METRO_WIMCO_NAGAR""}",ANSWERABLE_NOW,template_instantiation,TMPL_FIRST_AND_LAST_SERVICE_HINGLISH_LATN_5
PILOT_T2_TR_000577,,SFAM_ROUTE_STOP_SEQUENCE_002,FAM_ROUTE_STOP_SEQUENCE_002,PARA_ROUTE_STOP_SEQUENCE_1_0,T2_MEDIUM_V1,route_stops,LIST_ROUTE_STOPS,List every intermediate stop along route 102 in order. [seq F2],en,Latn,CS0,N0,"{""route_number"": ""102"", ""transport_mode"": ""bus""}","{""route_id"": ""GTFS_ROUTE_16861""}",ANSWERABLE_WITH_PROVISIONAL_DATA,template_instantiation,TMPL_ROUTE_STOP_SEQUENCE_EN_1
PILOT_T2_TR_000578,,SFAM_NEAREST_TRANSPORT_009,FAM_NEAREST_TRANSPORT_009,PARA_NEAREST_TRANSPORT_8_4,T2_MEDIUM_V1,nearest_transport,FIND_NEAREST_STATION,Karpaga Institute ke pass nearest metro stop connection distance bataye F9,hi-en,Deva+Latn,CS4,N0,"{""landmark"": ""Karpaga Institute"", ""transport_mode"": ""metro""}","{""place_id"": ""OSM_POI_3082849503""}",ANSWERABLE_NOW,template_instantiation,TMPL_NEAREST_TRANSPORT_MIXED_SCRIPT_CS_8
PILOT_T2_TR_000579,,SFAM_STATION_ACCESSIBILITY_003,FAM_STATION_ACCESSIBILITY_003,PARA_STATION_ACCESSIBILITY_2_2,T2_MEDIUM_V1,accessibility,GET_ACCESSIBILITY_INFO,Please tell: kya guindy metro station me wheelchair disabled ke liye tactile paths for blind hai? [barrier-free F3] #2,hi,Latn,CS0,N0,"{""station"": ""guindy"", ""accessibility_feature"": ""tactile_path"", ""transport_mode"": ""metro""}","{""station_id"": ""METRO_GUINDY""}",ANSWERABLE_NOW,template_instantiation,TMPL_STATION_ACCESSIBILITY_HI_LATN_2
PILOT_T2_TR_000580,,SFAM_OUT_OF_SCOPE_011,FAM_OUT_OF_SCOPE_011,PARA_OUT_OF_SCOPE_10_3,T2_MEDIUM_V1,out_of_scope,REJECT_OUT_OF_SCOPE,Transit query: What is the general weather rain forecast in Chennai near Marina Beach today (F11)? #5,hi-en,Latn,CS3,N1,"{""landmark"": ""Marina Beach""}","{""place_id"": ""OSM_POI_12137617372""}",OUT_OF_SCOPE,template_instantiation,TMPL_OUT_OF_SCOPE_HINGLISH_LATN_10
PILOT_T2_TR_000581,,SFAM_NEAREST_TRANSPORT_011,FAM_NEAREST_TRANSPORT_011,PARA_NEAREST_TRANSPORT_10_1,T2_MEDIUM_V1,nearest_transport,FIND_NEAREST_STATION,Quick check: मरीना बीच के सबसे निकटतम मेट्रो स्टेशन या बस स्टॉप कौन सा है? (निकट F11) #4,hi,Deva,CS0,N0,"{""landmark"": ""मरीना बीच"", ""transport_mode"": ""मेट्रो या बस""}","{""place_id"": ""OSM_POI_12137617372""}",ANSWERABLE_NOW,template_instantiation,TMPL_NEAREST_TRANSPORT_HI_DEVA_10
PILOT_T2_TR_000582,,SFAM_INTERCHANGE_TRANSFER_014,FAM_INTERCHANGE_TRANSFER_014,PARA_INTERCHANGE_TRANSFER_13_4,T2_MEDIUM_V1,interchange_query,GET_INTERCHANGE_DETAILS,Please tell: Washermenpet interchange par line switch connection point details check F14 #2,hi-en,Deva+Latn,CS4,N0,"{""station"": ""Washermenpet"", ""facility_type"": ""interchange""}","{""station_id"": ""METRO_WASHERMENPET""}",ANSWERABLE_AFTER_MANUAL_VERIFICATION,template_instantiation,TMPL_INTERCHANGE_TRANSFER_MIXED_SCRIPT_CS_13
PILOT_T2_TR_000583,,SFAM_INTERCHANGE_TRANSFER_013,FAM_INTERCHANGE_TRANSFER_013,PARA_INTERCHANGE_TRANSFER_12_1,T2_MEDIUM_V1,interchange_query,GET_INTERCHANGE_DETAILS,Transit query: विमको नगर इंटरचेंज पर दूसरी लाइन में ट्रांसफर करने का मार्ग क्या है? (बदलाव F13) #5,hi,Deva,CS0,N2,"{""station"": ""विमको नगर"", ""facility_type"": ""इंटरचेंज""}","{""station_id"": ""METRO_WIMCO_NAGAR""}",ANSWERABLE_AFTER_MANUAL_VERIFICATION,template_instantiation,TMPL_INTERCHANGE_TRANSFER_HI_DEVA_12
PILOT_T2_TR_000584,,SFAM_ROUTE_STOP_SEQUENCE_002,FAM_ROUTE_STOP_SEQUENCE_002,PARA_ROUTE_STOP_SEQUENCE_1_3,T2_MEDIUM_V1,route_stops,LIST_ROUTE_STOPS,Please tell: Full stop order details for bus number 102 please provide (F2) #2,hi-en,Latn,CS3,N0,"{""route_number"": ""102"", ""transport_mode"": ""bus""}","{""route_id"": ""GTFS_ROUTE_16861""}",ANSWERABLE_WITH_PROVISIONAL_DATA,template_instantiation,TMPL_ROUTE_STOP_SEQUENCE_HINGLISH_LATN_1
PILOT_T2_TR_000585,,SFAM_OUT_OF_SCOPE_013,FAM_OUT_OF_SCOPE_013,PARA_OUT_OF_SCOPE_12_0,T2_MEDIUM_V1,out_of_scope,REJECT_OUT_OF_SCOPE,Transit query: Book a private cab taxi ride from Wimco Nagar Depot to Pachaiyappa College. [cab F13] #5,en,Latn,CS0,N0,"{""origin"": ""Wimco Nagar Depot"", ""destination"": ""Pachaiyappa College""}","{""origin_id"": ""METRO_WIMCO_NAGAR"", ""destination_id"": ""METRO_PACHAIYAPPA_S_COLLEGE""}",OUT_OF_SCOPE,template_instantiation,TMPL_OUT_OF_SCOPE_EN_12
PILOT_T2_TR_000586,,SFAM_FARE_CALCULATION_004,FAM_FARE_CALCULATION_004,PARA_FARE_CALCULATION_3_4,T2_MEDIUM_V1,fare_query,CALCULATE_FARE,Please tell: Alandur से Egmore metro travel ka discounted smart card fare kya hai F4 #2,hi-en,Deva+Latn,CS4,N0,"{""origin"": ""Alandur"", ""destination"": ""Egmore"", ""ticket_type"": ""smart_card"", ""transport_mode"": ""metro""}","{""origin_id"": ""METRO_ARIGNAR_ANNA_ALANDUR"", ""destination_id"": ""METRO_EGMORE""}",ANSWERABLE_NOW,template_instantiation,TMPL_FARE_CALCULATION_MIXED_SCRIPT_CS_3
PILOT_T2_TR_000587,,SFAM_ROUTE_STOP_SEQUENCE_006,FAM_ROUTE_STOP_SEQUENCE_006,PARA_ROUTE_STOP_SEQUENCE_5_1,T2_MEDIUM_V1,route_stops,LIST_ROUTE_STOPS,Please tell: बस रूट 29C के सभी ठहरावों की क्रमबद्ध सूची दिखाएं। (क्रम F6) #2,hi,Deva,CS0,N0,"{""route_number"": ""29C"", ""transport_mode"": ""बस""}","{""route_id"": ""GTFS_ROUTE_8631""}",ANSWERABLE_WITH_PROVISIONAL_DATA,template_instantiation,TMPL_ROUTE_STOP_SEQUENCE_HI_DEVA_5
PILOT_T2_TR_000588,,SFAM_TICKETING_AND_PASSES_003,FAM_TICKETING_AND_PASSES_003,PARA_TICKETING_AND_PASSES_2_4,T2_MEDIUM_V1,ticketing_rules,GET_TICKETING_POLICY,Could you specify Commuter WhatsApp QR Ticket ke application aur terms ki complete details F3? #3,hi-en,Deva+Latn,CS4,N1,"{""ticket_type"": ""qr_ticket"", ""transport_mode"": ""transit""}",{},ANSWERABLE_NOW,template_instantiation,TMPL_TICKETING_AND_PASSES_MIXED_SCRIPT_CS_2
PILOT_T2_TR_000589,,SFAM_REALTIME_STATUS_QUERY_001,FAM_REALTIME_STATUS_QUERY_001,PARA_REALTIME_STATUS_QUERY_0_0,T2_MEDIUM_V1,realtime_status_query,REJECT_UNSUPPORTED_REALTIME,Where is bus 21G right now and what is its live location? [live F1],en,Latn,CS0,N0,"{""route_number"": ""21G"", ""transport_mode"": ""bus""}","{""route_id"": ""GTFS_ROUTE_8458""}",REQUIRES_REALTIME_DATA,template_instantiation,TMPL_REALTIME_STATUS_QUERY_EN_0
PILOT_T2_TR_000590,,SFAM_MODE_AVAILABILITY_002,FAM_MODE_AVAILABILITY_002,PARA_MODE_AVAILABILITY_1_4,T2_MEDIUM_V1,service_availability,CHECK_SERVICE_AVAILABILITY,Please tell: क्या Chennai Central से Broadway transport line active hai mode info F2 #2,hi-en,Deva+Latn,CS4,N0,"{""origin"": ""Chennai Central"", ""destination"": ""Broadway"", ""transport_mode"": ""transport""}","{""origin_id"": ""METRO_PURATCHI_THALAIVAR_DR__M_G_RAMACHANDRAN_CENTRAL"", ""destination_id"": ""BUS_27618346""}",ANSWERABLE_WITH_PROVISIONAL_DATA,template_instantiation,TMPL_MODE_AVAILABILITY_MIXED_SCRIPT_CS_1
PILOT_T2_TR_000591,,SFAM_ROUTE_STOP_SEQUENCE_003,FAM_ROUTE_STOP_SEQUENCE_003,PARA_ROUTE_STOP_SEQUENCE_2_0,T2_MEDIUM_V1,route_stops,LIST_ROUTE_STOPS,Could you specify List every intermediate stop along route 102A in order. [seq F3]? #3,en,Latn,CS0,N0,"{""route_number"": ""102A"", ""transport_mode"": ""bus""}","{""route_id"": ""GTFS_ROUTE_10248""}",ANSWERABLE_WITH_PROVISIONAL_DATA,template_instantiation,TMPL_ROUTE_STOP_SEQUENCE_EN_2
PILOT_T2_TR_000592,,SFAM_REALTIME_STATUS_QUERY_011,FAM_REALTIME_STATUS_QUERY_011,PARA_REALTIME_STATUS_QUERY_10_0,T2_MEDIUM_V1,realtime_status_query,REJECT_UNSUPPORTED_REALTIME,Transit query: Where is bus 11 R right now and what is its live location? [live F11] #5,en,Latn,CS0,N0,"{""route_number"": ""11 R"", ""transport_mode"": ""bus""}","{""route_id"": ""GTFS_ROUTE_23728""}",REQUIRES_REALTIME_DATA,template_instantiation,TMPL_REALTIME_STATUS_QUERY_EN_10
PILOT_T2_TR_000593,,SFAM_NEAREST_TRANSPORT_009,FAM_NEAREST_TRANSPORT_009,PARA_NEAREST_TRANSPORT_8_0,T2_MEDIUM_V1,nearest_transport,FIND_NEAREST_STATION,Transit query: Which is the nearest metro station or transit stop to Karpaga Institute? [loc F9] #5,en,Latn,CS0,N0,"{""landmark"": ""Karpaga Institute"", ""transport_mode"": ""metro""}","{""place_id"": ""OSM_POI_3082849503""}",ANSWERABLE_NOW,template_instantiation,TMPL_NEAREST_TRANSPORT_EN_8
PILOT_T2_TR_000594,,SFAM_INTERCHANGE_TRANSFER_014,FAM_INTERCHANGE_TRANSFER_014,PARA_INTERCHANGE_TRANSFER_13_0,T2_MEDIUM_V1,interchange_query,GET_INTERCHANGE_DETAILS,Transit query: How do I switch lines to connect towards Airport at Washermenpet interchange? [xfer F14] #5,en,Latn,CS0,N0,"{""station"": ""Washermenpet"", ""destination"": ""Airport"", ""facility_type"": ""interchange""}","{""station_id"": ""METRO_WASHERMENPET"", ""destination_id"": ""METRO_CHENNAI_INTERNATIONAL_AIRPORT""}",ANSWERABLE_AFTER_MANUAL_VERIFICATION,template_instantiation,TMPL_INTERCHANGE_TRANSFER_EN_13
PILOT_T2_TR_000595,,SFAM_TICKETING_AND_PASSES_005,FAM_TICKETING_AND_PASSES_005,PARA_TICKETING_AND_PASSES_4_3,T2_MEDIUM_V1,ticketing_rules,GET_TICKETING_POLICY,Please tell: How can regular passengers apply for and renew Student Concession Card (F5)? #2,hi-en,Latn,CS3,N0,"{""ticket_type"": ""student_pass"", ""transport_mode"": ""transit""}",{},ANSWERABLE_NOW,template_instantiation,TMPL_TICKETING_AND_PASSES_HINGLISH_LATN_4
PILOT_T2_TR_000596,,SFAM_NEAREST_TRANSPORT_001,FAM_NEAREST_TRANSPORT_001,PARA_NEAREST_TRANSPORT_0_3,T2_MEDIUM_V1,nearest_transport,FIND_NEAREST_STATION,"Excuse me, Find closest public transport access point near Marina Beach (F1) #6",hi-en,Latn,CS3,N0,"{""landmark"": ""Marina Beach"", ""transport_mode"": ""public transport""}","{""place_id"": ""OSM_POI_12137617372""}",ANSWERABLE_NOW,template_instantiation,TMPL_NEAREST_TRANSPORT_HINGLISH_LATN_0
PILOT_T2_TR_000597,,SFAM_TICKETING_AND_PASSES_016,FAM_TICKETING_AND_PASSES_016,PARA_TICKETING_AND_PASSES_15_2,T2_MEDIUM_V1,ticketing_rules,GET_TICKETING_POLICY,tourist pass recharge karne ka guidelines aur validity rule bataye. [card F16],hi,Latn,CS0,N0,"{""ticket_type"": ""tourist_card"", ""transport_mode"": ""transit""}",{},ANSWERABLE_NOW,template_instantiation,TMPL_TICKETING_AND_PASSES_HI_LATN_15
PILOT_T2_TR_000598,,SFAM_SCHEDULED_DEPARTURE_004,FAM_SCHEDULED_DEPARTURE_004,PARA_SCHEDULED_DEPARTURE_3_1,T2_MEDIUM_V1,service_timing,GET_SCHEDULED_DEPARTURES,आलंदूर से सुबह 8 बजे छूटने वाली गाड़ियों की समय सारणी दिखाएं। (समय F4),hi,Deva,CS0,N0,"{""origin"": ""आलंदूर"", ""time"": ""सुबह 8 बजे"", ""resolved_time"": ""08:00:00""}","{""origin_id"": ""METRO_ARIGNAR_ANNA_ALANDUR""}",ANSWERABLE_NOW,template_instantiation,TMPL_SCHEDULED_DEPARTURE_HI_DEVA_3
PILOT_T2_TR_000599,,SFAM_OUT_OF_SCOPE_017,FAM_OUT_OF_SCOPE_017,PARA_OUT_OF_SCOPE_16_2,T2_MEDIUM_V1,out_of_scope,REJECT_OUT_OF_SCOPE,st thomas mount airport terminal ke flight delay timings check kijiye. [bahar F17],hi,Latn,CS0,N0,"{""station"": ""st thomas mount""}","{""station_id"": ""METRO_ST__THOMAS_MOUNT""}",OUT_OF_SCOPE,template_instantiation,TMPL_OUT_OF_SCOPE_HI_LATN_16
PILOT_T2_TR_000600,,SFAM_STATION_FACILITIES_002,FAM_STATION_FACILITIES_002,PARA_STATION_FACILITIES_1_3,T2_MEDIUM_V1,station_facilities,GET_STATION_FACILITY,Does Chennai Central station premises include operational two-wheeler bike parking (F2)?,hi-en,Latn,CS3,N0,"{""station"": ""Chennai Central"", ""facility_type"": ""two_wheeler_parking"", ""transport_mode"": ""metro""}","{""station_id"": ""METRO_PURATCHI_THALAIVAR_DR__M_G_RAMACHANDRAN_CENTRAL""}",ANSWERABLE_NOW,template_instantiation,TMPL_STATION_FACILITIES_HINGLISH_LATN_1
PILOT_T2_TR_000601,,SFAM_OUT_OF_SCOPE_005,FAM_OUT_OF_SCOPE_005,PARA_OUT_OF_SCOPE_4_0,T2_MEDIUM_V1,out_of_scope,REJECT_OUT_OF_SCOPE,Please tell: Book a private cab taxi ride from CMBT to Thousand Lights. [cab F5] #2,en,Latn,CS0,N0,"{""origin"": ""CMBT"", ""destination"": ""Thousand Lights""}","{""origin_id"": ""METRO_PURATCHI_THALAIVI_DR_J_JAYALALITHAA_CMBT"", ""destination_id"": ""METRO_THOUSAND_LIGHTS""}",OUT_OF_SCOPE,template_instantiation,TMPL_OUT_OF_SCOPE_EN_4
PILOT_T2_TR_000602,,SFAM_POINT_TO_POINT_ROUTE_015,FAM_POINT_TO_POINT_ROUTE_015,PARA_POINT_TO_POINT_ROUTE_14_1,T2_MEDIUM_V1,route_query,PLAN_ROUTE,लिटिल माउंट से चेन्नई सेंट्रल मेट्रो से जाने का रास्ता क्या है? (प्रारूप F15),hi,Deva,CS0,N0,"{""origin"": ""लिटिल माउंट"", ""destination"": ""चेन्नई सेंट्रल"", ""transport_mode"": ""मेट्रो""}","{""origin_id"": ""METRO_LITTLE_MOUNT"", ""destination_id"": ""METRO_PURATCHI_THALAIVAR_DR__M_G_RAMACHANDRAN_CENTRAL""}",ANSWERABLE_WITH_PROVISIONAL_DATA,template_instantiation,TMPL_POINT_TO_POINT_ROUTE_HI_DEVA_14
PILOT_T2_TR_000603,,SFAM_POINT_TO_POINT_ROUTE_014,FAM_POINT_TO_POINT_ROUTE_014,PARA_POINT_TO_POINT_ROUTE_13_3,T2_MEDIUM_V1,route_query,PLAN_ROUTE,Please tell: Washermenpet to Airport metro ride ka best direct route bataiye (F14) #2,hi-en,Latn,CS3,N0,"{""origin"": ""Washermenpet"", ""destination"": ""Airport"", ""transport_mode"": ""metro""}","{""origin_id"": ""METRO_WASHERMENPET"", ""destination_id"": ""METRO_CHENNAI_INTERNATIONAL_AIRPORT""}",ANSWERABLE_WITH_PROVISIONAL_DATA,template_instantiation,TMPL_POINT_TO_POINT_ROUTE_HINGLISH_LATN_13
PILOT_T2_TR_000604,,SFAM_OUT_OF_SCOPE_011,FAM_OUT_OF_SCOPE_011,PARA_OUT_OF_SCOPE_10_1,T2_MEDIUM_V1,out_of_scope,REJECT_OUT_OF_SCOPE,"Excuse me, एग्मोर के निकटतम सबसे अच्छे रेस्टोरेंट और भोजनालय की सूची दें। (बाहर F11) #6",hi,Deva,CS0,N0,"{""station"": ""एग्मोर""}","{""station_id"": ""METRO_EGMORE""}",OUT_OF_SCOPE,template_instantiation,TMPL_OUT_OF_SCOPE_HI_DEVA_10
PILOT_T2_TR_000605,,SFAM_OUT_OF_SCOPE_013,FAM_OUT_OF_SCOPE_013,PARA_OUT_OF_SCOPE_12_3,T2_MEDIUM_V1,out_of_scope,REJECT_OUT_OF_SCOPE,Quick check: What is the general weather rain forecast in Chennai near Great Lakes Institute today (F13)? #4,hi-en,Latn,CS3,N0,"{""landmark"": ""Great Lakes Institute""}","{""place_id"": ""OSM_POI_577328882""}",OUT_OF_SCOPE,template_instantiation,TMPL_OUT_OF_SCOPE_HINGLISH_LATN_12
PILOT_T2_TR_000606,,SFAM_OUT_OF_SCOPE_001,FAM_OUT_OF_SCOPE_001,PARA_OUT_OF_SCOPE_0_3,T2_MEDIUM_V1,out_of_scope,REJECT_OUT_OF_SCOPE,What is the general weather rain forecast in Chennai near Marina Beach today (F1)?,hi-en,Latn,CS3,N0,"{""landmark"": ""Marina Beach""}","{""place_id"": ""OSM_POI_12137617372""}",OUT_OF_SCOPE,template_instantiation,TMPL_OUT_OF_SCOPE_HINGLISH_LATN_0
PILOT_T2_TR_000607,,SFAM_OUT_OF_SCOPE_015,FAM_OUT_OF_SCOPE_015,PARA_OUT_OF_SCOPE_14_2,T2_MEDIUM_V1,out_of_scope,REJECT_OUT_OF_SCOPE,Please tell: little mount airport terminal ke flight delay timings check kijiye. [bahar F15] #2,hi,Latn,CS0,N1,"{""station"": ""little mount""}","{""station_id"": ""METRO_LITTLE_MOUNT""}",OUT_OF_SCOPE,template_instantiation,TMPL_OUT_OF_SCOPE_HI_LATN_14
PILOT_T2_TR_000608,,SFAM_POINT_TO_POINT_ROUTE_008,FAM_POINT_TO_POINT_ROUTE_008,PARA_POINT_TO_POINT_ROUTE_7_0,T2_MEDIUM_V1,route_query,PLAN_ROUTE,Please tell: How do I commute from High Court to Little Mount by metro? [pattern F8] #2,en,Latn,CS0,N0,"{""origin"": ""High Court"", ""destination"": ""Little Mount"", ""transport_mode"": ""metro""}","{""origin_id"": ""METRO_HIGHCOURT"", ""destination_id"": ""METRO_LITTLE_MOUNT""}",ANSWERABLE_WITH_PROVISIONAL_DATA,template_instantiation,TMPL_POINT_TO_POINT_ROUTE_EN_7
PILOT_T2_TR_000609,,SFAM_TICKETING_AND_PASSES_018,FAM_TICKETING_AND_PASSES_018,PARA_TICKETING_AND_PASSES_17_3,T2_MEDIUM_V1,ticketing_rules,GET_TICKETING_POLICY,Transit query: How can regular passengers apply for and renew National Common Mobility Card (F18)? #5,hi-en,Latn,CS3,N0,"{""ticket_type"": ""ncmc_card"", ""transport_mode"": ""transit""}",{},ANSWERABLE_NOW,template_instantiation,TMPL_TICKETING_AND_PASSES_HINGLISH_LATN_17
PILOT_T2_TR_000610,,SFAM_REALTIME_STATUS_QUERY_018,FAM_REALTIME_STATUS_QUERY_018,PARA_REALTIME_STATUS_QUERY_17_3,T2_MEDIUM_V1,realtime_status_query,REJECT_UNSUPPORTED_REALTIME,Please tell: Live crowd density and train arrival countdown at Nehru Park right now (F18) #2,hi-en,Latn,CS3,N0,"{""station"": ""Nehru Park"", ""transport_mode"": ""metro""}","{""station_id"": ""METRO_NEHRU_PARK""}",REQUIRES_REALTIME_DATA,template_instantiation,TMPL_REALTIME_STATUS_QUERY_HINGLISH_LATN_17
PILOT_T2_TR_000611,,SFAM_TICKETING_AND_PASSES_020,FAM_TICKETING_AND_PASSES_020,PARA_TICKETING_AND_PASSES_19_4,T2_MEDIUM_V1,ticketing_rules,GET_TICKETING_POLICY,Please tell: Commuter Smart Card ke application aur terms ki complete details F20 #2,hi-en,Deva+Latn,CS4,N0,"{""ticket_type"": ""smart_card"", ""transport_mode"": ""transit""}",{},ANSWERABLE_NOW,template_instantiation,TMPL_TICKETING_AND_PASSES_MIXED_SCRIPT_CS_19
PILOT_T2_TR_000612,,SFAM_MULTIMODAL_ROUTE_015,FAM_MULTIMODAL_ROUTE_015,PARA_MULTIMODAL_ROUTE_14_1,T2_MEDIUM_V1,route_query,PLAN_MULTIMODAL_ROUTE,Please tell: बस स्टैंड से चेन्नई सेंट्रल बस और मेट्रो मिलाकर सबसे तेज़ मार्ग कौन सा है? (योजना F15) #2,hi,Deva,CS0,N0,"{""origin"": ""बस स्टैंड"", ""destination"": ""चेन्नई सेंट्रल"", ""transport_mode"": ""बस और मेट्रो""}","{""origin_id"": ""BUS_5300484122"", ""destination_id"": ""METRO_PURATCHI_THALAIVAR_DR__M_G_RAMACHANDRAN_CENTRAL""}",ANSWERABLE_WITH_PROVISIONAL_DATA,template_instantiation,TMPL_MULTIMODAL_ROUTE_HI_DEVA_14
PILOT_T2_TR_000613,,SFAM_FARE_CALCULATION_013,FAM_FARE_CALCULATION_013,PARA_FARE_CALCULATION_12_1,T2_MEDIUM_V1,fare_query,CALCULATE_FARE,Please tell: विमको नगर से पचैयप्पा कॉलेज तक का मेट्रो का टोकन किराया कितना रुपया है? (किराया F13) #2,hi,Deva,CS0,N0,"{""origin"": ""विमको नगर"", ""destination"": ""पचैयप्पा कॉलेज"", ""fare_type"": ""टोकन"", ""transport_mode"": ""मेट्रो""}","{""origin_id"": ""METRO_WIMCO_NAGAR"", ""destination_id"": ""METRO_PACHAIYAPPA_S_COLLEGE""}",ANSWERABLE_NOW,template_instantiation,TMPL_FARE_CALCULATION_HI_DEVA_12
PILOT_T2_TR_000614,,SFAM_INTERCHANGE_TRANSFER_020,FAM_INTERCHANGE_TRANSFER_020,PARA_INTERCHANGE_TRANSFER_19_0,T2_MEDIUM_V1,interchange_query,GET_INTERCHANGE_DETAILS,Could you specify How do I switch lines to connect towards Vadapalani at Pachaiyappa College interchange? [xfer F20]? #3,en,Latn,CS0,N0,"{""station"": ""Pachaiyappa College"", ""destination"": ""Vadapalani"", ""facility_type"": ""interchange""}","{""station_id"": ""METRO_PACHAIYAPPA_S_COLLEGE"", ""destination_id"": ""METRO_VADAPALANI""}",ANSWERABLE_AFTER_MANUAL_VERIFICATION,template_instantiation,TMPL_INTERCHANGE_TRANSFER_EN_19
PILOT_T2_TR_000615,,SFAM_ROUTE_STOP_MEMBERSHIP_013,FAM_ROUTE_STOP_MEMBERSHIP_013,PARA_ROUTE_STOP_MEMBERSHIP_12_0,T2_MEDIUM_V1,route_stops,CHECK_STOP_ON_ROUTE,Does bus route 15 CT8 make a scheduled halt at Nelvoy? [chk F13],en,Latn,CS0,N0,"{""route_number"": ""15 CT8"", ""stop"": ""Nelvoy"", ""transport_mode"": ""bus""}","{""route_id"": ""GTFS_ROUTE_20494"", ""stop_id"": ""BUS_469106564""}",ANSWERABLE_WITH_PROVISIONAL_DATA,template_instantiation,TMPL_ROUTE_STOP_MEMBERSHIP_EN_12
PILOT_T2_TR_000616,,SFAM_ROUTE_STOP_MEMBERSHIP_002,FAM_ROUTE_STOP_MEMBERSHIP_002,PARA_ROUTE_STOP_MEMBERSHIP_1_1,T2_MEDIUM_V1,route_stops,CHECK_STOP_ON_ROUTE,Quick check: क्या बस 102 ब्रॉडवे स्टॉप पर रुकती है? (जांच F2) #4,hi,Deva,CS0,N0,"{""route_number"": ""102"", ""stop"": ""ब्रॉडवे"", ""transport_mode"": ""बस""}","{""route_id"": ""GTFS_ROUTE_16861"", ""stop_id"": ""BUS_27618346""}",ANSWERABLE_WITH_PROVISIONAL_DATA,template_instantiation,TMPL_ROUTE_STOP_MEMBERSHIP_HI_DEVA_1
PILOT_T2_TR_000617,,SFAM_INTERCHANGE_TRANSFER_019,FAM_INTERCHANGE_TRANSFER_019,PARA_INTERCHANGE_TRANSFER_18_3,T2_MEDIUM_V1,interchange_query,GET_INTERCHANGE_DETAILS,Transit query: Transfer walking time and directions at Kilpauk multimodal terminal (F19) #5,hi-en,Latn,CS3,N0,"{""station"": ""Kilpauk"", ""facility_type"": ""interchange""}","{""station_id"": ""METRO_KILPAUK""}",ANSWERABLE_AFTER_MANUAL_VERIFICATION,template_instantiation,TMPL_INTERCHANGE_TRANSFER_HINGLISH_LATN_18
PILOT_T2_TR_000618,,SFAM_STATION_FACILITIES_001,FAM_STATION_FACILITIES_001,PARA_STATION_FACILITIES_0_2,T2_MEDIUM_V1,station_facilities,GET_STATION_FACILITY,kya airport station par passenger car parking service available hai? [amenity F1],hi,Latn,CS0,N0,"{""station"": ""airport"", ""facility_type"": ""parking"", ""transport_mode"": ""metro""}","{""station_id"": ""METRO_CHENNAI_INTERNATIONAL_AIRPORT""}",ANSWERABLE_NOW,template_instantiation,TMPL_STATION_FACILITIES_HI_LATN_0
PILOT_T2_TR_000619,,SFAM_ROUTE_STOP_MEMBERSHIP_002,FAM_ROUTE_STOP_MEMBERSHIP_002,PARA_ROUTE_STOP_MEMBERSHIP_1_0,T2_MEDIUM_V1,route_stops,CHECK_STOP_ON_ROUTE,Please tell: Does bus route 102 make a scheduled halt at Broadway? [chk F2] #2,en,Latn,CS0,N0,"{""route_number"": ""102"", ""stop"": ""Broadway"", ""transport_mode"": ""bus""}","{""route_id"": ""GTFS_ROUTE_16861"", ""stop_id"": ""BUS_27618346""}",ANSWERABLE_WITH_PROVISIONAL_DATA,template_instantiation,TMPL_ROUTE_STOP_MEMBERSHIP_EN_1
PILOT_T2_TR_000620,,SFAM_FARE_CALCULATION_001,FAM_FARE_CALCULATION_001,PARA_FARE_CALCULATION_0_1,T2_MEDIUM_V1,fare_query,CALCULATE_FARE,Could you specify एयरपोर्ट से हाई कोर्ट तक का मेट्रो का टोकन किराया कितना रुपया है? (किराया F1)? #3,hi,Deva,CS0,N0,"{""origin"": ""एयरपोर्ट"", ""destination"": ""हाई कोर्ट"", ""fare_type"": ""टोकन"", ""transport_mode"": ""मेट्रो""}","{""origin_id"": ""METRO_CHENNAI_INTERNATIONAL_AIRPORT"", ""destination_id"": ""METRO_HIGHCOURT""}",ANSWERABLE_NOW,template_instantiation,TMPL_FARE_CALCULATION_HI_DEVA_0
PILOT_T2_TR_000621,,SFAM_ROUTE_STOP_MEMBERSHIP_005,FAM_ROUTE_STOP_MEMBERSHIP_005,PARA_ROUTE_STOP_MEMBERSHIP_4_3,T2_MEDIUM_V1,route_stops,CHECK_STOP_ON_ROUTE,Could you specify Verify if Besant Nagar bus stop is covered by route 23C (F5)? #3,hi-en,Latn,CS3,N2,"{""route_number"": ""23C"", ""stop"": ""Besant Nagar"", ""transport_mode"": ""bus""}","{""route_id"": ""GTFS_ROUTE_10214"", ""stop_id"": ""BUS_417750654""}",ANSWERABLE_WITH_PROVISIONAL_DATA,template_instantiation,TMPL_ROUTE_STOP_MEMBERSHIP_HINGLISH_LATN_4
PILOT_T2_TR_000622,,SFAM_NEAREST_TRANSPORT_011,FAM_NEAREST_TRANSPORT_011,PARA_NEAREST_TRANSPORT_10_1,T2_MEDIUM_V1,nearest_transport,FIND_NEAREST_STATION,Could you specify मरीना बीच के सबसे निकटतम मेट्रो स्टेशन या बस स्टॉप कौन सा है? (निकट F11)? #3,hi,Deva,CS0,N0,"{""landmark"": ""मरीना बीच"", ""transport_mode"": ""मेट्रो या बस""}","{""place_id"": ""OSM_POI_12137617372""}",ANSWERABLE_NOW,template_instantiation,TMPL_NEAREST_TRANSPORT_HI_DEVA_10
PILOT_T2_TR_000623,,SFAM_INTERCHANGE_TRANSFER_008,FAM_INTERCHANGE_TRANSFER_008,PARA_INTERCHANGE_TRANSFER_7_1,T2_MEDIUM_V1,interchange_query,GET_INTERCHANGE_DETAILS,Quick check: हाई कोर्ट इंटरचेंज पर दूसरी लाइन में ट्रांसफर करने का मार्ग क्या है? (बदलाव F8) #4,hi,Deva,CS0,N0,"{""station"": ""हाई कोर्ट"", ""facility_type"": ""इंटरचेंज""}","{""station_id"": ""METRO_HIGHCOURT""}",ANSWERABLE_AFTER_MANUAL_VERIFICATION,template_instantiation,TMPL_INTERCHANGE_TRANSFER_HI_DEVA_7
PILOT_T2_TR_000624,,SFAM_SERVICE_FREQUENCY_011,FAM_SERVICE_FREQUENCY_011,PARA_SERVICE_FREQUENCY_10_4,T2_MEDIUM_V1,service_timing,GET_SERVICE_FREQUENCY,Egmore से Nehru Park trains kitni frequency se run karti hain interval F11,hi-en,Deva+Latn,CS4,N0,"{""origin"": ""Egmore"", ""destination"": ""Nehru Park"", ""timing_type"": ""frequency"", ""transport_mode"": ""metro""}","{""origin_id"": ""METRO_EGMORE"", ""destination_id"": ""METRO_NEHRU_PARK""}",ANSWERABLE_NOW,template_instantiation,TMPL_SERVICE_FREQUENCY_MIXED_SCRIPT_CS_10
PILOT_T2_TR_000625,,SFAM_NEAREST_TRANSPORT_020,FAM_NEAREST_TRANSPORT_020,PARA_NEAREST_TRANSPORT_19_1,T2_MEDIUM_V1,nearest_transport,FIND_NEAREST_STATION,Quick check: पडलम अस्पताल के सबसे निकटतम मेट्रो स्टेशन या बस स्टॉप कौन सा है? (निकट F20) #4,hi,Deva,CS0,N0,"{""landmark"": ""पडलम अस्पताल"", ""transport_mode"": ""मेट्रो या बस""}","{""place_id"": ""OSM_POI_7257518724""}",ANSWERABLE_NOW,template_instantiation,TMPL_NEAREST_TRANSPORT_HI_DEVA_19
PILOT_T2_TR_000626,,SFAM_STATION_ACCESSIBILITY_002,FAM_STATION_ACCESSIBILITY_002,PARA_STATION_ACCESSIBILITY_1_0,T2_MEDIUM_V1,accessibility,GET_ACCESSIBILITY_INFO,Please tell: Are passenger elevator lift provisions available for differently abled passengers at Chennai Central? [a11y F2] #2,en,Latn,CS0,N0,"{""station"": ""Chennai Central"", ""accessibility_feature"": ""lift"", ""transport_mode"": ""metro""}","{""station_id"": ""METRO_PURATCHI_THALAIVAR_DR__M_G_RAMACHANDRAN_CENTRAL""}",ANSWERABLE_NOW,template_instantiation,TMPL_STATION_ACCESSIBILITY_EN_1
PILOT_T2_TR_000627,,SFAM_TICKETING_AND_PASSES_007,FAM_TICKETING_AND_PASSES_007,PARA_TICKETING_AND_PASSES_6_3,T2_MEDIUM_V1,ticketing_rules,GET_TICKETING_POLICY,How can regular passengers apply for and renew Monthly Season Pass (F7)?,hi-en,Latn,CS3,N0,"{""ticket_type"": ""monthly_pass"", ""transport_mode"": ""transit""}",{},ANSWERABLE_NOW,template_instantiation,TMPL_TICKETING_AND_PASSES_HINGLISH_LATN_6
PILOT_T2_TR_000628,,SFAM_NEAREST_TRANSPORT_010,FAM_NEAREST_TRANSPORT_010,PARA_NEAREST_TRANSPORT_9_2,T2_MEDIUM_V1,nearest_transport,FIND_NEAREST_STATION,Quick check: padalam hospital se closest walking distance metro transit point kaunsa hai? [paas F10] #4,hi,Latn,CS0,N0,"{""landmark"": ""padalam hospital"", ""transport_mode"": ""metro""}","{""place_id"": ""OSM_POI_7257518724""}",ANSWERABLE_NOW,template_instantiation,TMPL_NEAREST_TRANSPORT_HI_LATN_9
PILOT_T2_TR_000629,,SFAM_FARE_CALCULATION_003,FAM_FARE_CALCULATION_003,PARA_FARE_CALCULATION_2_1,T2_MEDIUM_V1,fare_query,CALCULATE_FARE,Please tell: गिंडी से अन्ना नगर टावर तक का मेट्रो का टोकन किराया कितना रुपया है? (किराया F3) #2,hi,Deva,CS0,N0,"{""origin"": ""गिंडी"", ""destination"": ""अन्ना नगर टावर"", ""fare_type"": ""टोकन"", ""transport_mode"": ""मेट्रो""}","{""origin_id"": ""METRO_GUINDY"", ""destination_id"": ""METRO_ANNA_NAGAR_TOWER""}",ANSWERABLE_NOW,template_instantiation,TMPL_FARE_CALCULATION_HI_DEVA_2
PILOT_T2_TR_000630,,SFAM_OUT_OF_SCOPE_017,FAM_OUT_OF_SCOPE_017,PARA_OUT_OF_SCOPE_16_3,T2_MEDIUM_V1,out_of_scope,REJECT_OUT_OF_SCOPE,Quick check: What is the general weather rain forecast in Chennai near Mother Child Hospital today (F17)? #4,hi-en,Latn,CS3,N0,"{""landmark"": ""Mother Child Hospital""}","{""place_id"": ""OSM_POI_7257518731""}",OUT_OF_SCOPE,template_instantiation,TMPL_OUT_OF_SCOPE_HINGLISH_LATN_16
PILOT_T2_TR_000631,,SFAM_FARE_CALCULATION_017,FAM_FARE_CALCULATION_017,PARA_FARE_CALCULATION_16_1,T2_MEDIUM_V1,fare_query,CALCULATE_FARE,Quick check: सेंट थॉमस माउंट से आलंदूर तक का मेट्रो का टोकन किराया कितना रुपया है? (किराया F17) #4,hi,Deva,CS0,N0,"{""origin"": ""सेंट थॉमस माउंट"", ""destination"": ""आलंदूर"", ""fare_type"": ""टोकन"", ""transport_mode"": ""मेट्रो""}","{""origin_id"": ""METRO_ST__THOMAS_MOUNT"", ""destination_id"": ""METRO_ARIGNAR_ANNA_ALANDUR""}",ANSWERABLE_NOW,template_instantiation,TMPL_FARE_CALCULATION_HI_DEVA_16
PILOT_T2_TR_000632,,SFAM_FARE_CALCULATION_012,FAM_FARE_CALCULATION_012,PARA_FARE_CALCULATION_11_4,T2_MEDIUM_V1,fare_query,CALCULATE_FARE,Please tell: Thousand Lights से Kilpauk metro travel ka discounted smart card fare kya hai F12 #2,hi-en,Deva+Latn,CS4,N0,"{""origin"": ""Thousand Lights"", ""destination"": ""Kilpauk"", ""ticket_type"": ""smart_card"", ""transport_mode"": ""metro""}","{""origin_id"": ""METRO_THOUSAND_LIGHTS"", ""destination_id"": ""METRO_KILPAUK""}",ANSWERABLE_NOW,template_instantiation,TMPL_FARE_CALCULATION_MIXED_SCRIPT_CS_11
PILOT_T2_TR_000633,,SFAM_STATION_FACILITIES_001,FAM_STATION_FACILITIES_001,PARA_STATION_FACILITIES_0_1,T2_MEDIUM_V1,station_facilities,GET_STATION_FACILITY,"Hello assistant, क्या एयरपोर्ट मेट्रो स्टेशन पर कार पार्किंग की व्यवस्था उपलब्ध है? (सुविधा F1) #7",hi,Deva,CS0,N1,"{""station"": ""एयरपोर्ट"", ""facility_type"": ""parking"", ""transport_mode"": ""मेट्रो""}","{""station_id"": ""METRO_CHENNAI_INTERNATIONAL_AIRPORT""}",ANSWERABLE_NOW,template_instantiation,TMPL_STATION_FACILITIES_HI_DEVA_0
PILOT_T2_TR_000634,,SFAM_ROUTE_STOP_SEQUENCE_011,FAM_ROUTE_STOP_SEQUENCE_011,PARA_ROUTE_STOP_SEQUENCE_10_1,T2_MEDIUM_V1,route_stops,LIST_ROUTE_STOPS,Please tell: बस रूट 11 R के सभी ठहरावों की क्रमबद्ध सूची दिखाएं। (क्रम F11) #2,hi,Deva,CS0,N0,"{""route_number"": ""11 R"", ""transport_mode"": ""बस""}","{""route_id"": ""GTFS_ROUTE_23728""}",ANSWERABLE_WITH_PROVISIONAL_DATA,template_instantiation,TMPL_ROUTE_STOP_SEQUENCE_HI_DEVA_10
PILOT_T2_TR_000635,,SFAM_STATION_ACCESSIBILITY_016,FAM_STATION_ACCESSIBILITY_016,PARA_STATION_ACCESSIBILITY_15_4,T2_MEDIUM_V1,accessibility,GET_ACCESSIBILITY_INFO,Saidapet station par handicapped passengers ke liye escalator stairs support status F16,hi-en,Deva+Latn,CS4,N2,"{""station"": ""Saidapet"", ""accessibility_feature"": ""escalator"", ""transport_mode"": ""metro""}","{""station_id"": ""METRO_SAIDAPET""}",ANSWERABLE_NOW,template_instantiation,TMPL_STATION_ACCESSIBILITY_MIXED_SCRIPT_CS_15
PILOT_T2_TR_000636,,SFAM_REALTIME_STATUS_QUERY_009,FAM_REALTIME_STATUS_QUERY_009,PARA_REALTIME_STATUS_QUERY_8_1,T2_MEDIUM_V1,realtime_status_query,REJECT_UNSUPPORTED_REALTIME,"Excuse me, क्या तिरुमंगलम से आने वाली ट्रेन अभी लेट चल रही है लाइव स्थिति बताएं? (ताज़ा F9) #6",hi,Deva,CS0,N0,"{""origin"": ""तिरुमंगलम"", ""transport_mode"": ""ट्रेन""}","{""origin_id"": ""METRO_THIRUMANGALAM""}",REQUIRES_REALTIME_DATA,template_instantiation,TMPL_REALTIME_STATUS_QUERY_HI_DEVA_8
PILOT_T2_TR_000637,,SFAM_STATION_FACILITIES_014,FAM_STATION_FACILITIES_014,PARA_STATION_FACILITIES_13_0,T2_MEDIUM_V1,station_facilities,GET_STATION_FACILITY,Could you specify Is two-wheeler bike parking facility available at Washermenpet metro station? [fac F14]? #3,en,Latn,CS0,N0,"{""station"": ""Washermenpet"", ""facility_type"": ""two_wheeler_parking"", ""transport_mode"": ""metro""}","{""station_id"": ""METRO_WASHERMENPET""}",ANSWERABLE_NOW,template_instantiation,TMPL_STATION_FACILITIES_EN_13
PILOT_T2_TR_000638,,SFAM_FIRST_AND_LAST_SERVICE_009,FAM_FIRST_AND_LAST_SERVICE_009,PARA_FIRST_AND_LAST_SERVICE_8_4,T2_MEDIUM_V1,service_timing,GET_FIRST_LAST_SERVICE,Thirumangalam से Saidapet ki last service aur first train timing information F9,hi-en,Deva+Latn,CS4,N0,"{""origin"": ""Thirumangalam"", ""destination"": ""Saidapet"", ""timing_type"": ""first_last"", ""transport_mode"": ""train""}","{""origin_id"": ""METRO_THIRUMANGALAM"", ""destination_id"": ""METRO_SAIDAPET""}",ANSWERABLE_NOW,template_instantiation,TMPL_FIRST_AND_LAST_SERVICE_MIXED_SCRIPT_CS_8
PILOT_T2_TR_000639,,SFAM_INTERCHANGE_TRANSFER_010,FAM_INTERCHANGE_TRANSFER_010,PARA_INTERCHANGE_TRANSFER_9_0,T2_MEDIUM_V1,interchange_query,GET_INTERCHANGE_DETAILS,Transit query: How do I switch lines to connect towards St. Thomas Mount at Anna Nagar Tower interchange? [xfer F10] #5,en,Latn,CS0,N0,"{""station"": ""Anna Nagar Tower"", ""destination"": ""St. Thomas Mount"", ""facility_type"": ""interchange""}","{""station_id"": ""METRO_ANNA_NAGAR_TOWER"", ""destination_id"": ""METRO_ST__THOMAS_MOUNT""}",ANSWERABLE_AFTER_MANUAL_VERIFICATION,template_instantiation,TMPL_INTERCHANGE_TRANSFER_EN_9
PILOT_T2_TR_000640,,SFAM_FIRST_AND_LAST_SERVICE_002,FAM_FIRST_AND_LAST_SERVICE_002,PARA_FIRST_AND_LAST_SERVICE_1_2,T2_MEDIUM_V1,service_timing,GET_FIRST_LAST_SERVICE,chennai central se thirumangalam first morning aur last night metro departure timing batao [samay F2],hi,Latn,CS0,N1,"{""origin"": ""chennai central"", ""destination"": ""thirumangalam"", ""timing_type"": ""first_last"", ""transport_mode"": ""metro""}","{""origin_id"": ""METRO_PURATCHI_THALAIVAR_DR__M_G_RAMACHANDRAN_CENTRAL"", ""destination_id"": ""METRO_THIRUMANGALAM""}",ANSWERABLE_NOW,template_instantiation,TMPL_FIRST_AND_LAST_SERVICE_HI_LATN_1
PILOT_T2_TR_000641,,SFAM_STATION_FACILITIES_015,FAM_STATION_FACILITIES_015,PARA_STATION_FACILITIES_14_0,T2_MEDIUM_V1,station_facilities,GET_STATION_FACILITY,Is EV vehicle charging facility available at Little Mount metro station? [fac F15],en,Latn,CS0,N0,"{""station"": ""Little Mount"", ""facility_type"": ""ev_charging"", ""transport_mode"": ""metro""}","{""station_id"": ""METRO_LITTLE_MOUNT""}",ANSWERABLE_NOW,template_instantiation,TMPL_STATION_FACILITIES_EN_14
PILOT_T2_TR_000642,,SFAM_OUT_OF_SCOPE_005,FAM_OUT_OF_SCOPE_005,PARA_OUT_OF_SCOPE_4_2,T2_MEDIUM_V1,out_of_scope,REJECT_OUT_OF_SCOPE,Quick check: cmbt airport terminal ke flight delay timings check kijiye. [bahar F5] #4,hi,Latn,CS0,N0,"{""station"": ""cmbt""}","{""station_id"": ""METRO_PURATCHI_THALAIVI_DR_J_JAYALALITHAA_CMBT""}",OUT_OF_SCOPE,template_instantiation,TMPL_OUT_OF_SCOPE_HI_LATN_4
PILOT_T2_TR_000643,,SFAM_OUT_OF_SCOPE_013,FAM_OUT_OF_SCOPE_013,PARA_OUT_OF_SCOPE_12_2,T2_MEDIUM_V1,out_of_scope,REJECT_OUT_OF_SCOPE,Quick check: wimco nagar depot airport terminal ke flight delay timings check kijiye. [bahar F13] #4,hi,Latn,CS0,N0,"{""station"": ""wimco nagar depot""}","{""station_id"": ""METRO_WIMCO_NAGAR""}",OUT_OF_SCOPE,template_instantiation,TMPL_OUT_OF_SCOPE_HI_LATN_12
PILOT_T2_TR_000644,,SFAM_TICKETING_AND_PASSES_004,FAM_TICKETING_AND_PASSES_004,PARA_TICKETING_AND_PASSES_3_0,T2_MEDIUM_V1,ticketing_rules,GET_TICKETING_POLICY,Please tell: What are the rules and procedure to purchase a Tourist One-Day Pass for commuters? [pass F4] #2,en,Latn,CS0,N0,"{""ticket_type"": ""tourist_card"", ""transport_mode"": ""transit""}",{},ANSWERABLE_NOW,template_instantiation,TMPL_TICKETING_AND_PASSES_EN_3
PILOT_T2_TR_000645,,SFAM_TICKETING_AND_PASSES_020,FAM_TICKETING_AND_PASSES_020,PARA_TICKETING_AND_PASSES_19_0,T2_MEDIUM_V1,ticketing_rules,GET_TICKETING_POLICY,Please tell: What are the rules and procedure to purchase a Smart Card for commuters? [pass F20] #2,en,Latn,CS0,N0,"{""ticket_type"": ""smart_card"", ""transport_mode"": ""transit""}",{},ANSWERABLE_NOW,template_instantiation,TMPL_TICKETING_AND_PASSES_EN_19
PILOT_T2_TR_000646,,SFAM_ROUTE_STOP_SEQUENCE_011,FAM_ROUTE_STOP_SEQUENCE_011,PARA_ROUTE_STOP_SEQUENCE_10_2,T2_MEDIUM_V1,route_stops,LIST_ROUTE_STOPS,Route 11 R bus ke sare consecutive stops ki list check kare. [line F11],hi,Latn,CS0,N1,"{""route_number"": ""11 R"", ""transport_mode"": ""bus""}","{""route_id"": ""GTFS_ROUTE_23728""}",ANSWERABLE_WITH_PROVISIONAL_DATA,template_instantiation,TMPL_ROUTE_STOP_SEQUENCE_HI_LATN_10
PILOT_T2_TR_000647,,SFAM_POINT_TO_POINT_ROUTE_003,FAM_POINT_TO_POINT_ROUTE_003,PARA_POINT_TO_POINT_ROUTE_2_3,T2_MEDIUM_V1,route_query,PLAN_ROUTE,Could you specify Guindy to Anna Nagar Tower metro ride ka best direct route bataiye (F3)? #3,hi-en,Latn,CS3,N2,"{""origin"": ""Guindy"", ""destination"": ""Anna Nagar Tower"", ""transport_mode"": ""metro""}","{""origin_id"": ""METRO_GUINDY"", ""destination_id"": ""METRO_ANNA_NAGAR_TOWER""}",ANSWERABLE_WITH_PROVISIONAL_DATA,template_instantiation,TMPL_POINT_TO_POINT_ROUTE_HINGLISH_LATN_2
PILOT_T2_TR_000648,,SFAM_STATION_FACILITIES_007,FAM_STATION_FACILITIES_007,PARA_STATION_FACILITIES_6_0,T2_MEDIUM_V1,station_facilities,GET_STATION_FACILITY,Transit query: Is EV vehicle charging facility available at Vadapalani metro station? [fac F7] #5,en,Latn,CS0,N0,"{""station"": ""Vadapalani"", ""facility_type"": ""ev_charging"", ""transport_mode"": ""metro""}","{""station_id"": ""METRO_VADAPALANI""}",ANSWERABLE_NOW,template_instantiation,TMPL_STATION_FACILITIES_EN_6
PILOT_T2_TR_000649,,SFAM_OUT_OF_SCOPE_005,FAM_OUT_OF_SCOPE_005,PARA_OUT_OF_SCOPE_4_0,T2_MEDIUM_V1,out_of_scope,REJECT_OUT_OF_SCOPE,Could you specify Book a private cab taxi ride from CMBT to Thousand Lights. [cab F5]? #3,en,Latn,CS0,N0,"{""origin"": ""CMBT"", ""destination"": ""Thousand Lights""}","{""origin_id"": ""METRO_PURATCHI_THALAIVI_DR_J_JAYALALITHAA_CMBT"", ""destination_id"": ""METRO_THOUSAND_LIGHTS""}",OUT_OF_SCOPE,template_instantiation,TMPL_OUT_OF_SCOPE_EN_4
PILOT_T2_TR_000650,,SFAM_REALTIME_STATUS_QUERY_013,FAM_REALTIME_STATUS_QUERY_013,PARA_REALTIME_STATUS_QUERY_12_2,T2_MEDIUM_V1,realtime_status_query,REJECT_UNSUPPORTED_REALTIME,Could you specify Bus 15 CT8 ka real time current gps location update kahan pahuncha? [track F13]? #3,hi,Latn,CS0,N0,"{""route_number"": ""15 CT8"", ""transport_mode"": ""bus""}","{""route_id"": ""GTFS_ROUTE_20494""}",REQUIRES_REALTIME_DATA,template_instantiation,TMPL_REALTIME_STATUS_QUERY_HI_LATN_12
PILOT_T2_TR_000651,,SFAM_SCHEDULED_DEPARTURE_008,FAM_SCHEDULED_DEPARTURE_008,PARA_SCHEDULED_DEPARTURE_7_0,T2_MEDIUM_V1,service_timing,GET_SCHEDULED_DEPARTURES,Please tell: Show metro departure timetable at bare 8 o'clock from High Court [sched F8] #2,en,Latn,CS0,N0,"{""origin"": ""High Court"", ""time"": ""8 o'clock"", ""temporal_ambiguity"": true, ""dual_candidates"": [""08:00:00"", ""20:00:00""]}","{""origin_id"": ""METRO_HIGHCOURT""}",ANSWERABLE_NOW,template_instantiation,TMPL_SCHEDULED_DEPARTURE_EN_7
PILOT_T2_TR_000652,,SFAM_NEAREST_TRANSPORT_020,FAM_NEAREST_TRANSPORT_020,PARA_NEAREST_TRANSPORT_19_3,T2_MEDIUM_V1,nearest_transport,FIND_NEAREST_STATION,Could you specify Find closest public transport access point near Padalam Hospital (F20)? #3,hi-en,Latn,CS3,N0,"{""landmark"": ""Padalam Hospital"", ""transport_mode"": ""public transport""}","{""place_id"": ""OSM_POI_7257518724""}",ANSWERABLE_NOW,template_instantiation,TMPL_NEAREST_TRANSPORT_HINGLISH_LATN_19
PILOT_T2_TR_000653,,SFAM_REALTIME_STATUS_QUERY_002,FAM_REALTIME_STATUS_QUERY_002,PARA_REALTIME_STATUS_QUERY_1_3,T2_MEDIUM_V1,realtime_status_query,REJECT_UNSUPPORTED_REALTIME,Live crowd density and train arrival countdown at Chennai Central right now (F2),hi-en,Latn,CS3,N0,"{""station"": ""Chennai Central"", ""transport_mode"": ""metro""}","{""station_id"": ""METRO_PURATCHI_THALAIVAR_DR__M_G_RAMACHANDRAN_CENTRAL""}",REQUIRES_REALTIME_DATA,template_instantiation,TMPL_REALTIME_STATUS_QUERY_HINGLISH_LATN_1
PILOT_T2_TR_000654,,SFAM_NEAREST_TRANSPORT_018,FAM_NEAREST_TRANSPORT_018,PARA_NEAREST_TRANSPORT_17_2,T2_MEDIUM_V1,nearest_transport,FIND_NEAREST_STATION,Please tell: madhuranthagam hospital se closest walking distance metro transit point kaunsa hai? [paas F18] #2,hi,Latn,CS0,N1,"{""landmark"": ""madhuranthagam hospital"", ""transport_mode"": ""metro""}","{""place_id"": ""OSM_POI_7257518777""}",ANSWERABLE_NOW,template_instantiation,TMPL_NEAREST_TRANSPORT_HI_LATN_17
PILOT_T2_TR_000655,,SFAM_TICKETING_AND_PASSES_012,FAM_TICKETING_AND_PASSES_012,PARA_TICKETING_AND_PASSES_11_0,T2_MEDIUM_V1,ticketing_rules,GET_TICKETING_POLICY,Please tell: What are the rules and procedure to purchase a National Common Mobility Card for commuters? [pass F12] #2,en,Latn,CS0,N0,"{""ticket_type"": ""ncmc_card"", ""transport_mode"": ""transit""}",{},ANSWERABLE_NOW,template_instantiation,TMPL_TICKETING_AND_PASSES_EN_11
PILOT_T2_TR_000656,,SFAM_MODE_AVAILABILITY_003,FAM_MODE_AVAILABILITY_003,PARA_MODE_AVAILABILITY_2_3,T2_MEDIUM_V1,service_availability,CHECK_SERVICE_AVAILABILITY,Quick check: Is public transit operational connecting Guindy and Adyar (F3)? #4,hi-en,Latn,CS3,N2,"{""origin"": ""Guindy"", ""destination"": ""Adyar"", ""transport_mode"": ""public transit""}","{""origin_id"": ""METRO_GUINDY"", ""destination_id"": ""BUS_2587520213""}",ANSWERABLE_WITH_PROVISIONAL_DATA,template_instantiation,TMPL_MODE_AVAILABILITY_HINGLISH_LATN_2
PILOT_T2_TR_000657,,SFAM_MODE_AVAILABILITY_012,FAM_MODE_AVAILABILITY_012,PARA_MODE_AVAILABILITY_11_0,T2_MEDIUM_V1,service_availability,CHECK_SERVICE_AVAILABILITY,Quick check: Are there direct public transport options from Thousand Lights to Walajabad? [avail F12] #4,en,Latn,CS0,N0,"{""origin"": ""Thousand Lights"", ""destination"": ""Walajabad"", ""transport_mode"": ""any""}","{""origin_id"": ""METRO_THOUSAND_LIGHTS"", ""destination_id"": ""BUS_261716087""}",ANSWERABLE_WITH_PROVISIONAL_DATA,template_instantiation,TMPL_MODE_AVAILABILITY_EN_11
PILOT_T2_TR_000658,,SFAM_NEAREST_TRANSPORT_001,FAM_NEAREST_TRANSPORT_001,PARA_NEAREST_TRANSPORT_0_0,T2_MEDIUM_V1,nearest_transport,FIND_NEAREST_STATION,Could you specify Which is the nearest metro station or transit stop to Marina Beach? [loc F1]? #3,en,Latn,CS0,N0,"{""landmark"": ""Marina Beach"", ""transport_mode"": ""metro""}","{""place_id"": ""OSM_POI_12137617372""}",ANSWERABLE_NOW,template_instantiation,TMPL_NEAREST_TRANSPORT_EN_0
PILOT_T2_TR_000659,,SFAM_FIRST_AND_LAST_SERVICE_002,FAM_FIRST_AND_LAST_SERVICE_002,PARA_FIRST_AND_LAST_SERVICE_1_4,T2_MEDIUM_V1,service_timing,GET_FIRST_LAST_SERVICE,Chennai Central से Thirumangalam ki last service aur first train timing information F2,hi-en,Deva+Latn,CS4,N0,"{""origin"": ""Chennai Central"", ""destination"": ""Thirumangalam"", ""timing_type"": ""first_last"", ""transport_mode"": ""train""}","{""origin_id"": ""METRO_PURATCHI_THALAIVAR_DR__M_G_RAMACHANDRAN_CENTRAL"", ""destination_id"": ""METRO_THIRUMANGALAM""}",ANSWERABLE_NOW,template_instantiation,TMPL_FIRST_AND_LAST_SERVICE_MIXED_SCRIPT_CS_1
PILOT_T2_TR_000660,,SFAM_POINT_TO_POINT_ROUTE_019,FAM_POINT_TO_POINT_ROUTE_019,PARA_POINT_TO_POINT_ROUTE_18_1,T2_MEDIUM_V1,route_query,PLAN_ROUTE,Please tell: किल्पौक से कोयम्बेडु मेट्रो से जाने का रास्ता क्या है? (प्रारूप F19) #2,hi,Deva,CS0,N0,"{""origin"": ""किल्पौक"", ""destination"": ""कोयम्बेडु"", ""transport_mode"": ""मेट्रो""}","{""origin_id"": ""METRO_KILPAUK"", ""destination_id"": ""METRO_KOYAMBEDU""}",ANSWERABLE_WITH_PROVISIONAL_DATA,template_instantiation,TMPL_POINT_TO_POINT_ROUTE_HI_DEVA_18
PILOT_T2_TR_000661,,SFAM_ROUTE_STOP_MEMBERSHIP_016,FAM_ROUTE_STOP_MEMBERSHIP_016,PARA_ROUTE_STOP_MEMBERSHIP_15_3,T2_MEDIUM_V1,route_stops,CHECK_STOP_ON_ROUTE,Please tell: Verify if Pudupattinam bus stop is covered by route 21G (F16) #2,hi-en,Latn,CS3,N0,"{""route_number"": ""21G"", ""stop"": ""Pudupattinam"", ""transport_mode"": ""bus""}","{""route_id"": ""GTFS_ROUTE_8458"", ""stop_id"": ""BUS_3616510666""}",ANSWERABLE_WITH_PROVISIONAL_DATA,template_instantiation,TMPL_ROUTE_STOP_MEMBERSHIP_HINGLISH_LATN_15
PILOT_T2_TR_000662,,SFAM_SERVICE_FREQUENCY_017,FAM_SERVICE_FREQUENCY_017,PARA_SERVICE_FREQUENCY_16_3,T2_MEDIUM_V1,service_timing,GET_SERVICE_FREQUENCY,Peak hour frequency and normal headway between St. Thomas Mount and Alandur (F17),hi-en,Latn,CS3,N0,"{""origin"": ""St. Thomas Mount"", ""destination"": ""Alandur"", ""timing_type"": ""frequency"", ""transport_mode"": ""metro""}","{""origin_id"": ""METRO_ST__THOMAS_MOUNT"", ""destination_id"": ""METRO_ARIGNAR_ANNA_ALANDUR""}",ANSWERABLE_NOW,template_instantiation,TMPL_SERVICE_FREQUENCY_HINGLISH_LATN_16
PILOT_T2_TR_000663,,SFAM_OUT_OF_SCOPE_017,FAM_OUT_OF_SCOPE_017,PARA_OUT_OF_SCOPE_16_3,T2_MEDIUM_V1,out_of_scope,REJECT_OUT_OF_SCOPE,What is the general weather rain forecast in Chennai near Mother Child Hospital today (F17)?,hi-en,Latn,CS3,N0,"{""landmark"": ""Mother Child Hospital""}","{""place_id"": ""OSM_POI_7257518731""}",OUT_OF_SCOPE,template_instantiation,TMPL_OUT_OF_SCOPE_HINGLISH_LATN_16
PILOT_T2_TR_000664,,SFAM_MODE_AVAILABILITY_004,FAM_MODE_AVAILABILITY_004,PARA_MODE_AVAILABILITY_3_1,T2_MEDIUM_V1,service_availability,CHECK_SERVICE_AVAILABILITY,"Hello assistant, क्या आलंदूर से वेलाचेरी के लिए कोई सार्वजनिक बस या ट्रेन उपलब्ध है? (उपलब्धता F4) #7",hi,Deva,CS0,N1,"{""origin"": ""आलंदूर"", ""destination"": ""वेलाचेरी"", ""transport_mode"": ""सार्वजनिक बस या ट्रेन""}","{""origin_id"": ""METRO_ARIGNAR_ANNA_ALANDUR"", ""destination_id"": ""BUS_1764308008""}",ANSWERABLE_WITH_PROVISIONAL_DATA,template_instantiation,TMPL_MODE_AVAILABILITY_HI_DEVA_3
PILOT_T2_TR_000665,,SFAM_MODE_AVAILABILITY_005,FAM_MODE_AVAILABILITY_005,PARA_MODE_AVAILABILITY_4_3,T2_MEDIUM_V1,service_availability,CHECK_SERVICE_AVAILABILITY,Could you specify Is public transit operational connecting CMBT and Besant Nagar (F5)?? #3,hi-en,Latn,CS3,N1,"{""origin"": ""CMBT"", ""destination"": ""Besant Nagar"", ""transport_mode"": ""public transit""}","{""origin_id"": ""METRO_PURATCHI_THALAIVI_DR_J_JAYALALITHAA_CMBT"", ""destination_id"": ""BUS_417750654""}",ANSWERABLE_WITH_PROVISIONAL_DATA,template_instantiation,TMPL_MODE_AVAILABILITY_HINGLISH_LATN_4
PILOT_T2_TR_000666,,SFAM_FARE_CALCULATION_008,FAM_FARE_CALCULATION_008,PARA_FARE_CALCULATION_7_0,T2_MEDIUM_V1,fare_query,CALCULATE_FARE,Could you specify What is the single-journey ticket fare from High Court to Little Mount on metro? [fare F8]? #3,en,Latn,CS0,N0,"{""origin"": ""High Court"", ""destination"": ""Little Mount"", ""fare_type"": ""token"", ""transport_mode"": ""metro""}","{""origin_id"": ""METRO_HIGHCOURT"", ""destination_id"": ""METRO_LITTLE_MOUNT""}",ANSWERABLE_NOW,template_instantiation,TMPL_FARE_CALCULATION_EN_7
PILOT_T2_TR_000667,,SFAM_FARE_CALCULATION_012,FAM_FARE_CALCULATION_012,PARA_FARE_CALCULATION_11_0,T2_MEDIUM_V1,fare_query,CALCULATE_FARE,What is the single-journey ticket fare from Thousand Lights to Kilpauk on metro? [fare F12],en,Latn,CS0,N0,"{""origin"": ""Thousand Lights"", ""destination"": ""Kilpauk"", ""fare_type"": ""token"", ""transport_mode"": ""metro""}","{""origin_id"": ""METRO_THOUSAND_LIGHTS"", ""destination_id"": ""METRO_KILPAUK""}",ANSWERABLE_NOW,template_instantiation,TMPL_FARE_CALCULATION_EN_11
PILOT_T2_TR_000668,,SFAM_MODE_AVAILABILITY_011,FAM_MODE_AVAILABILITY_011,PARA_MODE_AVAILABILITY_10_3,T2_MEDIUM_V1,service_availability,CHECK_SERVICE_AVAILABILITY,Please tell: Is public transit operational connecting Egmore and Kalpakkam (F11)? #2,hi-en,Latn,CS3,N0,"{""origin"": ""Egmore"", ""destination"": ""Kalpakkam"", ""transport_mode"": ""public transit""}","{""origin_id"": ""METRO_EGMORE"", ""destination_id"": ""BUS_30143150""}",ANSWERABLE_WITH_PROVISIONAL_DATA,template_instantiation,TMPL_MODE_AVAILABILITY_HINGLISH_LATN_10
PILOT_T2_TR_000669,,SFAM_ROUTE_STOP_MEMBERSHIP_005,FAM_ROUTE_STOP_MEMBERSHIP_005,PARA_ROUTE_STOP_MEMBERSHIP_4_1,T2_MEDIUM_V1,route_stops,CHECK_STOP_ON_ROUTE,Could you specify क्या बस 23C बेसेंट नगर स्टॉप पर रुकती है? (जांच F5)? #3,hi,Deva,CS0,N0,"{""route_number"": ""23C"", ""stop"": ""बेसेंट नगर"", ""transport_mode"": ""बस""}","{""route_id"": ""GTFS_ROUTE_10214"", ""stop_id"": ""BUS_417750654""}",ANSWERABLE_WITH_PROVISIONAL_DATA,template_instantiation,TMPL_ROUTE_STOP_MEMBERSHIP_HI_DEVA_4
PILOT_T2_TR_000670,,SFAM_REALTIME_STATUS_QUERY_011,FAM_REALTIME_STATUS_QUERY_011,PARA_REALTIME_STATUS_QUERY_10_3,T2_MEDIUM_V1,realtime_status_query,REJECT_UNSUPPORTED_REALTIME,Live crowd density and train arrival countdown at Egmore right now (F11),hi-en,Latn,CS3,N0,"{""station"": ""Egmore"", ""transport_mode"": ""metro""}","{""station_id"": ""METRO_EGMORE""}",REQUIRES_REALTIME_DATA,template_instantiation,TMPL_REALTIME_STATUS_QUERY_HINGLISH_LATN_10
PILOT_T2_TR_000671,,SFAM_NEAREST_TRANSPORT_004,FAM_NEAREST_TRANSPORT_004,PARA_NEAREST_TRANSPORT_3_1,T2_MEDIUM_V1,nearest_transport,FIND_NEAREST_STATION,Please tell: मैरीटाइम संस्थान के सबसे निकटतम मेट्रो स्टेशन या बस स्टॉप कौन सा है? (निकट F4) #2,hi,Deva,CS0,N0,"{""landmark"": ""मैरीटाइम संस्थान"", ""transport_mode"": ""मेट्रो या बस""}","{""place_id"": ""OSM_POI_314081186""}",ANSWERABLE_NOW,template_instantiation,TMPL_NEAREST_TRANSPORT_HI_DEVA_3
PILOT_T2_TR_000672,,SFAM_NEAREST_TRANSPORT_005,FAM_NEAREST_TRANSPORT_005,PARA_NEAREST_TRANSPORT_4_3,T2_MEDIUM_V1,nearest_transport,FIND_NEAREST_STATION,Could you specify Find closest public transport access point near Maruthi Hospital (F5)? #3,hi-en,Latn,CS3,N1,"{""landmark"": ""Maruthi Hospital"", ""transport_mode"": ""public transport""}","{""place_id"": ""OSM_POI_7820652140""}",ANSWERABLE_NOW,template_instantiation,TMPL_NEAREST_TRANSPORT_HINGLISH_LATN_4
PILOT_T2_TR_000673,,SFAM_OUT_OF_SCOPE_015,FAM_OUT_OF_SCOPE_015,PARA_OUT_OF_SCOPE_14_1,T2_MEDIUM_V1,out_of_scope,REJECT_OUT_OF_SCOPE,Quick check: लिटिल माउंट के निकटतम सबसे अच्छे रेस्टोरेंट और भोजनालय की सूची दें। (बाहर F15) #4,hi,Deva,CS0,N0,"{""station"": ""लिटिल माउंट""}","{""station_id"": ""METRO_LITTLE_MOUNT""}",OUT_OF_SCOPE,template_instantiation,TMPL_OUT_OF_SCOPE_HI_DEVA_14
PILOT_T2_TR_000674,,SFAM_FIRST_AND_LAST_SERVICE_019,FAM_FIRST_AND_LAST_SERVICE_019,PARA_FIRST_AND_LAST_SERVICE_18_0,T2_MEDIUM_V1,service_timing,GET_FIRST_LAST_SERVICE,What time does the earliest and latest train depart Kilpauk for Koyambedu? [hrs F19],en,Latn,CS0,N0,"{""origin"": ""Kilpauk"", ""destination"": ""Koyambedu"", ""timing_type"": ""first_last"", ""transport_mode"": ""metro""}","{""origin_id"": ""METRO_KILPAUK"", ""destination_id"": ""METRO_KOYAMBEDU""}",ANSWERABLE_NOW,template_instantiation,TMPL_FIRST_AND_LAST_SERVICE_EN_18
PILOT_T2_TR_000675,,SFAM_OUT_OF_SCOPE_009,FAM_OUT_OF_SCOPE_009,PARA_OUT_OF_SCOPE_8_0,T2_MEDIUM_V1,out_of_scope,REJECT_OUT_OF_SCOPE,"Excuse me, Book a private cab taxi ride from Thirumangalam to Saidapet. [cab F9] #6",en,Latn,CS0,N0,"{""origin"": ""Thirumangalam"", ""destination"": ""Saidapet""}","{""origin_id"": ""METRO_THIRUMANGALAM"", ""destination_id"": ""METRO_SAIDAPET""}",OUT_OF_SCOPE,template_instantiation,TMPL_OUT_OF_SCOPE_EN_8
PILOT_T2_TR_000676,,SFAM_SERVICE_FREQUENCY_015,FAM_SERVICE_FREQUENCY_015,PARA_SERVICE_FREQUENCY_14_1,T2_MEDIUM_V1,service_timing,GET_SERVICE_FREQUENCY,Please tell: लिटिल माउंट और चेन्नई सेंट्रल के बीच मेट्रो हर कितने मिनट के अंतराल पर चलती है? (आवृत्ति F15) #2,hi,Deva,CS0,N0,"{""origin"": ""लिटिल माउंट"", ""destination"": ""चेन्नई सेंट्रल"", ""timing_type"": ""frequency"", ""transport_mode"": ""मेट्रो""}","{""origin_id"": ""METRO_LITTLE_MOUNT"", ""destination_id"": ""METRO_PURATCHI_THALAIVAR_DR__M_G_RAMACHANDRAN_CENTRAL""}",ANSWERABLE_NOW,template_instantiation,TMPL_SERVICE_FREQUENCY_HI_DEVA_14
PILOT_T2_TR_000677,,SFAM_STATION_ACCESSIBILITY_008,FAM_STATION_ACCESSIBILITY_008,PARA_STATION_ACCESSIBILITY_7_1,T2_MEDIUM_V1,accessibility,GET_ACCESSIBILITY_INFO,क्या हाई कोर्ट स्टेशन पर दिव्यांग यात्रियों के लिए एस्केलेटर उपलब्ध है? (सुलभता F8),hi,Deva,CS0,N1,"{""station"": ""हाई कोर्ट"", ""accessibility_feature"": ""escalator"", ""transport_mode"": ""मेट्रो""}","{""station_id"": ""METRO_HIGHCOURT""}",ANSWERABLE_NOW,template_instantiation,TMPL_STATION_ACCESSIBILITY_HI_DEVA_7
PILOT_T2_TR_000678,,SFAM_OUT_OF_SCOPE_009,FAM_OUT_OF_SCOPE_009,PARA_OUT_OF_SCOPE_8_3,T2_MEDIUM_V1,out_of_scope,REJECT_OUT_OF_SCOPE,Quick check: What is the general weather rain forecast in Chennai near Karpaga Institute today (F9)? #4,hi-en,Latn,CS3,N0,"{""landmark"": ""Karpaga Institute""}","{""place_id"": ""OSM_POI_3082849503""}",OUT_OF_SCOPE,template_instantiation,TMPL_OUT_OF_SCOPE_HINGLISH_LATN_8
PILOT_T2_TR_000679,,SFAM_STATION_ACCESSIBILITY_006,FAM_STATION_ACCESSIBILITY_006,PARA_STATION_ACCESSIBILITY_5_2,T2_MEDIUM_V1,accessibility,GET_ACCESSIBILITY_INFO,Could you specify kya koyambedu metro station me wheelchair disabled ke liye passenger lift hai? [barrier-free F6]? #3,hi,Latn,CS0,N0,"{""station"": ""koyambedu"", ""accessibility_feature"": ""lift"", ""transport_mode"": ""metro""}","{""station_id"": ""METRO_KOYAMBEDU""}",ANSWERABLE_NOW,template_instantiation,TMPL_STATION_ACCESSIBILITY_HI_LATN_5
PILOT_T2_TR_000680,,SFAM_ROUTE_STOP_MEMBERSHIP_005,FAM_ROUTE_STOP_MEMBERSHIP_005,PARA_ROUTE_STOP_MEMBERSHIP_4_0,T2_MEDIUM_V1,route_stops,CHECK_STOP_ON_ROUTE,Could you specify Does bus route 23C make a scheduled halt at Besant Nagar? [chk F5]? #3,en,Latn,CS0,N0,"{""route_number"": ""23C"", ""stop"": ""Besant Nagar"", ""transport_mode"": ""bus""}","{""route_id"": ""GTFS_ROUTE_10214"", ""stop_id"": ""BUS_417750654""}",ANSWERABLE_WITH_PROVISIONAL_DATA,template_instantiation,TMPL_ROUTE_STOP_MEMBERSHIP_EN_4
PILOT_T2_TR_000681,,SFAM_NEAREST_TRANSPORT_007,FAM_NEAREST_TRANSPORT_007,PARA_NEAREST_TRANSPORT_6_3,T2_MEDIUM_V1,nearest_transport,FIND_NEAREST_STATION,Please tell: Find closest public transport access point near Mother Child Hospital (F7) #2,hi-en,Latn,CS3,N0,"{""landmark"": ""Mother Child Hospital"", ""transport_mode"": ""public transport""}","{""place_id"": ""OSM_POI_7257518731""}",ANSWERABLE_NOW,template_instantiation,TMPL_NEAREST_TRANSPORT_HINGLISH_LATN_6
PILOT_T2_TR_000682,,SFAM_MULTIMODAL_ROUTE_005,FAM_MULTIMODAL_ROUTE_005,PARA_MULTIMODAL_ROUTE_4_1,T2_MEDIUM_V1,route_query,PLAN_MULTIMODAL_ROUTE,Please tell: बेसेंट नगर से थाउजेंड लाइट्स बस और मेट्रो मिलाकर सबसे तेज़ मार्ग कौन सा है? (योजना F5) #2,hi,Deva,CS0,N0,"{""origin"": ""बेसेंट नगर"", ""destination"": ""थाउजेंड लाइट्स"", ""transport_mode"": ""बस और मेट्रो""}","{""origin_id"": ""BUS_417750654"", ""destination_id"": ""METRO_THOUSAND_LIGHTS""}",ANSWERABLE_WITH_PROVISIONAL_DATA,template_instantiation,TMPL_MULTIMODAL_ROUTE_HI_DEVA_4
PILOT_T2_TR_000683,,SFAM_SCHEDULED_DEPARTURE_001,FAM_SCHEDULED_DEPARTURE_001,PARA_SCHEDULED_DEPARTURE_0_3,T2_MEDIUM_V1,service_timing,GET_SCHEDULED_DEPARTURES,Please tell: Airport station se kal 8 baje train schedule kya hoga (F1) #2,hi-en,Latn,CS3,N0,"{""origin"": ""Airport"", ""temporal_relative"": ""kal"", ""resolved_temporal_offset"": ""UNRESOLVED_TEMPORAL_AMBIGUITY"", ""time"": ""8 baje"", ""temporal_ambiguity"": true, ""dual_candidates"": [""08:00:00"", ""20:00:00""]}","{""origin_id"": ""METRO_CHENNAI_INTERNATIONAL_AIRPORT""}",ANSWERABLE_NOW,template_instantiation,TMPL_SCHEDULED_DEPARTURE_HINGLISH_LATN_0
PILOT_T2_TR_000684,,SFAM_MODE_AVAILABILITY_007,FAM_MODE_AVAILABILITY_007,PARA_MODE_AVAILABILITY_6_3,T2_MEDIUM_V1,service_availability,CHECK_SERVICE_AVAILABILITY,Transit query: Is public transit operational connecting Vadapalani and Thiruvanmiyur (F7)? #5,hi-en,Latn,CS3,N1,"{""origin"": ""Vadapalani"", ""destination"": ""Thiruvanmiyur"", ""transport_mode"": ""public transit""}","{""origin_id"": ""METRO_VADAPALANI"", ""destination_id"": ""BUS_3247310920""}",ANSWERABLE_WITH_PROVISIONAL_DATA,template_instantiation,TMPL_MODE_AVAILABILITY_HINGLISH_LATN_6
PILOT_T2_TR_000685,,SFAM_POINT_TO_POINT_ROUTE_001,FAM_POINT_TO_POINT_ROUTE_001,PARA_POINT_TO_POINT_ROUTE_0_2,T2_MEDIUM_V1,route_query,PLAN_ROUTE,Please tell: airport se high court metro se travel kaise kare? [tarika F1] #2,hi,Latn,CS0,N0,"{""origin"": ""airport"", ""destination"": ""high court"", ""transport_mode"": ""metro""}","{""origin_id"": ""METRO_CHENNAI_INTERNATIONAL_AIRPORT"", ""destination_id"": ""METRO_HIGHCOURT""}",ANSWERABLE_WITH_PROVISIONAL_DATA,template_instantiation,TMPL_POINT_TO_POINT_ROUTE_HI_LATN_0
PILOT_T2_TR_000686,,SFAM_STATION_ACCESSIBILITY_008,FAM_STATION_ACCESSIBILITY_008,PARA_STATION_ACCESSIBILITY_7_0,T2_MEDIUM_V1,accessibility,GET_ACCESSIBILITY_INFO,Quick check: Are escalator stairs provisions available for differently abled passengers at High Court? [a11y F8] #4,en,Latn,CS0,N0,"{""station"": ""High Court"", ""accessibility_feature"": ""escalator"", ""transport_mode"": ""metro""}","{""station_id"": ""METRO_HIGHCOURT""}",ANSWERABLE_NOW,template_instantiation,TMPL_STATION_ACCESSIBILITY_EN_7
PILOT_T2_TR_000687,,SFAM_FARE_CALCULATION_013,FAM_FARE_CALCULATION_013,PARA_FARE_CALCULATION_12_0,T2_MEDIUM_V1,fare_query,CALCULATE_FARE,Quick check: What is the single-journey ticket fare from Wimco Nagar Depot to Pachaiyappa College on metro? [fare F13] #4,en,Latn,CS0,N0,"{""origin"": ""Wimco Nagar Depot"", ""destination"": ""Pachaiyappa College"", ""fare_type"": ""token"", ""transport_mode"": ""metro""}","{""origin_id"": ""METRO_WIMCO_NAGAR"", ""destination_id"": ""METRO_PACHAIYAPPA_S_COLLEGE""}",ANSWERABLE_NOW,template_instantiation,TMPL_FARE_CALCULATION_EN_12
PILOT_T2_TR_000688,,SFAM_STATION_FACILITIES_010,FAM_STATION_FACILITIES_010,PARA_STATION_FACILITIES_9_3,T2_MEDIUM_V1,station_facilities,GET_STATION_FACILITY,Does Anna Nagar Tower station premises include operational two-wheeler bike parking (F10)?,hi-en,Latn,CS3,N0,"{""station"": ""Anna Nagar Tower"", ""facility_type"": ""two_wheeler_parking"", ""transport_mode"": ""metro""}","{""station_id"": ""METRO_ANNA_NAGAR_TOWER""}",ANSWERABLE_NOW,template_instantiation,TMPL_STATION_FACILITIES_HINGLISH_LATN_9
PILOT_T2_TR_000689,,SFAM_INTERCHANGE_TRANSFER_008,FAM_INTERCHANGE_TRANSFER_008,PARA_INTERCHANGE_TRANSFER_7_2,T2_MEDIUM_V1,interchange_query,GET_INTERCHANGE_DETAILS,Please tell: high court hub par metro line change karke little mount kaise jaye? [platform F8] #2,hi,Latn,CS0,N1,"{""station"": ""high court"", ""destination"": ""little mount"", ""facility_type"": ""interchange""}","{""station_id"": ""METRO_HIGHCOURT"", ""destination_id"": ""METRO_LITTLE_MOUNT""}",ANSWERABLE_AFTER_MANUAL_VERIFICATION,template_instantiation,TMPL_INTERCHANGE_TRANSFER_HI_LATN_7
PILOT_T2_TR_000690,,SFAM_TICKETING_AND_PASSES_015,FAM_TICKETING_AND_PASSES_015,PARA_TICKETING_AND_PASSES_14_2,T2_MEDIUM_V1,ticketing_rules,GET_TICKETING_POLICY,Quick check: qr ticket recharge karne ka guidelines aur validity rule bataye. [card F15] #4,hi,Latn,CS0,N0,"{""ticket_type"": ""qr_ticket"", ""transport_mode"": ""transit""}",{},ANSWERABLE_NOW,template_instantiation,TMPL_TICKETING_AND_PASSES_HI_LATN_14
PILOT_T2_TR_000691,,SFAM_TICKETING_AND_PASSES_005,FAM_TICKETING_AND_PASSES_005,PARA_TICKETING_AND_PASSES_4_1,T2_MEDIUM_V1,ticketing_rules,GET_TICKETING_POLICY,Quick check: यात्रियों के लिए छात्र रियायती पास प्राप्त करने के नियम और प्रक्रिया क्या हैं? (पास F5) #4,hi,Deva,CS0,N2,"{""ticket_type"": ""student_pass"", ""transport_mode"": ""पारगमन""}",{},ANSWERABLE_NOW,template_instantiation,TMPL_TICKETING_AND_PASSES_HI_DEVA_4
PILOT_T2_TR_000692,,SFAM_POINT_TO_POINT_ROUTE_015,FAM_POINT_TO_POINT_ROUTE_015,PARA_POINT_TO_POINT_ROUTE_14_4,T2_MEDIUM_V1,route_query,PLAN_ROUTE,Little Mount से Chennai Central direct metro connection bataye route plan F15,hi-en,Deva+Latn,CS4,N0,"{""origin"": ""Little Mount"", ""destination"": ""Chennai Central"", ""transport_mode"": ""metro""}","{""origin_id"": ""METRO_LITTLE_MOUNT"", ""destination_id"": ""METRO_PURATCHI_THALAIVAR_DR__M_G_RAMACHANDRAN_CENTRAL""}",ANSWERABLE_WITH_PROVISIONAL_DATA,template_instantiation,TMPL_POINT_TO_POINT_ROUTE_MIXED_SCRIPT_CS_14
PILOT_T2_TR_000693,,SFAM_MODE_AVAILABILITY_001,FAM_MODE_AVAILABILITY_001,PARA_MODE_AVAILABILITY_0_3,T2_MEDIUM_V1,service_availability,CHECK_SERVICE_AVAILABILITY,"Excuse me, Is public transit operational connecting Airport and Tambaram (F1)? #6",hi-en,Latn,CS3,N0,"{""origin"": ""Airport"", ""destination"": ""Tambaram"", ""transport_mode"": ""public transit""}","{""origin_id"": ""METRO_CHENNAI_INTERNATIONAL_AIRPORT"", ""destination_id"": ""BUS_5304399879""}",ANSWERABLE_WITH_PROVISIONAL_DATA,template_instantiation,TMPL_MODE_AVAILABILITY_HINGLISH_LATN_0
PILOT_T2_TR_000694,,SFAM_FIRST_AND_LAST_SERVICE_005,FAM_FIRST_AND_LAST_SERVICE_005,PARA_FIRST_AND_LAST_SERVICE_4_1,T2_MEDIUM_V1,service_timing,GET_FIRST_LAST_SERVICE,सीएमबीटी से थाउजेंड लाइट्स के लिए पहली और आखिरी ट्रेन का समय क्या है? (समय F5),hi,Deva,CS0,N0,"{""origin"": ""सीएमबीटी"", ""destination"": ""थाउजेंड लाइट्स"", ""timing_type"": ""first_last"", ""transport_mode"": ""ट्रेन""}","{""origin_id"": ""METRO_PURATCHI_THALAIVI_DR_J_JAYALALITHAA_CMBT"", ""destination_id"": ""METRO_THOUSAND_LIGHTS""}",ANSWERABLE_NOW,template_instantiation,TMPL_FIRST_AND_LAST_SERVICE_HI_DEVA_4
PILOT_T2_TR_000695,,SFAM_SERVICE_FREQUENCY_005,FAM_SERVICE_FREQUENCY_005,PARA_SERVICE_FREQUENCY_4_2,T2_MEDIUM_V1,service_timing,GET_SERVICE_FREQUENCY,cmbt to thousand lights metro service ka regular interval headway kya hai? [interval F5],hi,Latn,CS0,N0,"{""origin"": ""cmbt"", ""destination"": ""thousand lights"", ""timing_type"": ""frequency"", ""transport_mode"": ""metro""}","{""origin_id"": ""METRO_PURATCHI_THALAIVI_DR_J_JAYALALITHAA_CMBT"", ""destination_id"": ""METRO_THOUSAND_LIGHTS""}",ANSWERABLE_NOW,template_instantiation,TMPL_SERVICE_FREQUENCY_HI_LATN_4
PILOT_T2_TR_000696,,SFAM_STATION_FACILITIES_005,FAM_STATION_FACILITIES_005,PARA_STATION_FACILITIES_4_2,T2_MEDIUM_V1,station_facilities,GET_STATION_FACILITY,Please tell: kya cmbt station par passenger car parking service available hai? [amenity F5] #2,hi,Latn,CS0,N0,"{""station"": ""cmbt"", ""facility_type"": ""parking"", ""transport_mode"": ""metro""}","{""station_id"": ""METRO_PURATCHI_THALAIVI_DR_J_JAYALALITHAA_CMBT""}",ANSWERABLE_NOW,template_instantiation,TMPL_STATION_FACILITIES_HI_LATN_4
PILOT_T2_TR_000697,,SFAM_STATION_ACCESSIBILITY_006,FAM_STATION_ACCESSIBILITY_006,PARA_STATION_ACCESSIBILITY_5_0,T2_MEDIUM_V1,accessibility,GET_ACCESSIBILITY_INFO,"Excuse me, Are passenger elevator lift provisions available for differently abled passengers at Koyambedu? [a11y F6] #6",en,Latn,CS0,N0,"{""station"": ""Koyambedu"", ""accessibility_feature"": ""lift"", ""transport_mode"": ""metro""}","{""station_id"": ""METRO_KOYAMBEDU""}",ANSWERABLE_NOW,template_instantiation,TMPL_STATION_ACCESSIBILITY_EN_5
PILOT_T2_TR_000698,,SFAM_SERVICE_FREQUENCY_004,FAM_SERVICE_FREQUENCY_004,PARA_SERVICE_FREQUENCY_3_4,T2_MEDIUM_V1,service_timing,GET_SERVICE_FREQUENCY,Alandur से Egmore trains kitni frequency se run karti hain interval F4,hi-en,Deva+Latn,CS4,N0,"{""origin"": ""Alandur"", ""destination"": ""Egmore"", ""timing_type"": ""frequency"", ""transport_mode"": ""metro""}","{""origin_id"": ""METRO_ARIGNAR_ANNA_ALANDUR"", ""destination_id"": ""METRO_EGMORE""}",ANSWERABLE_NOW,template_instantiation,TMPL_SERVICE_FREQUENCY_MIXED_SCRIPT_CS_3
PILOT_T2_TR_000699,,SFAM_REALTIME_STATUS_QUERY_017,FAM_REALTIME_STATUS_QUERY_017,PARA_REALTIME_STATUS_QUERY_16_2,T2_MEDIUM_V1,realtime_status_query,REJECT_UNSUPPORTED_REALTIME,Could you specify Bus 102 ka real time current gps location update kahan pahuncha? [track F17]? #3,hi,Latn,CS0,N0,"{""route_number"": ""102"", ""transport_mode"": ""bus""}","{""route_id"": ""GTFS_ROUTE_16861""}",REQUIRES_REALTIME_DATA,template_instantiation,TMPL_REALTIME_STATUS_QUERY_HI_LATN_16
PILOT_T2_TR_000700,,SFAM_STATION_FACILITIES_014,FAM_STATION_FACILITIES_014,PARA_STATION_FACILITIES_13_1,T2_MEDIUM_V1,station_facilities,GET_STATION_FACILITY,"Excuse me, क्या वॉशरमैनपेट मेट्रो स्टेशन पर बाइक पार्किंग की व्यवस्था उपलब्ध है? (सुविधा F14) #6",hi,Deva,CS0,N0,"{""station"": ""वॉशरमैनपेट"", ""facility_type"": ""two_wheeler_parking"", ""transport_mode"": ""मेट्रो""}","{""station_id"": ""METRO_WASHERMENPET""}",ANSWERABLE_NOW,template_instantiation,TMPL_STATION_FACILITIES_HI_DEVA_13
PILOT_T2_TR_000701,,SFAM_STATION_ACCESSIBILITY_003,FAM_STATION_ACCESSIBILITY_003,PARA_STATION_ACCESSIBILITY_2_3,T2_MEDIUM_V1,accessibility,GET_ACCESSIBILITY_INFO,"Excuse me, Verification of accessible tactile floor paths support at Guindy metro (F3) #6",hi-en,Latn,CS3,N0,"{""station"": ""Guindy"", ""accessibility_feature"": ""tactile_path"", ""transport_mode"": ""metro""}","{""station_id"": ""METRO_GUINDY""}",ANSWERABLE_NOW,template_instantiation,TMPL_STATION_ACCESSIBILITY_HINGLISH_LATN_2
PILOT_T2_TR_000702,,SFAM_NEAREST_TRANSPORT_005,FAM_NEAREST_TRANSPORT_005,PARA_NEAREST_TRANSPORT_4_3,T2_MEDIUM_V1,nearest_transport,FIND_NEAREST_STATION,Quick check: Find closest public transport access point near Maruthi Hospital (F5) #4,hi-en,Latn,CS3,N2,"{""landmark"": ""Maruthi Hospital"", ""transport_mode"": ""public transport""}","{""place_id"": ""OSM_POI_7820652140""}",ANSWERABLE_NOW,template_instantiation,TMPL_NEAREST_TRANSPORT_HINGLISH_LATN_4
PILOT_T2_TR_000703,,SFAM_OUT_OF_SCOPE_017,FAM_OUT_OF_SCOPE_017,PARA_OUT_OF_SCOPE_16_1,T2_MEDIUM_V1,out_of_scope,REJECT_OUT_OF_SCOPE,Please tell: सेंट थॉमस माउंट के निकटतम सबसे अच्छे रेस्टोरेंट और भोजनालय की सूची दें। (बाहर F17) #2,hi,Deva,CS0,N0,"{""station"": ""सेंट थॉमस माउंट""}","{""station_id"": ""METRO_ST__THOMAS_MOUNT""}",OUT_OF_SCOPE,template_instantiation,TMPL_OUT_OF_SCOPE_HI_DEVA_16
PILOT_T2_TR_000704,,SFAM_ROUTE_STOP_SEQUENCE_003,FAM_ROUTE_STOP_SEQUENCE_003,PARA_ROUTE_STOP_SEQUENCE_2_3,T2_MEDIUM_V1,route_stops,LIST_ROUTE_STOPS,Could you specify Full stop order details for bus number 102A please provide (F3)? #3,hi-en,Latn,CS3,N2,"{""route_number"": ""102A"", ""transport_mode"": ""bus""}","{""route_id"": ""GTFS_ROUTE_10248""}",ANSWERABLE_WITH_PROVISIONAL_DATA,template_instantiation,TMPL_ROUTE_STOP_SEQUENCE_HINGLISH_LATN_2
PILOT_T2_TR_000705,,SFAM_FARE_CALCULATION_005,FAM_FARE_CALCULATION_005,PARA_FARE_CALCULATION_4_0,T2_MEDIUM_V1,fare_query,CALCULATE_FARE,"Excuse me, What is the single-journey ticket fare from CMBT to Thousand Lights on metro? [fare F5] #6",en,Latn,CS0,N0,"{""origin"": ""CMBT"", ""destination"": ""Thousand Lights"", ""fare_type"": ""token"", ""transport_mode"": ""metro""}","{""origin_id"": ""METRO_PURATCHI_THALAIVI_DR_J_JAYALALITHAA_CMBT"", ""destination_id"": ""METRO_THOUSAND_LIGHTS""}",ANSWERABLE_NOW,template_instantiation,TMPL_FARE_CALCULATION_EN_4
PILOT_T2_TR_000706,,SFAM_MODE_AVAILABILITY_017,FAM_MODE_AVAILABILITY_017,PARA_MODE_AVAILABILITY_16_3,T2_MEDIUM_V1,service_availability,CHECK_SERVICE_AVAILABILITY,Please tell: Is public transit operational connecting St. Thomas Mount and Tambaram (F17)? #2,hi-en,Latn,CS3,N0,"{""origin"": ""St. Thomas Mount"", ""destination"": ""Tambaram"", ""transport_mode"": ""public transit""}","{""origin_id"": ""METRO_ST__THOMAS_MOUNT"", ""destination_id"": ""BUS_5304399879""}",ANSWERABLE_WITH_PROVISIONAL_DATA,template_instantiation,TMPL_MODE_AVAILABILITY_HINGLISH_LATN_16
PILOT_T2_TR_000707,,SFAM_INTERCHANGE_TRANSFER_015,FAM_INTERCHANGE_TRANSFER_015,PARA_INTERCHANGE_TRANSFER_14_2,T2_MEDIUM_V1,interchange_query,GET_INTERCHANGE_DETAILS,little mount hub par metro line change karke chennai central kaise jaye? [platform F15],hi,Latn,CS0,N0,"{""station"": ""little mount"", ""destination"": ""chennai central"", ""facility_type"": ""interchange""}","{""station_id"": ""METRO_LITTLE_MOUNT"", ""destination_id"": ""METRO_PURATCHI_THALAIVAR_DR__M_G_RAMACHANDRAN_CENTRAL""}",ANSWERABLE_AFTER_MANUAL_VERIFICATION,template_instantiation,TMPL_INTERCHANGE_TRANSFER_HI_LATN_14
PILOT_T2_TR_000708,,SFAM_NEAREST_TRANSPORT_014,FAM_NEAREST_TRANSPORT_014,PARA_NEAREST_TRANSPORT_13_2,T2_MEDIUM_V1,nearest_transport,FIND_NEAREST_STATION,Quick check: maritime institute se closest walking distance metro transit point kaunsa hai? [paas F14] #4,hi,Latn,CS0,N0,"{""landmark"": ""maritime institute"", ""transport_mode"": ""metro""}","{""place_id"": ""OSM_POI_314081186""}",ANSWERABLE_NOW,template_instantiation,TMPL_NEAREST_TRANSPORT_HI_LATN_13
PILOT_T2_TR_000709,,SFAM_MODE_AVAILABILITY_007,FAM_MODE_AVAILABILITY_007,PARA_MODE_AVAILABILITY_6_1,T2_MEDIUM_V1,service_availability,CHECK_SERVICE_AVAILABILITY,Please tell: क्या वडपलनी से तिरुवान्मियूर के लिए कोई सार्वजनिक बस या ट्रेन उपलब्ध है? (उपलब्धता F7) #2,hi,Deva,CS0,N0,"{""origin"": ""वडपलनी"", ""destination"": ""तिरुवान्मियूर"", ""transport_mode"": ""सार्वजनिक बस या ट्रेन""}","{""origin_id"": ""METRO_VADAPALANI"", ""destination_id"": ""BUS_3247310920""}",ANSWERABLE_WITH_PROVISIONAL_DATA,template_instantiation,TMPL_MODE_AVAILABILITY_HI_DEVA_6
PILOT_T2_TR_000710,,SFAM_STATION_FACILITIES_013,FAM_STATION_FACILITIES_013,PARA_STATION_FACILITIES_12_4,T2_MEDIUM_V1,station_facilities,GET_STATION_FACILITY,Please tell: क्या Wimco Nagar Depot station par passengers ke liye car parking accessible hai F13 #2,hi-en,Deva+Latn,CS4,N0,"{""station"": ""Wimco Nagar Depot"", ""facility_type"": ""parking"", ""transport_mode"": ""metro""}","{""station_id"": ""METRO_WIMCO_NAGAR""}",ANSWERABLE_NOW,template_instantiation,TMPL_STATION_FACILITIES_MIXED_SCRIPT_CS_12
PILOT_T2_TR_000711,,SFAM_POINT_TO_POINT_ROUTE_017,FAM_POINT_TO_POINT_ROUTE_017,PARA_POINT_TO_POINT_ROUTE_16_0,T2_MEDIUM_V1,route_query,PLAN_ROUTE,How do I commute from St. Thomas Mount to Alandur by metro? [pattern F17],en,Latn,CS0,N0,"{""origin"": ""St. Thomas Mount"", ""destination"": ""Alandur"", ""transport_mode"": ""metro""}","{""origin_id"": ""METRO_ST__THOMAS_MOUNT"", ""destination_id"": ""METRO_ARIGNAR_ANNA_ALANDUR""}",ANSWERABLE_WITH_PROVISIONAL_DATA,template_instantiation,TMPL_POINT_TO_POINT_ROUTE_EN_16
PILOT_T2_TR_000712,,SFAM_STATION_FACILITIES_016,FAM_STATION_FACILITIES_016,PARA_STATION_FACILITIES_15_3,T2_MEDIUM_V1,station_facilities,GET_STATION_FACILITY,Quick check: Does Saidapet station premises include operational bicycle parking stand (F16)? #4,hi-en,Latn,CS3,N0,"{""station"": ""Saidapet"", ""facility_type"": ""bicycle_stand"", ""transport_mode"": ""metro""}","{""station_id"": ""METRO_SAIDAPET""}",ANSWERABLE_NOW,template_instantiation,TMPL_STATION_FACILITIES_HINGLISH_LATN_15
PILOT_T2_TR_000713,,SFAM_NEAREST_TRANSPORT_020,FAM_NEAREST_TRANSPORT_020,PARA_NEAREST_TRANSPORT_19_0,T2_MEDIUM_V1,nearest_transport,FIND_NEAREST_STATION,Could you specify Which is the nearest metro station or transit stop to Padalam Hospital? [loc F20]? #3,en,Latn,CS0,N0,"{""landmark"": ""Padalam Hospital"", ""transport_mode"": ""metro""}","{""place_id"": ""OSM_POI_7257518724""}",ANSWERABLE_NOW,template_instantiation,TMPL_NEAREST_TRANSPORT_EN_19
PILOT_T2_TR_000714,,SFAM_STATION_ACCESSIBILITY_004,FAM_STATION_ACCESSIBILITY_004,PARA_STATION_ACCESSIBILITY_3_3,T2_MEDIUM_V1,accessibility,GET_ACCESSIBILITY_INFO,"Hello assistant, Verification of accessible escalator stairs support at Alandur metro (F4) #7",hi-en,Latn,CS3,N0,"{""station"": ""Alandur"", ""accessibility_feature"": ""escalator"", ""transport_mode"": ""metro""}","{""station_id"": ""METRO_ARIGNAR_ANNA_ALANDUR""}",ANSWERABLE_NOW,template_instantiation,TMPL_STATION_ACCESSIBILITY_HINGLISH_LATN_3
PILOT_T2_TR_000715,,SFAM_POINT_TO_POINT_ROUTE_011,FAM_POINT_TO_POINT_ROUTE_011,PARA_POINT_TO_POINT_ROUTE_10_4,T2_MEDIUM_V1,route_query,PLAN_ROUTE,Egmore से Nehru Park direct metro connection bataye route plan F11,hi-en,Deva+Latn,CS4,N0,"{""origin"": ""Egmore"", ""destination"": ""Nehru Park"", ""transport_mode"": ""metro""}","{""origin_id"": ""METRO_EGMORE"", ""destination_id"": ""METRO_NEHRU_PARK""}",ANSWERABLE_WITH_PROVISIONAL_DATA,template_instantiation,TMPL_POINT_TO_POINT_ROUTE_MIXED_SCRIPT_CS_10
PILOT_T2_TR_000716,,SFAM_INTERCHANGE_TRANSFER_009,FAM_INTERCHANGE_TRANSFER_009,PARA_INTERCHANGE_TRANSFER_8_2,T2_MEDIUM_V1,interchange_query,GET_INTERCHANGE_DETAILS,Please tell: thirumangalam hub par metro line change karke saidapet kaise jaye? [platform F9] #2,hi,Latn,CS0,N1,"{""station"": ""thirumangalam"", ""destination"": ""saidapet"", ""facility_type"": ""interchange""}","{""station_id"": ""METRO_THIRUMANGALAM"", ""destination_id"": ""METRO_SAIDAPET""}",ANSWERABLE_AFTER_MANUAL_VERIFICATION,template_instantiation,TMPL_INTERCHANGE_TRANSFER_HI_LATN_8
PILOT_T2_TR_000717,,SFAM_INTERCHANGE_TRANSFER_015,FAM_INTERCHANGE_TRANSFER_015,PARA_INTERCHANGE_TRANSFER_14_1,T2_MEDIUM_V1,interchange_query,GET_INTERCHANGE_DETAILS,Could you specify लिटिल माउंट इंटरचेंज पर दूसरी लाइन में ट्रांसफर करने का मार्ग क्या है? (बदलाव F15)? #3,hi,Deva,CS0,N0,"{""station"": ""लिटिल माउंट"", ""facility_type"": ""इंटरचेंज""}","{""station_id"": ""METRO_LITTLE_MOUNT""}",ANSWERABLE_AFTER_MANUAL_VERIFICATION,template_instantiation,TMPL_INTERCHANGE_TRANSFER_HI_DEVA_14
PILOT_T2_TR_000718,,SFAM_FARE_CALCULATION_004,FAM_FARE_CALCULATION_004,PARA_FARE_CALCULATION_3_1,T2_MEDIUM_V1,fare_query,CALCULATE_FARE,Could you specify आलंदूर से एग्मोर तक का मेट्रो का टोकन किराया कितना रुपया है? (किराया F4)? #3,hi,Deva,CS0,N0,"{""origin"": ""आलंदूर"", ""destination"": ""एग्मोर"", ""fare_type"": ""टोकन"", ""transport_mode"": ""मेट्रो""}","{""origin_id"": ""METRO_ARIGNAR_ANNA_ALANDUR"", ""destination_id"": ""METRO_EGMORE""}",ANSWERABLE_NOW,template_instantiation,TMPL_FARE_CALCULATION_HI_DEVA_3
PILOT_T2_TR_000719,,SFAM_STATION_FACILITIES_017,FAM_STATION_FACILITIES_017,PARA_STATION_FACILITIES_16_1,T2_MEDIUM_V1,station_facilities,GET_STATION_FACILITY,क्या सेंट थॉमस माउंट मेट्रो स्टेशन पर कार पार्किंग की व्यवस्था उपलब्ध है? (सुविधा F17),hi,Deva,CS0,N1,"{""station"": ""सेंट थॉमस माउंट"", ""facility_type"": ""parking"", ""transport_mode"": ""मेट्रो""}","{""station_id"": ""METRO_ST__THOMAS_MOUNT""}",ANSWERABLE_NOW,template_instantiation,TMPL_STATION_FACILITIES_HI_DEVA_16
PILOT_T2_TR_000720,,SFAM_NEAREST_TRANSPORT_014,FAM_NEAREST_TRANSPORT_014,PARA_NEAREST_TRANSPORT_13_1,T2_MEDIUM_V1,nearest_transport,FIND_NEAREST_STATION,"Excuse me, मैरीटाइम संस्थान के सबसे निकटतम मेट्रो स्टेशन या बस स्टॉप कौन सा है? (निकट F14) #6",hi,Deva,CS0,N0,"{""landmark"": ""मैरीटाइम संस्थान"", ""transport_mode"": ""मेट्रो या बस""}","{""place_id"": ""OSM_POI_314081186""}",ANSWERABLE_NOW,template_instantiation,TMPL_NEAREST_TRANSPORT_HI_DEVA_13
PILOT_T2_TR_000721,,SFAM_OUT_OF_SCOPE_018,FAM_OUT_OF_SCOPE_018,PARA_OUT_OF_SCOPE_17_2,T2_MEDIUM_V1,out_of_scope,REJECT_OUT_OF_SCOPE,Could you specify nehru park airport terminal ke flight delay timings check kijiye. [bahar F18]? #3,hi,Latn,CS0,N0,"{""station"": ""nehru park""}","{""station_id"": ""METRO_NEHRU_PARK""}",OUT_OF_SCOPE,template_instantiation,TMPL_OUT_OF_SCOPE_HI_LATN_17
PILOT_T2_TR_000722,,SFAM_REALTIME_STATUS_QUERY_020,FAM_REALTIME_STATUS_QUERY_020,PARA_REALTIME_STATUS_QUERY_19_1,T2_MEDIUM_V1,realtime_status_query,REJECT_UNSUPPORTED_REALTIME,"Excuse me, क्या पचैयप्पा कॉलेज से आने वाली ट्रेन अभी लेट चल रही है लाइव स्थिति बताएं? (ताज़ा F20) #6",hi,Deva,CS0,N0,"{""origin"": ""पचैयप्पा कॉलेज"", ""transport_mode"": ""ट्रेन""}","{""origin_id"": ""METRO_PACHAIYAPPA_S_COLLEGE""}",REQUIRES_REALTIME_DATA,template_instantiation,TMPL_REALTIME_STATUS_QUERY_HI_DEVA_19
PILOT_T2_TR_000723,,SFAM_NEAREST_TRANSPORT_003,FAM_NEAREST_TRANSPORT_003,PARA_NEAREST_TRANSPORT_2_3,T2_MEDIUM_V1,nearest_transport,FIND_NEAREST_STATION,Quick check: Find closest public transport access point near Great Lakes Institute (F3) #4,hi-en,Latn,CS3,N2,"{""landmark"": ""Great Lakes Institute"", ""transport_mode"": ""public transport""}","{""place_id"": ""OSM_POI_577328882""}",ANSWERABLE_NOW,template_instantiation,TMPL_NEAREST_TRANSPORT_HINGLISH_LATN_2
PILOT_T2_TR_000724,,SFAM_ROUTE_STOP_MEMBERSHIP_010,FAM_ROUTE_STOP_MEMBERSHIP_010,PARA_ROUTE_STOP_MEMBERSHIP_9_2,T2_MEDIUM_V1,route_stops,CHECK_STOP_ON_ROUTE,kya bus 12G ka karunguzhi par stoppage hai confirm kare? [check F10],hi,Latn,CS0,N1,"{""route_number"": ""12G"", ""stop"": ""karunguzhi"", ""transport_mode"": ""bus""}","{""route_id"": ""GTFS_ROUTE_18750"", ""stop_id"": ""BUS_5274698920""}",ANSWERABLE_WITH_PROVISIONAL_DATA,template_instantiation,TMPL_ROUTE_STOP_MEMBERSHIP_HI_LATN_9
PILOT_T2_TR_000725,,SFAM_FARE_CALCULATION_015,FAM_FARE_CALCULATION_015,PARA_FARE_CALCULATION_14_4,T2_MEDIUM_V1,fare_query,CALCULATE_FARE,Please tell: Little Mount से Chennai Central metro travel ka discounted smart card fare kya hai F15 #2,hi-en,Deva+Latn,CS4,N0,"{""origin"": ""Little Mount"", ""destination"": ""Chennai Central"", ""ticket_type"": ""smart_card"", ""transport_mode"": ""metro""}","{""origin_id"": ""METRO_LITTLE_MOUNT"", ""destination_id"": ""METRO_PURATCHI_THALAIVAR_DR__M_G_RAMACHANDRAN_CENTRAL""}",ANSWERABLE_NOW,template_instantiation,TMPL_FARE_CALCULATION_MIXED_SCRIPT_CS_14
PILOT_T2_TR_000726,,SFAM_REALTIME_STATUS_QUERY_017,FAM_REALTIME_STATUS_QUERY_017,PARA_REALTIME_STATUS_QUERY_16_1,T2_MEDIUM_V1,realtime_status_query,REJECT_UNSUPPORTED_REALTIME,"Excuse me, क्या सेंट थॉमस माउंट से आने वाली ट्रेन अभी लेट चल रही है लाइव स्थिति बताएं? (ताज़ा F17) #6",hi,Deva,CS0,N0,"{""origin"": ""सेंट थॉमस माउंट"", ""transport_mode"": ""ट्रेन""}","{""origin_id"": ""METRO_ST__THOMAS_MOUNT""}",REQUIRES_REALTIME_DATA,template_instantiation,TMPL_REALTIME_STATUS_QUERY_HI_DEVA_16
PILOT_T2_TR_000727,,SFAM_INTERCHANGE_TRANSFER_008,FAM_INTERCHANGE_TRANSFER_008,PARA_INTERCHANGE_TRANSFER_7_2,T2_MEDIUM_V1,interchange_query,GET_INTERCHANGE_DETAILS,Quick check: high court hub par metro line change karke little mount kaise jaye? [platform F8] #4,hi,Latn,CS0,N0,"{""station"": ""high court"", ""destination"": ""little mount"", ""facility_type"": ""interchange""}","{""station_id"": ""METRO_HIGHCOURT"", ""destination_id"": ""METRO_LITTLE_MOUNT""}",ANSWERABLE_AFTER_MANUAL_VERIFICATION,template_instantiation,TMPL_INTERCHANGE_TRANSFER_HI_LATN_7
PILOT_T2_TR_000728,,SFAM_TICKETING_AND_PASSES_012,FAM_TICKETING_AND_PASSES_012,PARA_TICKETING_AND_PASSES_11_1,T2_MEDIUM_V1,ticketing_rules,GET_TICKETING_POLICY,Transit query: यात्रियों के लिए एनसीएमसी कार्ड प्राप्त करने के नियम और प्रक्रिया क्या हैं? (पास F12) #5,hi,Deva,CS0,N2,"{""ticket_type"": ""ncmc_card"", ""transport_mode"": ""पारगमन""}",{},ANSWERABLE_NOW,template_instantiation,TMPL_TICKETING_AND_PASSES_HI_DEVA_11
PILOT_T2_TR_000729,,SFAM_REALTIME_STATUS_QUERY_012,FAM_REALTIME_STATUS_QUERY_012,PARA_REALTIME_STATUS_QUERY_11_1,T2_MEDIUM_V1,realtime_status_query,REJECT_UNSUPPORTED_REALTIME,Could you specify क्या थाउजेंड लाइट्स से आने वाली ट्रेन अभी लेट चल रही है लाइव स्थिति बताएं? (ताज़ा F12)? #3,hi,Deva,CS0,N0,"{""origin"": ""थाउजेंड लाइट्स"", ""transport_mode"": ""ट्रेन""}","{""origin_id"": ""METRO_THOUSAND_LIGHTS""}",REQUIRES_REALTIME_DATA,template_instantiation,TMPL_REALTIME_STATUS_QUERY_HI_DEVA_11
PILOT_T2_TR_000730,,SFAM_FIRST_AND_LAST_SERVICE_005,FAM_FIRST_AND_LAST_SERVICE_005,PARA_FIRST_AND_LAST_SERVICE_4_3,T2_MEDIUM_V1,service_timing,GET_FIRST_LAST_SERVICE,First train and last train operational hours between CMBT and Thousand Lights (F5),hi-en,Latn,CS3,N1,"{""origin"": ""CMBT"", ""destination"": ""Thousand Lights"", ""timing_type"": ""first_last"", ""transport_mode"": ""train""}","{""origin_id"": ""METRO_PURATCHI_THALAIVI_DR_J_JAYALALITHAA_CMBT"", ""destination_id"": ""METRO_THOUSAND_LIGHTS""}",ANSWERABLE_NOW,template_instantiation,TMPL_FIRST_AND_LAST_SERVICE_HINGLISH_LATN_4
PILOT_T2_TR_000731,,SFAM_STATION_ACCESSIBILITY_005,FAM_STATION_ACCESSIBILITY_005,PARA_STATION_ACCESSIBILITY_4_2,T2_MEDIUM_V1,accessibility,GET_ACCESSIBILITY_INFO,Please tell: kya cmbt metro station me wheelchair disabled ke liye wheelchair accessibility hai? [barrier-free F5] #2,hi,Latn,CS0,N0,"{""station"": ""cmbt"", ""accessibility_feature"": ""wheelchair"", ""transport_mode"": ""metro""}","{""station_id"": ""METRO_PURATCHI_THALAIVI_DR_J_JAYALALITHAA_CMBT""}",ANSWERABLE_NOW,template_instantiation,TMPL_STATION_ACCESSIBILITY_HI_LATN_4
PILOT_T2_TR_000732,,SFAM_NEAREST_TRANSPORT_003,FAM_NEAREST_TRANSPORT_003,PARA_NEAREST_TRANSPORT_2_0,T2_MEDIUM_V1,nearest_transport,FIND_NEAREST_STATION,"Hello assistant, Which is the nearest metro station or transit stop to Great Lakes Institute? [loc F3] #7",en,Latn,CS0,N1,"{""landmark"": ""Great Lakes Institute"", ""transport_mode"": ""metro""}","{""place_id"": ""OSM_POI_577328882""}",ANSWERABLE_NOW,template_instantiation,TMPL_NEAREST_TRANSPORT_EN_2
PILOT_T2_TR_000733,,SFAM_REALTIME_STATUS_QUERY_013,FAM_REALTIME_STATUS_QUERY_013,PARA_REALTIME_STATUS_QUERY_12_0,T2_MEDIUM_V1,realtime_status_query,REJECT_UNSUPPORTED_REALTIME,Quick check: Where is bus 15 CT8 right now and what is its live location? [live F13] #4,en,Latn,CS0,N0,"{""route_number"": ""15 CT8"", ""transport_mode"": ""bus""}","{""route_id"": ""GTFS_ROUTE_20494""}",REQUIRES_REALTIME_DATA,template_instantiation,TMPL_REALTIME_STATUS_QUERY_EN_12
PILOT_T2_TR_000734,,SFAM_ROUTE_STOP_MEMBERSHIP_007,FAM_ROUTE_STOP_MEMBERSHIP_007,PARA_ROUTE_STOP_MEMBERSHIP_6_0,T2_MEDIUM_V1,route_stops,CHECK_STOP_ON_ROUTE,Could you specify Does bus route 19B make a scheduled halt at Thiruvanmiyur? [chk F7]? #3,en,Latn,CS0,N0,"{""route_number"": ""19B"", ""stop"": ""Thiruvanmiyur"", ""transport_mode"": ""bus""}","{""route_id"": ""GTFS_ROUTE_10696"", ""stop_id"": ""BUS_3247310920""}",ANSWERABLE_WITH_PROVISIONAL_DATA,template_instantiation,TMPL_ROUTE_STOP_MEMBERSHIP_EN_6
PILOT_T2_TR_000735,,SFAM_NEAREST_TRANSPORT_009,FAM_NEAREST_TRANSPORT_009,PARA_NEAREST_TRANSPORT_8_2,T2_MEDIUM_V1,nearest_transport,FIND_NEAREST_STATION,Please tell: karpaga institute se closest walking distance metro transit point kaunsa hai? [paas F9] #2,hi,Latn,CS0,N1,"{""landmark"": ""karpaga institute"", ""transport_mode"": ""metro""}","{""place_id"": ""OSM_POI_3082849503""}",ANSWERABLE_NOW,template_instantiation,TMPL_NEAREST_TRANSPORT_HI_LATN_8
PILOT_T2_TR_000736,,SFAM_STATION_ACCESSIBILITY_020,FAM_STATION_ACCESSIBILITY_020,PARA_STATION_ACCESSIBILITY_19_3,T2_MEDIUM_V1,accessibility,GET_ACCESSIBILITY_INFO,Verification of accessible escalator stairs support at Pachaiyappa College metro (F20),hi-en,Latn,CS3,N0,"{""station"": ""Pachaiyappa College"", ""accessibility_feature"": ""escalator"", ""transport_mode"": ""metro""}","{""station_id"": ""METRO_PACHAIYAPPA_S_COLLEGE""}",ANSWERABLE_NOW,template_instantiation,TMPL_STATION_ACCESSIBILITY_HINGLISH_LATN_19
PILOT_T2_TR_000737,,SFAM_SCHEDULED_DEPARTURE_011,FAM_SCHEDULED_DEPARTURE_011,PARA_SCHEDULED_DEPARTURE_10_1,T2_MEDIUM_V1,service_timing,GET_SCHEDULED_DEPARTURES,Please tell: एग्मोर से सुबह 8 बजे छूटने वाली गाड़ियों की समय सारणी दिखाएं। (समय F11) #2,hi,Deva,CS0,N0,"{""origin"": ""एग्मोर"", ""time"": ""सुबह 8 बजे"", ""resolved_time"": ""08:00:00""}","{""origin_id"": ""METRO_EGMORE""}",ANSWERABLE_NOW,template_instantiation,TMPL_SCHEDULED_DEPARTURE_HI_DEVA_10
PILOT_T2_TR_000738,,SFAM_TICKETING_AND_PASSES_007,FAM_TICKETING_AND_PASSES_007,PARA_TICKETING_AND_PASSES_6_1,T2_MEDIUM_V1,ticketing_rules,GET_TICKETING_POLICY,Transit query: यात्रियों के लिए मासिक पास प्राप्त करने के नियम और प्रक्रिया क्या हैं? (पास F7) #5,hi,Deva,CS0,N2,"{""ticket_type"": ""monthly_pass"", ""transport_mode"": ""पारगमन""}",{},ANSWERABLE_NOW,template_instantiation,TMPL_TICKETING_AND_PASSES_HI_DEVA_6
PILOT_T2_TR_000739,,SFAM_MULTIMODAL_ROUTE_017,FAM_MULTIMODAL_ROUTE_017,PARA_MULTIMODAL_ROUTE_16_1,T2_MEDIUM_V1,route_query,PLAN_MULTIMODAL_ROUTE,Please tell: तांबरम से आलंदूर बस और मेट्रो मिलाकर सबसे तेज़ मार्ग कौन सा है? (योजना F17) #2,hi,Deva,CS0,N0,"{""origin"": ""तांबरम"", ""destination"": ""आलंदूर"", ""transport_mode"": ""बस और मेट्रो""}","{""origin_id"": ""BUS_5304399879"", ""destination_id"": ""METRO_ARIGNAR_ANNA_ALANDUR""}",ANSWERABLE_WITH_PROVISIONAL_DATA,template_instantiation,TMPL_MULTIMODAL_ROUTE_HI_DEVA_16
PILOT_T2_TR_000740,,SFAM_OUT_OF_SCOPE_020,FAM_OUT_OF_SCOPE_020,PARA_OUT_OF_SCOPE_19_3,T2_MEDIUM_V1,out_of_scope,REJECT_OUT_OF_SCOPE,Transit query: What is the general weather rain forecast in Chennai near Padalam Hospital today (F20)? #5,hi-en,Latn,CS3,N0,"{""landmark"": ""Padalam Hospital""}","{""place_id"": ""OSM_POI_7257518724""}",OUT_OF_SCOPE,template_instantiation,TMPL_OUT_OF_SCOPE_HINGLISH_LATN_19
PILOT_T2_TR_000741,,SFAM_ROUTE_STOP_MEMBERSHIP_001,FAM_ROUTE_STOP_MEMBERSHIP_001,PARA_ROUTE_STOP_MEMBERSHIP_0_3,T2_MEDIUM_V1,route_stops,CHECK_STOP_ON_ROUTE,Could you specify Verify if Tambaram bus stop is covered by route 21G (F1)? #3,hi-en,Latn,CS3,N0,"{""route_number"": ""21G"", ""stop"": ""Tambaram"", ""transport_mode"": ""bus""}","{""route_id"": ""GTFS_ROUTE_8458"", ""stop_id"": ""BUS_5304399879""}",ANSWERABLE_WITH_PROVISIONAL_DATA,template_instantiation,TMPL_ROUTE_STOP_MEMBERSHIP_HINGLISH_LATN_0
PILOT_T2_TR_000742,,SFAM_NEAREST_TRANSPORT_005,FAM_NEAREST_TRANSPORT_005,PARA_NEAREST_TRANSPORT_4_0,T2_MEDIUM_V1,nearest_transport,FIND_NEAREST_STATION,Which is the nearest metro station or transit stop to Maruthi Hospital? [loc F5],en,Latn,CS0,N0,"{""landmark"": ""Maruthi Hospital"", ""transport_mode"": ""metro""}","{""place_id"": ""OSM_POI_7820652140""}",ANSWERABLE_NOW,template_instantiation,TMPL_NEAREST_TRANSPORT_EN_4
PILOT_T2_TR_000743,,SFAM_REALTIME_STATUS_QUERY_001,FAM_REALTIME_STATUS_QUERY_001,PARA_REALTIME_STATUS_QUERY_0_1,T2_MEDIUM_V1,realtime_status_query,REJECT_UNSUPPORTED_REALTIME,Quick check: क्या एयरपोर्ट से आने वाली ट्रेन अभी लेट चल रही है लाइव स्थिति बताएं? (ताज़ा F1) #4,hi,Deva,CS0,N2,"{""origin"": ""एयरपोर्ट"", ""transport_mode"": ""ट्रेन""}","{""origin_id"": ""METRO_CHENNAI_INTERNATIONAL_AIRPORT""}",REQUIRES_REALTIME_DATA,template_instantiation,TMPL_REALTIME_STATUS_QUERY_HI_DEVA_0
PILOT_T2_TR_000744,,SFAM_MULTIMODAL_ROUTE_013,FAM_MULTIMODAL_ROUTE_013,PARA_MULTIMODAL_ROUTE_12_0,T2_MEDIUM_V1,route_query,PLAN_MULTIMODAL_ROUTE,What is the combined bus and metro route from Nelvoy to Pachaiyappa College? [plan F13],en,Latn,CS0,N0,"{""origin"": ""Nelvoy"", ""destination"": ""Pachaiyappa College"", ""transport_mode"": ""multimodal""}","{""origin_id"": ""BUS_469106564"", ""destination_id"": ""METRO_PACHAIYAPPA_S_COLLEGE""}",ANSWERABLE_WITH_PROVISIONAL_DATA,template_instantiation,TMPL_MULTIMODAL_ROUTE_EN_12
PILOT_T2_TR_000745,,SFAM_SERVICE_FREQUENCY_018,FAM_SERVICE_FREQUENCY_018,PARA_SERVICE_FREQUENCY_17_2,T2_MEDIUM_V1,service_timing,GET_SERVICE_FREQUENCY,nehru park to cmbt metro service ka regular interval headway kya hai? [interval F18],hi,Latn,CS0,N0,"{""origin"": ""nehru park"", ""destination"": ""cmbt"", ""timing_type"": ""frequency"", ""transport_mode"": ""metro""}","{""origin_id"": ""METRO_NEHRU_PARK"", ""destination_id"": ""METRO_PURATCHI_THALAIVI_DR_J_JAYALALITHAA_CMBT""}",ANSWERABLE_NOW,template_instantiation,TMPL_SERVICE_FREQUENCY_HI_LATN_17
PILOT_T2_TR_000746,,SFAM_NEAREST_TRANSPORT_007,FAM_NEAREST_TRANSPORT_007,PARA_NEAREST_TRANSPORT_6_1,T2_MEDIUM_V1,nearest_transport,FIND_NEAREST_STATION,Please tell: मातृ शिशु अस्पताल के सबसे निकटतम मेट्रो स्टेशन या बस स्टॉप कौन सा है? (निकट F7) #2,hi,Deva,CS0,N0,"{""landmark"": ""मातृ शिशु अस्पताल"", ""transport_mode"": ""मेट्रो या बस""}","{""place_id"": ""OSM_POI_7257518731""}",ANSWERABLE_NOW,template_instantiation,TMPL_NEAREST_TRANSPORT_HI_DEVA_6
PILOT_T2_TR_000747,,SFAM_OUT_OF_SCOPE_014,FAM_OUT_OF_SCOPE_014,PARA_OUT_OF_SCOPE_13_1,T2_MEDIUM_V1,out_of_scope,REJECT_OUT_OF_SCOPE,Please tell: वॉशरमैनपेट के निकटतम सबसे अच्छे रेस्टोरेंट और भोजनालय की सूची दें। (बाहर F14) #2,hi,Deva,CS0,N0,"{""station"": ""वॉशरमैनपेट""}","{""station_id"": ""METRO_WASHERMENPET""}",OUT_OF_SCOPE,template_instantiation,TMPL_OUT_OF_SCOPE_HI_DEVA_13
PILOT_T2_TR_000748,,SFAM_REALTIME_STATUS_QUERY_016,FAM_REALTIME_STATUS_QUERY_016,PARA_REALTIME_STATUS_QUERY_15_4,T2_MEDIUM_V1,realtime_status_query,REJECT_UNSUPPORTED_REALTIME,Saidapet se metro live delay status aur real time position tracking F16,hi-en,Deva+Latn,CS4,N2,"{""origin"": ""Saidapet"", ""transport_mode"": ""metro""}","{""origin_id"": ""METRO_SAIDAPET""}",REQUIRES_REALTIME_DATA,template_instantiation,TMPL_REALTIME_STATUS_QUERY_MIXED_SCRIPT_CS_15
PILOT_T2_TR_000749,,SFAM_INTERCHANGE_TRANSFER_014,FAM_INTERCHANGE_TRANSFER_014,PARA_INTERCHANGE_TRANSFER_13_0,T2_MEDIUM_V1,interchange_query,GET_INTERCHANGE_DETAILS,"Excuse me, How do I switch lines to connect towards Airport at Washermenpet interchange? [xfer F14] #6",en,Latn,CS0,N0,"{""station"": ""Washermenpet"", ""destination"": ""Airport"", ""facility_type"": ""interchange""}","{""station_id"": ""METRO_WASHERMENPET"", ""destination_id"": ""METRO_CHENNAI_INTERNATIONAL_AIRPORT""}",ANSWERABLE_AFTER_MANUAL_VERIFICATION,template_instantiation,TMPL_INTERCHANGE_TRANSFER_EN_13
PILOT_T2_TR_000750,,SFAM_NEAREST_TRANSPORT_003,FAM_NEAREST_TRANSPORT_003,PARA_NEAREST_TRANSPORT_2_0,T2_MEDIUM_V1,nearest_transport,FIND_NEAREST_STATION,Please tell: Which is the nearest metro station or transit stop to Great Lakes Institute? [loc F3] #2,en,Latn,CS0,N0,"{""landmark"": ""Great Lakes Institute"", ""transport_mode"": ""metro""}","{""place_id"": ""OSM_POI_577328882""}",ANSWERABLE_NOW,template_instantiation,TMPL_NEAREST_TRANSPORT_EN_2
PILOT_T2_TR_000751,,SFAM_SERVICE_FREQUENCY_008,FAM_SERVICE_FREQUENCY_008,PARA_SERVICE_FREQUENCY_7_3,T2_MEDIUM_V1,service_timing,GET_SERVICE_FREQUENCY,Peak hour frequency and normal headway between High Court and Little Mount (F8),hi-en,Latn,CS3,N0,"{""origin"": ""High Court"", ""destination"": ""Little Mount"", ""timing_type"": ""frequency"", ""transport_mode"": ""metro""}","{""origin_id"": ""METRO_HIGHCOURT"", ""destination_id"": ""METRO_LITTLE_MOUNT""}",ANSWERABLE_NOW,template_instantiation,TMPL_SERVICE_FREQUENCY_HINGLISH_LATN_7
PILOT_T2_TR_000752,,SFAM_INTERCHANGE_TRANSFER_007,FAM_INTERCHANGE_TRANSFER_007,PARA_INTERCHANGE_TRANSFER_6_2,T2_MEDIUM_V1,interchange_query,GET_INTERCHANGE_DETAILS,Please tell: vadapalani hub par metro line change karke washermenpet kaise jaye? [platform F7] #2,hi,Latn,CS0,N1,"{""station"": ""vadapalani"", ""destination"": ""washermenpet"", ""facility_type"": ""interchange""}","{""station_id"": ""METRO_VADAPALANI"", ""destination_id"": ""METRO_WASHERMENPET""}",ANSWERABLE_AFTER_MANUAL_VERIFICATION,template_instantiation,TMPL_INTERCHANGE_TRANSFER_HI_LATN_6
PILOT_T2_TR_000753,,SFAM_FARE_CALCULATION_008,FAM_FARE_CALCULATION_008,PARA_FARE_CALCULATION_7_4,T2_MEDIUM_V1,fare_query,CALCULATE_FARE,High Court से Little Mount metro travel ka discounted smart card fare kya hai F8,hi-en,Deva+Latn,CS4,N0,"{""origin"": ""High Court"", ""destination"": ""Little Mount"", ""ticket_type"": ""smart_card"", ""transport_mode"": ""metro""}","{""origin_id"": ""METRO_HIGHCOURT"", ""destination_id"": ""METRO_LITTLE_MOUNT""}",ANSWERABLE_NOW,template_instantiation,TMPL_FARE_CALCULATION_MIXED_SCRIPT_CS_7
PILOT_T2_TR_000754,,SFAM_MODE_AVAILABILITY_004,FAM_MODE_AVAILABILITY_004,PARA_MODE_AVAILABILITY_3_0,T2_MEDIUM_V1,service_availability,CHECK_SERVICE_AVAILABILITY,Quick check: Are there direct public transport options from Alandur to Velachery? [avail F4] #4,en,Latn,CS0,N0,"{""origin"": ""Alandur"", ""destination"": ""Velachery"", ""transport_mode"": ""any""}","{""origin_id"": ""METRO_ARIGNAR_ANNA_ALANDUR"", ""destination_id"": ""BUS_1764308008""}",ANSWERABLE_WITH_PROVISIONAL_DATA,template_instantiation,TMPL_MODE_AVAILABILITY_EN_3
PILOT_T2_TR_000755,,SFAM_NEAREST_TRANSPORT_020,FAM_NEAREST_TRANSPORT_020,PARA_NEAREST_TRANSPORT_19_1,T2_MEDIUM_V1,nearest_transport,FIND_NEAREST_STATION,Could you specify पडलम अस्पताल के सबसे निकटतम मेट्रो स्टेशन या बस स्टॉप कौन सा है? (निकट F20)? #3,hi,Deva,CS0,N0,"{""landmark"": ""पडलम अस्पताल"", ""transport_mode"": ""मेट्रो या बस""}","{""place_id"": ""OSM_POI_7257518724""}",ANSWERABLE_NOW,template_instantiation,TMPL_NEAREST_TRANSPORT_HI_DEVA_19
PILOT_T2_TR_000756,,SFAM_NEAREST_TRANSPORT_010,FAM_NEAREST_TRANSPORT_010,PARA_NEAREST_TRANSPORT_9_0,T2_MEDIUM_V1,nearest_transport,FIND_NEAREST_STATION,Please tell: Which is the nearest metro station or transit stop to Padalam Hospital? [loc F10] #2,en,Latn,CS0,N0,"{""landmark"": ""Padalam Hospital"", ""transport_mode"": ""metro""}","{""place_id"": ""OSM_POI_7257518724""}",ANSWERABLE_NOW,template_instantiation,TMPL_NEAREST_TRANSPORT_EN_9
PILOT_T2_TR_000757,,SFAM_STATION_ACCESSIBILITY_003,FAM_STATION_ACCESSIBILITY_003,PARA_STATION_ACCESSIBILITY_2_4,T2_MEDIUM_V1,accessibility,GET_ACCESSIBILITY_INFO,Guindy station par handicapped passengers ke liye tactile floor paths support status F3,hi-en,Deva+Latn,CS4,N0,"{""station"": ""Guindy"", ""accessibility_feature"": ""tactile_path"", ""transport_mode"": ""metro""}","{""station_id"": ""METRO_GUINDY""}",ANSWERABLE_NOW,template_instantiation,TMPL_STATION_ACCESSIBILITY_MIXED_SCRIPT_CS_2
PILOT_T2_TR_000758,,SFAM_STATION_ACCESSIBILITY_002,FAM_STATION_ACCESSIBILITY_002,PARA_STATION_ACCESSIBILITY_1_2,T2_MEDIUM_V1,accessibility,GET_ACCESSIBILITY_INFO,Quick check: kya chennai central metro station me wheelchair disabled ke liye passenger lift hai? [barrier-free F2] #4,hi,Latn,CS0,N0,"{""station"": ""chennai central"", ""accessibility_feature"": ""lift"", ""transport_mode"": ""metro""}","{""station_id"": ""METRO_PURATCHI_THALAIVAR_DR__M_G_RAMACHANDRAN_CENTRAL""}",ANSWERABLE_NOW,template_instantiation,TMPL_STATION_ACCESSIBILITY_HI_LATN_1
PILOT_T2_TR_000759,,SFAM_NEAREST_TRANSPORT_017,FAM_NEAREST_TRANSPORT_017,PARA_NEAREST_TRANSPORT_16_0,T2_MEDIUM_V1,nearest_transport,FIND_NEAREST_STATION,"Excuse me, Which is the nearest metro station or transit stop to Mother Child Hospital? [loc F17] #6",en,Latn,CS0,N0,"{""landmark"": ""Mother Child Hospital"", ""transport_mode"": ""metro""}","{""place_id"": ""OSM_POI_7257518731""}",ANSWERABLE_NOW,template_instantiation,TMPL_NEAREST_TRANSPORT_EN_16
PILOT_T2_TR_000760,,SFAM_INTERCHANGE_TRANSFER_012,FAM_INTERCHANGE_TRANSFER_012,PARA_INTERCHANGE_TRANSFER_11_1,T2_MEDIUM_V1,interchange_query,GET_INTERCHANGE_DETAILS,थाउजेंड लाइट्स इंटरचेंज पर दूसरी लाइन में ट्रांसफर करने का मार्ग क्या है? (बदलाव F12),hi,Deva,CS0,N1,"{""station"": ""थाउजेंड लाइट्स"", ""facility_type"": ""इंटरचेंज""}","{""station_id"": ""METRO_THOUSAND_LIGHTS""}",ANSWERABLE_AFTER_MANUAL_VERIFICATION,template_instantiation,TMPL_INTERCHANGE_TRANSFER_HI_DEVA_11
PILOT_T2_TR_000761,,SFAM_STATION_FACILITIES_002,FAM_STATION_FACILITIES_002,PARA_STATION_FACILITIES_1_2,T2_MEDIUM_V1,station_facilities,GET_STATION_FACILITY,Please tell: kya chennai central station par passenger bike parking service available hai? [amenity F2] #2,hi,Latn,CS0,N0,"{""station"": ""chennai central"", ""facility_type"": ""two_wheeler_parking"", ""transport_mode"": ""metro""}","{""station_id"": ""METRO_PURATCHI_THALAIVAR_DR__M_G_RAMACHANDRAN_CENTRAL""}",ANSWERABLE_NOW,template_instantiation,TMPL_STATION_FACILITIES_HI_LATN_1
PILOT_T2_TR_000762,,SFAM_TICKETING_AND_PASSES_017,FAM_TICKETING_AND_PASSES_017,PARA_TICKETING_AND_PASSES_16_0,T2_MEDIUM_V1,ticketing_rules,GET_TICKETING_POLICY,What are the rules and procedure to purchase a Student Concession Card for commuters? [pass F17],en,Latn,CS0,N0,"{""ticket_type"": ""student_pass"", ""transport_mode"": ""transit""}",{},ANSWERABLE_NOW,template_instantiation,TMPL_TICKETING_AND_PASSES_EN_16
PILOT_T2_TR_000763,,SFAM_STATION_ACCESSIBILITY_010,FAM_STATION_ACCESSIBILITY_010,PARA_STATION_ACCESSIBILITY_9_0,T2_MEDIUM_V1,accessibility,GET_ACCESSIBILITY_INFO,"Excuse me, Are passenger elevator lift provisions available for differently abled passengers at Anna Nagar Tower? [a11y F10] #6",en,Latn,CS0,N0,"{""station"": ""Anna Nagar Tower"", ""accessibility_feature"": ""lift"", ""transport_mode"": ""metro""}","{""station_id"": ""METRO_ANNA_NAGAR_TOWER""}",ANSWERABLE_NOW,template_instantiation,TMPL_STATION_ACCESSIBILITY_EN_9
PILOT_T2_TR_000764,,SFAM_STATION_FACILITIES_013,FAM_STATION_FACILITIES_013,PARA_STATION_FACILITIES_12_2,T2_MEDIUM_V1,station_facilities,GET_STATION_FACILITY,Please tell: kya wimco nagar depot station par passenger car parking service available hai? [amenity F13] #2,hi,Latn,CS0,N1,"{""station"": ""wimco nagar depot"", ""facility_type"": ""parking"", ""transport_mode"": ""metro""}","{""station_id"": ""METRO_WIMCO_NAGAR""}",ANSWERABLE_NOW,template_instantiation,TMPL_STATION_FACILITIES_HI_LATN_12
PILOT_T2_TR_000765,,SFAM_MULTIMODAL_ROUTE_005,FAM_MULTIMODAL_ROUTE_005,PARA_MULTIMODAL_ROUTE_4_2,T2_MEDIUM_V1,route_query,PLAN_MULTIMODAL_ROUTE,Please tell: besant nagar se thousand lights bus aur metro switch karke shortest transit kya hai? [opt F5] #2,hi,Latn,CS0,N0,"{""origin"": ""besant nagar"", ""destination"": ""thousand lights"", ""transport_mode"": ""bus aur metro""}","{""origin_id"": ""BUS_417750654"", ""destination_id"": ""METRO_THOUSAND_LIGHTS""}",ANSWERABLE_WITH_PROVISIONAL_DATA,template_instantiation,TMPL_MULTIMODAL_ROUTE_HI_LATN_4
PILOT_T2_TR_000766,,SFAM_FARE_CALCULATION_008,FAM_FARE_CALCULATION_008,PARA_FARE_CALCULATION_7_3,T2_MEDIUM_V1,fare_query,CALCULATE_FARE,Could you specify Calculate fare for travel between High Court and Little Mount stations (F8)? #3,hi-en,Latn,CS3,N0,"{""origin"": ""High Court"", ""destination"": ""Little Mount"", ""transport_mode"": ""metro""}","{""origin_id"": ""METRO_HIGHCOURT"", ""destination_id"": ""METRO_LITTLE_MOUNT""}",ANSWERABLE_NOW,template_instantiation,TMPL_FARE_CALCULATION_HINGLISH_LATN_7
PILOT_T2_TR_000767,,SFAM_STATION_ACCESSIBILITY_014,FAM_STATION_ACCESSIBILITY_014,PARA_STATION_ACCESSIBILITY_13_0,T2_MEDIUM_V1,accessibility,GET_ACCESSIBILITY_INFO,Are passenger elevator lift provisions available for differently abled passengers at Washermenpet? [a11y F14],en,Latn,CS0,N0,"{""station"": ""Washermenpet"", ""accessibility_feature"": ""lift"", ""transport_mode"": ""metro""}","{""station_id"": ""METRO_WASHERMENPET""}",ANSWERABLE_NOW,template_instantiation,TMPL_STATION_ACCESSIBILITY_EN_13
PILOT_T2_TR_000768,,SFAM_OUT_OF_SCOPE_009,FAM_OUT_OF_SCOPE_009,PARA_OUT_OF_SCOPE_8_0,T2_MEDIUM_V1,out_of_scope,REJECT_OUT_OF_SCOPE,Book a private cab taxi ride from Thirumangalam to Saidapet. [cab F9],en,Latn,CS0,N0,"{""origin"": ""Thirumangalam"", ""destination"": ""Saidapet""}","{""origin_id"": ""METRO_THIRUMANGALAM"", ""destination_id"": ""METRO_SAIDAPET""}",OUT_OF_SCOPE,template_instantiation,TMPL_OUT_OF_SCOPE_EN_8
PILOT_T2_TR_000769,,SFAM_STATION_FACILITIES_017,FAM_STATION_FACILITIES_017,PARA_STATION_FACILITIES_16_3,T2_MEDIUM_V1,station_facilities,GET_STATION_FACILITY,Quick check: Does St. Thomas Mount station premises include operational car parking (F17)? #4,hi-en,Latn,CS3,N0,"{""station"": ""St. Thomas Mount"", ""facility_type"": ""parking"", ""transport_mode"": ""metro""}","{""station_id"": ""METRO_ST__THOMAS_MOUNT""}",ANSWERABLE_NOW,template_instantiation,TMPL_STATION_FACILITIES_HINGLISH_LATN_16
PILOT_T2_TR_000770,,SFAM_REALTIME_STATUS_QUERY_001,FAM_REALTIME_STATUS_QUERY_001,PARA_REALTIME_STATUS_QUERY_0_0,T2_MEDIUM_V1,realtime_status_query,REJECT_UNSUPPORTED_REALTIME,Transit query: Where is bus 21G right now and what is its live location? [live F1] #5,en,Latn,CS0,N0,"{""route_number"": ""21G"", ""transport_mode"": ""bus""}","{""route_id"": ""GTFS_ROUTE_8458""}",REQUIRES_REALTIME_DATA,template_instantiation,TMPL_REALTIME_STATUS_QUERY_EN_0
PILOT_T2_TR_000771,,SFAM_REALTIME_STATUS_QUERY_017,FAM_REALTIME_STATUS_QUERY_017,PARA_REALTIME_STATUS_QUERY_16_0,T2_MEDIUM_V1,realtime_status_query,REJECT_UNSUPPORTED_REALTIME,Quick check: Where is bus 102 right now and what is its live location? [live F17] #4,en,Latn,CS0,N0,"{""route_number"": ""102"", ""transport_mode"": ""bus""}","{""route_id"": ""GTFS_ROUTE_16861""}",REQUIRES_REALTIME_DATA,template_instantiation,TMPL_REALTIME_STATUS_QUERY_EN_16
PILOT_T2_TR_000772,,SFAM_MODE_AVAILABILITY_007,FAM_MODE_AVAILABILITY_007,PARA_MODE_AVAILABILITY_6_0,T2_MEDIUM_V1,service_availability,CHECK_SERVICE_AVAILABILITY,Please tell: Are there direct public transport options from Vadapalani to Thiruvanmiyur? [avail F7] #2,en,Latn,CS0,N0,"{""origin"": ""Vadapalani"", ""destination"": ""Thiruvanmiyur"", ""transport_mode"": ""any""}","{""origin_id"": ""METRO_VADAPALANI"", ""destination_id"": ""BUS_3247310920""}",ANSWERABLE_WITH_PROVISIONAL_DATA,template_instantiation,TMPL_MODE_AVAILABILITY_EN_6
PILOT_T2_TR_000773,,SFAM_MULTIMODAL_ROUTE_001,FAM_MULTIMODAL_ROUTE_001,PARA_MULTIMODAL_ROUTE_0_3,T2_MEDIUM_V1,route_query,PLAN_MULTIMODAL_ROUTE,Please tell: Can you give combined bus and train route from Tambaram to High Court (F1)? #2,hi-en,Latn,CS3,N0,"{""origin"": ""Tambaram"", ""destination"": ""High Court"", ""transport_mode"": ""bus and train""}","{""origin_id"": ""BUS_5304399879"", ""destination_id"": ""METRO_HIGHCOURT""}",ANSWERABLE_WITH_PROVISIONAL_DATA,template_instantiation,TMPL_MULTIMODAL_ROUTE_HINGLISH_LATN_0
PILOT_T2_TR_000774,,SFAM_INTERCHANGE_TRANSFER_003,FAM_INTERCHANGE_TRANSFER_003,PARA_INTERCHANGE_TRANSFER_2_1,T2_MEDIUM_V1,interchange_query,GET_INTERCHANGE_DETAILS,Transit query: गिंडी इंटरचेंज पर दूसरी लाइन में ट्रांसफर करने का मार्ग क्या है? (बदलाव F3) #5,hi,Deva,CS0,N0,"{""station"": ""गिंडी"", ""facility_type"": ""इंटरचेंज""}","{""station_id"": ""METRO_GUINDY""}",ANSWERABLE_AFTER_MANUAL_VERIFICATION,template_instantiation,TMPL_INTERCHANGE_TRANSFER_HI_DEVA_2
PILOT_T2_TR_000775,,SFAM_REALTIME_STATUS_QUERY_016,FAM_REALTIME_STATUS_QUERY_016,PARA_REALTIME_STATUS_QUERY_15_0,T2_MEDIUM_V1,realtime_status_query,REJECT_UNSUPPORTED_REALTIME,Quick check: Where is bus 21G right now and what is its live location? [live F16] #4,en,Latn,CS0,N0,"{""route_number"": ""21G"", ""transport_mode"": ""bus""}","{""route_id"": ""GTFS_ROUTE_8458""}",REQUIRES_REALTIME_DATA,template_instantiation,TMPL_REALTIME_STATUS_QUERY_EN_15
PILOT_T2_TR_000776,,SFAM_MODE_AVAILABILITY_019,FAM_MODE_AVAILABILITY_019,PARA_MODE_AVAILABILITY_18_1,T2_MEDIUM_V1,service_availability,CHECK_SERVICE_AVAILABILITY,"Excuse me, क्या किल्पौक से अडयार के लिए कोई सार्वजनिक बस या ट्रेन उपलब्ध है? (उपलब्धता F19) #6",hi,Deva,CS0,N0,"{""origin"": ""किल्पौक"", ""destination"": ""अडयार"", ""transport_mode"": ""सार्वजनिक बस या ट्रेन""}","{""origin_id"": ""METRO_KILPAUK"", ""destination_id"": ""BUS_2587520213""}",ANSWERABLE_WITH_PROVISIONAL_DATA,template_instantiation,TMPL_MODE_AVAILABILITY_HI_DEVA_18
PILOT_T2_TR_000777,,SFAM_OUT_OF_SCOPE_011,FAM_OUT_OF_SCOPE_011,PARA_OUT_OF_SCOPE_10_1,T2_MEDIUM_V1,out_of_scope,REJECT_OUT_OF_SCOPE,एग्मोर के निकटतम सबसे अच्छे रेस्टोरेंट और भोजनालय की सूची दें। (बाहर F11),hi,Deva,CS0,N1,"{""station"": ""एग्मोर""}","{""station_id"": ""METRO_EGMORE""}",OUT_OF_SCOPE,template_instantiation,TMPL_OUT_OF_SCOPE_HI_DEVA_10
PILOT_T2_TR_000778,,SFAM_REALTIME_STATUS_QUERY_013,FAM_REALTIME_STATUS_QUERY_013,PARA_REALTIME_STATUS_QUERY_12_1,T2_MEDIUM_V1,realtime_status_query,REJECT_UNSUPPORTED_REALTIME,Quick check: क्या विमको नगर से आने वाली ट्रेन अभी लेट चल रही है लाइव स्थिति बताएं? (ताज़ा F13) #4,hi,Deva,CS0,N0,"{""origin"": ""विमको नगर"", ""transport_mode"": ""ट्रेन""}","{""origin_id"": ""METRO_WIMCO_NAGAR""}",REQUIRES_REALTIME_DATA,template_instantiation,TMPL_REALTIME_STATUS_QUERY_HI_DEVA_12
PILOT_T2_TR_000779,,SFAM_STATION_ACCESSIBILITY_017,FAM_STATION_ACCESSIBILITY_017,PARA_STATION_ACCESSIBILITY_16_1,T2_MEDIUM_V1,accessibility,GET_ACCESSIBILITY_INFO,क्या सेंट थॉमस माउंट स्टेशन पर दिव्यांग यात्रियों के लिए व्हीलचेयर रैंप उपलब्ध है? (सुलभता F17),hi,Deva,CS0,N1,"{""station"": ""सेंट थॉमस माउंट"", ""accessibility_feature"": ""wheelchair"", ""transport_mode"": ""मेट्रो""}","{""station_id"": ""METRO_ST__THOMAS_MOUNT""}",ANSWERABLE_NOW,template_instantiation,TMPL_STATION_ACCESSIBILITY_HI_DEVA_16
PILOT_T2_TR_000780,,SFAM_ROUTE_STOP_MEMBERSHIP_005,FAM_ROUTE_STOP_MEMBERSHIP_005,PARA_ROUTE_STOP_MEMBERSHIP_4_0,T2_MEDIUM_V1,route_stops,CHECK_STOP_ON_ROUTE,Does bus route 23C make a scheduled halt at Besant Nagar? [chk F5],en,Latn,CS0,N0,"{""route_number"": ""23C"", ""stop"": ""Besant Nagar"", ""transport_mode"": ""bus""}","{""route_id"": ""GTFS_ROUTE_10214"", ""stop_id"": ""BUS_417750654""}",ANSWERABLE_WITH_PROVISIONAL_DATA,template_instantiation,TMPL_ROUTE_STOP_MEMBERSHIP_EN_4
PILOT_T2_TR_000781,,SFAM_REALTIME_STATUS_QUERY_014,FAM_REALTIME_STATUS_QUERY_014,PARA_REALTIME_STATUS_QUERY_13_2,T2_MEDIUM_V1,realtime_status_query,REJECT_UNSUPPORTED_REALTIME,Please tell: Bus Blue Line ka real time current gps location update kahan pahuncha? [track F14] #2,hi,Latn,CS0,N1,"{""route_number"": ""Blue Line"", ""transport_mode"": ""bus""}","{""route_id"": ""CMRL_BLUE_CORRIDOR_1""}",REQUIRES_REALTIME_DATA,template_instantiation,TMPL_REALTIME_STATUS_QUERY_HI_LATN_13
PILOT_T2_TR_000782,,SFAM_INTERCHANGE_TRANSFER_014,FAM_INTERCHANGE_TRANSFER_014,PARA_INTERCHANGE_TRANSFER_13_2,T2_MEDIUM_V1,interchange_query,GET_INTERCHANGE_DETAILS,washermenpet hub par metro line change karke airport kaise jaye? [platform F14],hi,Latn,CS0,N0,"{""station"": ""washermenpet"", ""destination"": ""airport"", ""facility_type"": ""interchange""}","{""station_id"": ""METRO_WASHERMENPET"", ""destination_id"": ""METRO_CHENNAI_INTERNATIONAL_AIRPORT""}",ANSWERABLE_AFTER_MANUAL_VERIFICATION,template_instantiation,TMPL_INTERCHANGE_TRANSFER_HI_LATN_13
PILOT_T2_TR_000783,,SFAM_ROUTE_STOP_MEMBERSHIP_003,FAM_ROUTE_STOP_MEMBERSHIP_003,PARA_ROUTE_STOP_MEMBERSHIP_2_1,T2_MEDIUM_V1,route_stops,CHECK_STOP_ON_ROUTE,Could you specify क्या बस 102A अडयार स्टॉप पर रुकती है? (जांच F3)? #3,hi,Deva,CS0,N0,"{""route_number"": ""102A"", ""stop"": ""अडयार"", ""transport_mode"": ""बस""}","{""route_id"": ""GTFS_ROUTE_10248"", ""stop_id"": ""BUS_2587520213""}",ANSWERABLE_WITH_PROVISIONAL_DATA,template_instantiation,TMPL_ROUTE_STOP_MEMBERSHIP_HI_DEVA_2
PILOT_T2_TR_000784,,SFAM_SCHEDULED_DEPARTURE_014,FAM_SCHEDULED_DEPARTURE_014,PARA_SCHEDULED_DEPARTURE_13_4,T2_MEDIUM_V1,service_timing,GET_SCHEDULED_DEPARTURES,Washermenpet से bare 8 baje departure timings schedule status F14,hi-en,Deva+Latn,CS4,N0,"{""origin"": ""Washermenpet"", ""time"": ""8 baje"", ""temporal_ambiguity"": true, ""dual_candidates"": [""08:00:00"", ""20:00:00""]}","{""origin_id"": ""METRO_WASHERMENPET""}",ANSWERABLE_NOW,template_instantiation,TMPL_SCHEDULED_DEPARTURE_MIXED_SCRIPT_CS_13
PILOT_T2_TR_000785,,SFAM_STATION_FACILITIES_013,FAM_STATION_FACILITIES_013,PARA_STATION_FACILITIES_12_2,T2_MEDIUM_V1,station_facilities,GET_STATION_FACILITY,kya wimco nagar depot station par passenger car parking service available hai? [amenity F13],hi,Latn,CS0,N0,"{""station"": ""wimco nagar depot"", ""facility_type"": ""parking"", ""transport_mode"": ""metro""}","{""station_id"": ""METRO_WIMCO_NAGAR""}",ANSWERABLE_NOW,template_instantiation,TMPL_STATION_FACILITIES_HI_LATN_12
PILOT_T2_TR_000786,,SFAM_FARE_CALCULATION_012,FAM_FARE_CALCULATION_012,PARA_FARE_CALCULATION_11_3,T2_MEDIUM_V1,fare_query,CALCULATE_FARE,"Excuse me, Calculate fare for travel between Thousand Lights and Kilpauk stations (F12) #6",hi-en,Latn,CS3,N2,"{""origin"": ""Thousand Lights"", ""destination"": ""Kilpauk"", ""transport_mode"": ""metro""}","{""origin_id"": ""METRO_THOUSAND_LIGHTS"", ""destination_id"": ""METRO_KILPAUK""}",ANSWERABLE_NOW,template_instantiation,TMPL_FARE_CALCULATION_HINGLISH_LATN_11
PILOT_T2_TR_000787,,SFAM_TICKETING_AND_PASSES_005,FAM_TICKETING_AND_PASSES_005,PARA_TICKETING_AND_PASSES_4_0,T2_MEDIUM_V1,ticketing_rules,GET_TICKETING_POLICY,Please tell: What are the rules and procedure to purchase a Student Concession Card for commuters? [pass F5] #2,en,Latn,CS0,N0,"{""ticket_type"": ""student_pass"", ""transport_mode"": ""transit""}",{},ANSWERABLE_NOW,template_instantiation,TMPL_TICKETING_AND_PASSES_EN_4
PILOT_T2_TR_000788,,SFAM_SCHEDULED_DEPARTURE_018,FAM_SCHEDULED_DEPARTURE_018,PARA_SCHEDULED_DEPARTURE_17_1,T2_MEDIUM_V1,service_timing,GET_SCHEDULED_DEPARTURES,नेहरू पार्क से सुबह 8 बजे छूटने वाली गाड़ियों की समय सारणी दिखाएं। (समय F18),hi,Deva,CS0,N0,"{""origin"": ""नेहरू पार्क"", ""time"": ""सुबह 8 बजे"", ""resolved_time"": ""08:00:00""}","{""origin_id"": ""METRO_NEHRU_PARK""}",ANSWERABLE_NOW,template_instantiation,TMPL_SCHEDULED_DEPARTURE_HI_DEVA_17
PILOT_T2_TR_000789,,SFAM_STATION_FACILITIES_007,FAM_STATION_FACILITIES_007,PARA_STATION_FACILITIES_6_4,T2_MEDIUM_V1,station_facilities,GET_STATION_FACILITY,Could you specify क्या Vadapalani station par passengers ke liye EV vehicle charging accessible hai F7? #3,hi-en,Deva+Latn,CS4,N0,"{""station"": ""Vadapalani"", ""facility_type"": ""ev_charging"", ""transport_mode"": ""metro""}","{""station_id"": ""METRO_VADAPALANI""}",ANSWERABLE_NOW,template_instantiation,TMPL_STATION_FACILITIES_MIXED_SCRIPT_CS_6
PILOT_T2_TR_000790,,SFAM_STATION_FACILITIES_019,FAM_STATION_FACILITIES_019,PARA_STATION_FACILITIES_18_3,T2_MEDIUM_V1,station_facilities,GET_STATION_FACILITY,Does Kilpauk station premises include operational EV vehicle charging (F19)?,hi-en,Latn,CS3,N0,"{""station"": ""Kilpauk"", ""facility_type"": ""ev_charging"", ""transport_mode"": ""metro""}","{""station_id"": ""METRO_KILPAUK""}",ANSWERABLE_NOW,template_instantiation,TMPL_STATION_FACILITIES_HINGLISH_LATN_18
PILOT_T2_TR_000791,,SFAM_STATION_FACILITIES_009,FAM_STATION_FACILITIES_009,PARA_STATION_FACILITIES_8_0,T2_MEDIUM_V1,station_facilities,GET_STATION_FACILITY,Transit query: Is car parking facility available at Thirumangalam metro station? [fac F9] #5,en,Latn,CS0,N0,"{""station"": ""Thirumangalam"", ""facility_type"": ""parking"", ""transport_mode"": ""metro""}","{""station_id"": ""METRO_THIRUMANGALAM""}",ANSWERABLE_NOW,template_instantiation,TMPL_STATION_FACILITIES_EN_8
PILOT_T2_TR_000792,,SFAM_FIRST_AND_LAST_SERVICE_018,FAM_FIRST_AND_LAST_SERVICE_018,PARA_FIRST_AND_LAST_SERVICE_17_0,T2_MEDIUM_V1,service_timing,GET_FIRST_LAST_SERVICE,What time does the earliest and latest train depart Nehru Park for CMBT? [hrs F18],en,Latn,CS0,N0,"{""origin"": ""Nehru Park"", ""destination"": ""CMBT"", ""timing_type"": ""first_last"", ""transport_mode"": ""metro""}","{""origin_id"": ""METRO_NEHRU_PARK"", ""destination_id"": ""METRO_PURATCHI_THALAIVI_DR_J_JAYALALITHAA_CMBT""}",ANSWERABLE_NOW,template_instantiation,TMPL_FIRST_AND_LAST_SERVICE_EN_17
PILOT_T2_TR_000793,,SFAM_NEAREST_TRANSPORT_009,FAM_NEAREST_TRANSPORT_009,PARA_NEAREST_TRANSPORT_8_0,T2_MEDIUM_V1,nearest_transport,FIND_NEAREST_STATION,Please tell: Which is the nearest metro station or transit stop to Karpaga Institute? [loc F9] #2,en,Latn,CS0,N0,"{""landmark"": ""Karpaga Institute"", ""transport_mode"": ""metro""}","{""place_id"": ""OSM_POI_3082849503""}",ANSWERABLE_NOW,template_instantiation,TMPL_NEAREST_TRANSPORT_EN_8
PILOT_T2_TR_000794,,SFAM_NEAREST_TRANSPORT_004,FAM_NEAREST_TRANSPORT_004,PARA_NEAREST_TRANSPORT_3_4,T2_MEDIUM_V1,nearest_transport,FIND_NEAREST_STATION,Please tell: Maritime Institute ke pass nearest metro stop connection distance bataye F4 #2,hi-en,Deva+Latn,CS4,N0,"{""landmark"": ""Maritime Institute"", ""transport_mode"": ""metro""}","{""place_id"": ""OSM_POI_314081186""}",ANSWERABLE_NOW,template_instantiation,TMPL_NEAREST_TRANSPORT_MIXED_SCRIPT_CS_3
PILOT_T2_TR_000795,,SFAM_FIRST_AND_LAST_SERVICE_002,FAM_FIRST_AND_LAST_SERVICE_002,PARA_FIRST_AND_LAST_SERVICE_1_3,T2_MEDIUM_V1,service_timing,GET_FIRST_LAST_SERVICE,Please tell: First train and last train operational hours between Chennai Central and Thirumangalam (F2) #2,hi-en,Latn,CS3,N0,"{""origin"": ""Chennai Central"", ""destination"": ""Thirumangalam"", ""timing_type"": ""first_last"", ""transport_mode"": ""train""}","{""origin_id"": ""METRO_PURATCHI_THALAIVAR_DR__M_G_RAMACHANDRAN_CENTRAL"", ""destination_id"": ""METRO_THIRUMANGALAM""}",ANSWERABLE_NOW,template_instantiation,TMPL_FIRST_AND_LAST_SERVICE_HINGLISH_LATN_1
PILOT_T2_TR_000796,,SFAM_NEAREST_TRANSPORT_018,FAM_NEAREST_TRANSPORT_018,PARA_NEAREST_TRANSPORT_17_1,T2_MEDIUM_V1,nearest_transport,FIND_NEAREST_STATION,"Excuse me, मदुरंतकम अस्पताल के सबसे निकटतम मेट्रो स्टेशन या बस स्टॉप कौन सा है? (निकट F18) #6",hi,Deva,CS0,N0,"{""landmark"": ""मदुरंतकम अस्पताल"", ""transport_mode"": ""मेट्रो या बस""}","{""place_id"": ""OSM_POI_7257518777""}",ANSWERABLE_NOW,template_instantiation,TMPL_NEAREST_TRANSPORT_HI_DEVA_17
PILOT_T2_TR_000797,,SFAM_MODE_AVAILABILITY_009,FAM_MODE_AVAILABILITY_009,PARA_MODE_AVAILABILITY_8_1,T2_MEDIUM_V1,service_availability,CHECK_SERVICE_AVAILABILITY,Could you specify क्या तिरुमंगलम से मदुरंतकम के लिए कोई सार्वजनिक बस या ट्रेन उपलब्ध है? (उपलब्धता F9)? #3,hi,Deva,CS0,N0,"{""origin"": ""तिरुमंगलम"", ""destination"": ""मदुरंतकम"", ""transport_mode"": ""सार्वजनिक बस या ट्रेन""}","{""origin_id"": ""METRO_THIRUMANGALAM"", ""destination_id"": ""BUS_5306412986""}",ANSWERABLE_WITH_PROVISIONAL_DATA,template_instantiation,TMPL_MODE_AVAILABILITY_HI_DEVA_8
PILOT_T2_TR_000798,,SFAM_NEAREST_TRANSPORT_003,FAM_NEAREST_TRANSPORT_003,PARA_NEAREST_TRANSPORT_2_1,T2_MEDIUM_V1,nearest_transport,FIND_NEAREST_STATION,"Excuse me, ग्रेट लेक्स संस्थान के सबसे निकटतम मेट्रो स्टेशन या बस स्टॉप कौन सा है? (निकट F3) #6",hi,Deva,CS0,N0,"{""landmark"": ""ग्रेट लेक्स संस्थान"", ""transport_mode"": ""मेट्रो या बस""}","{""place_id"": ""OSM_POI_577328882""}",ANSWERABLE_NOW,template_instantiation,TMPL_NEAREST_TRANSPORT_HI_DEVA_2
PILOT_T2_TR_000799,,SFAM_INTERCHANGE_TRANSFER_013,FAM_INTERCHANGE_TRANSFER_013,PARA_INTERCHANGE_TRANSFER_12_3,T2_MEDIUM_V1,interchange_query,GET_INTERCHANGE_DETAILS,"Excuse me, Transfer walking time and directions at Wimco Nagar Depot multimodal terminal (F13) #6",hi-en,Latn,CS3,N2,"{""station"": ""Wimco Nagar Depot"", ""facility_type"": ""interchange""}","{""station_id"": ""METRO_WIMCO_NAGAR""}",ANSWERABLE_AFTER_MANUAL_VERIFICATION,template_instantiation,TMPL_INTERCHANGE_TRANSFER_HINGLISH_LATN_12
PILOT_T2_TR_000800,,SFAM_ROUTE_STOP_SEQUENCE_012,FAM_ROUTE_STOP_SEQUENCE_012,PARA_ROUTE_STOP_SEQUENCE_11_2,T2_MEDIUM_V1,route_stops,LIST_ROUTE_STOPS,Route 22 CT bus ke sare consecutive stops ki list check kare. [line F12],hi,Latn,CS0,N1,"{""route_number"": ""22 CT"", ""transport_mode"": ""bus""}","{""route_id"": ""GTFS_ROUTE_18753""}",ANSWERABLE_WITH_PROVISIONAL_DATA,template_instantiation,TMPL_ROUTE_STOP_SEQUENCE_HI_LATN_11
PILOT_T2_TR_000801,,SFAM_STATION_ACCESSIBILITY_008,FAM_STATION_ACCESSIBILITY_008,PARA_STATION_ACCESSIBILITY_7_0,T2_MEDIUM_V1,accessibility,GET_ACCESSIBILITY_INFO,Transit query: Are escalator stairs provisions available for differently abled passengers at High Court? [a11y F8] #5,en,Latn,CS0,N0,"{""station"": ""High Court"", ""accessibility_feature"": ""escalator"", ""transport_mode"": ""metro""}","{""station_id"": ""METRO_HIGHCOURT""}",ANSWERABLE_NOW,template_instantiation,TMPL_STATION_ACCESSIBILITY_EN_7
PILOT_T2_TR_000802,,SFAM_INTERCHANGE_TRANSFER_010,FAM_INTERCHANGE_TRANSFER_010,PARA_INTERCHANGE_TRANSFER_9_1,T2_MEDIUM_V1,interchange_query,GET_INTERCHANGE_DETAILS,Could you specify अन्ना नगर टावर इंटरचेंज पर दूसरी लाइन में ट्रांसफर करने का मार्ग क्या है? (बदलाव F10)? #3,hi,Deva,CS0,N0,"{""station"": ""अन्ना नगर टावर"", ""facility_type"": ""इंटरचेंज""}","{""station_id"": ""METRO_ANNA_NAGAR_TOWER""}",ANSWERABLE_AFTER_MANUAL_VERIFICATION,template_instantiation,TMPL_INTERCHANGE_TRANSFER_HI_DEVA_9
PILOT_T2_TR_000803,,SFAM_STATION_FACILITIES_007,FAM_STATION_FACILITIES_007,PARA_STATION_FACILITIES_6_1,T2_MEDIUM_V1,station_facilities,GET_STATION_FACILITY,Transit query: क्या वडपलनी मेट्रो स्टेशन पर ईवी चार्जिंग की व्यवस्था उपलब्ध है? (सुविधा F7) #5,hi,Deva,CS0,N2,"{""station"": ""वडपलनी"", ""facility_type"": ""ev_charging"", ""transport_mode"": ""मेट्रो""}","{""station_id"": ""METRO_VADAPALANI""}",ANSWERABLE_NOW,template_instantiation,TMPL_STATION_FACILITIES_HI_DEVA_6
PILOT_T2_TR_000804,,SFAM_NEAREST_TRANSPORT_001,FAM_NEAREST_TRANSPORT_001,PARA_NEAREST_TRANSPORT_0_0,T2_MEDIUM_V1,nearest_transport,FIND_NEAREST_STATION,"Excuse me, Which is the nearest metro station or transit stop to Marina Beach? [loc F1] #6",en,Latn,CS0,N0,"{""landmark"": ""Marina Beach"", ""transport_mode"": ""metro""}","{""place_id"": ""OSM_POI_12137617372""}",ANSWERABLE_NOW,template_instantiation,TMPL_NEAREST_TRANSPORT_EN_0
PILOT_T2_TR_000805,,SFAM_ROUTE_STOP_SEQUENCE_016,FAM_ROUTE_STOP_SEQUENCE_016,PARA_ROUTE_STOP_SEQUENCE_15_2,T2_MEDIUM_V1,route_stops,LIST_ROUTE_STOPS,Route 21G bus ke sare consecutive stops ki list check kare. [line F16],hi,Latn,CS0,N1,"{""route_number"": ""21G"", ""transport_mode"": ""bus""}","{""route_id"": ""GTFS_ROUTE_8458""}",ANSWERABLE_WITH_PROVISIONAL_DATA,template_instantiation,TMPL_ROUTE_STOP_SEQUENCE_HI_LATN_15
PILOT_T2_TR_000806,,SFAM_NEAREST_TRANSPORT_013,FAM_NEAREST_TRANSPORT_013,PARA_NEAREST_TRANSPORT_12_1,T2_MEDIUM_V1,nearest_transport,FIND_NEAREST_STATION,Please tell: ग्रेट लेक्स संस्थान के सबसे निकटतम मेट्रो स्टेशन या बस स्टॉप कौन सा है? (निकट F13) #2,hi,Deva,CS0,N0,"{""landmark"": ""ग्रेट लेक्स संस्थान"", ""transport_mode"": ""मेट्रो या बस""}","{""place_id"": ""OSM_POI_577328882""}",ANSWERABLE_NOW,template_instantiation,TMPL_NEAREST_TRANSPORT_HI_DEVA_12
PILOT_T2_TR_000807,,SFAM_FIRST_AND_LAST_SERVICE_019,FAM_FIRST_AND_LAST_SERVICE_019,PARA_FIRST_AND_LAST_SERVICE_18_1,T2_MEDIUM_V1,service_timing,GET_FIRST_LAST_SERVICE,Please tell: किल्पौक से कोयम्बेडु के लिए पहली और आखिरी ट्रेन का समय क्या है? (समय F19) #2,hi,Deva,CS0,N0,"{""origin"": ""किल्पौक"", ""destination"": ""कोयम्बेडु"", ""timing_type"": ""first_last"", ""transport_mode"": ""ट्रेन""}","{""origin_id"": ""METRO_KILPAUK"", ""destination_id"": ""METRO_KOYAMBEDU""}",ANSWERABLE_NOW,template_instantiation,TMPL_FIRST_AND_LAST_SERVICE_HI_DEVA_18
PILOT_T2_TR_000808,,SFAM_STATION_FACILITIES_005,FAM_STATION_FACILITIES_005,PARA_STATION_FACILITIES_4_0,T2_MEDIUM_V1,station_facilities,GET_STATION_FACILITY,Quick check: Is car parking facility available at CMBT metro station? [fac F5] #4,en,Latn,CS0,N0,"{""station"": ""CMBT"", ""facility_type"": ""parking"", ""transport_mode"": ""metro""}","{""station_id"": ""METRO_PURATCHI_THALAIVI_DR_J_JAYALALITHAA_CMBT""}",ANSWERABLE_NOW,template_instantiation,TMPL_STATION_FACILITIES_EN_4
PILOT_T2_TR_000809,,SFAM_MODE_AVAILABILITY_001,FAM_MODE_AVAILABILITY_001,PARA_MODE_AVAILABILITY_0_1,T2_MEDIUM_V1,service_availability,CHECK_SERVICE_AVAILABILITY,"Excuse me, क्या एयरपोर्ट से तांबरम के लिए कोई सार्वजनिक बस या ट्रेन उपलब्ध है? (उपलब्धता F1) #6",hi,Deva,CS0,N0,"{""origin"": ""एयरपोर्ट"", ""destination"": ""तांबरम"", ""transport_mode"": ""सार्वजनिक बस या ट्रेन""}","{""origin_id"": ""METRO_CHENNAI_INTERNATIONAL_AIRPORT"", ""destination_id"": ""BUS_5304399879""}",ANSWERABLE_WITH_PROVISIONAL_DATA,template_instantiation,TMPL_MODE_AVAILABILITY_HI_DEVA_0
PILOT_T2_TR_000810,,SFAM_SCHEDULED_DEPARTURE_013,FAM_SCHEDULED_DEPARTURE_013,PARA_SCHEDULED_DEPARTURE_12_1,T2_MEDIUM_V1,service_timing,GET_SCHEDULED_DEPARTURES,विमको नगर से सुबह 8 बजे छूटने वाली गाड़ियों की समय सारणी दिखाएं। (समय F13),hi,Deva,CS0,N0,"{""origin"": ""विमको नगर"", ""time"": ""सुबह 8 बजे"", ""resolved_time"": ""08:00:00""}","{""origin_id"": ""METRO_WIMCO_NAGAR""}",ANSWERABLE_NOW,template_instantiation,TMPL_SCHEDULED_DEPARTURE_HI_DEVA_12
PILOT_T2_TR_000811,,SFAM_STATION_ACCESSIBILITY_011,FAM_STATION_ACCESSIBILITY_011,PARA_STATION_ACCESSIBILITY_10_1,T2_MEDIUM_V1,accessibility,GET_ACCESSIBILITY_INFO,Quick check: क्या एग्मोर स्टेशन पर दिव्यांग यात्रियों के लिए टैक्टाइल पाथ उपलब्ध है? (सुलभता F11) #4,hi,Deva,CS0,N0,"{""station"": ""एग्मोर"", ""accessibility_feature"": ""tactile_path"", ""transport_mode"": ""मेट्रो""}","{""station_id"": ""METRO_EGMORE""}",ANSWERABLE_NOW,template_instantiation,TMPL_STATION_ACCESSIBILITY_HI_DEVA_10
PILOT_T2_TR_000812,,SFAM_ROUTE_STOP_SEQUENCE_001,FAM_ROUTE_STOP_SEQUENCE_001,PARA_ROUTE_STOP_SEQUENCE_0_0,T2_MEDIUM_V1,route_stops,LIST_ROUTE_STOPS,Please tell: List every intermediate stop along route 21G in order. [seq F1] #2,en,Latn,CS0,N0,"{""route_number"": ""21G"", ""transport_mode"": ""bus""}","{""route_id"": ""GTFS_ROUTE_8458""}",ANSWERABLE_WITH_PROVISIONAL_DATA,template_instantiation,TMPL_ROUTE_STOP_SEQUENCE_EN_0
PILOT_T2_TR_000813,,SFAM_MULTIMODAL_ROUTE_017,FAM_MULTIMODAL_ROUTE_017,PARA_MULTIMODAL_ROUTE_16_1,T2_MEDIUM_V1,route_query,PLAN_MULTIMODAL_ROUTE,तांबरम से आलंदूर बस और मेट्रो मिलाकर सबसे तेज़ मार्ग कौन सा है? (योजना F17),hi,Deva,CS0,N0,"{""origin"": ""तांबरम"", ""destination"": ""आलंदूर"", ""transport_mode"": ""बस और मेट्रो""}","{""origin_id"": ""BUS_5304399879"", ""destination_id"": ""METRO_ARIGNAR_ANNA_ALANDUR""}",ANSWERABLE_WITH_PROVISIONAL_DATA,template_instantiation,TMPL_MULTIMODAL_ROUTE_HI_DEVA_16
PILOT_T2_TR_000814,,SFAM_STATION_FACILITIES_020,FAM_STATION_FACILITIES_020,PARA_STATION_FACILITIES_19_2,T2_MEDIUM_V1,station_facilities,GET_STATION_FACILITY,Could you specify kya pachaiyappa college station par passenger cycle stand service available hai? [amenity F20]? #3,hi,Latn,CS0,N0,"{""station"": ""pachaiyappa college"", ""facility_type"": ""bicycle_stand"", ""transport_mode"": ""metro""}","{""station_id"": ""METRO_PACHAIYAPPA_S_COLLEGE""}",ANSWERABLE_NOW,template_instantiation,TMPL_STATION_FACILITIES_HI_LATN_19
PILOT_T2_TR_000815,,SFAM_POINT_TO_POINT_ROUTE_017,FAM_POINT_TO_POINT_ROUTE_017,PARA_POINT_TO_POINT_ROUTE_16_0,T2_MEDIUM_V1,route_query,PLAN_ROUTE,Please tell: How do I commute from St. Thomas Mount to Alandur by metro? [pattern F17] #2,en,Latn,CS0,N0,"{""origin"": ""St. Thomas Mount"", ""destination"": ""Alandur"", ""transport_mode"": ""metro""}","{""origin_id"": ""METRO_ST__THOMAS_MOUNT"", ""destination_id"": ""METRO_ARIGNAR_ANNA_ALANDUR""}",ANSWERABLE_WITH_PROVISIONAL_DATA,template_instantiation,TMPL_POINT_TO_POINT_ROUTE_EN_16
PILOT_T2_TR_000816,,SFAM_FIRST_AND_LAST_SERVICE_005,FAM_FIRST_AND_LAST_SERVICE_005,PARA_FIRST_AND_LAST_SERVICE_4_4,T2_MEDIUM_V1,service_timing,GET_FIRST_LAST_SERVICE,CMBT से Thousand Lights ki last service aur first train timing information F5,hi-en,Deva+Latn,CS4,N0,"{""origin"": ""CMBT"", ""destination"": ""Thousand Lights"", ""timing_type"": ""first_last"", ""transport_mode"": ""train""}","{""origin_id"": ""METRO_PURATCHI_THALAIVI_DR_J_JAYALALITHAA_CMBT"", ""destination_id"": ""METRO_THOUSAND_LIGHTS""}",ANSWERABLE_NOW,template_instantiation,TMPL_FIRST_AND_LAST_SERVICE_MIXED_SCRIPT_CS_4
PILOT_T2_TR_000817,,SFAM_MODE_AVAILABILITY_009,FAM_MODE_AVAILABILITY_009,PARA_MODE_AVAILABILITY_8_1,T2_MEDIUM_V1,service_availability,CHECK_SERVICE_AVAILABILITY,Please tell: क्या तिरुमंगलम से मदुरंतकम के लिए कोई सार्वजनिक बस या ट्रेन उपलब्ध है? (उपलब्धता F9) #2,hi,Deva,CS0,N0,"{""origin"": ""तिरुमंगलम"", ""destination"": ""मदुरंतकम"", ""transport_mode"": ""सार्वजनिक बस या ट्रेन""}","{""origin_id"": ""METRO_THIRUMANGALAM"", ""destination_id"": ""BUS_5306412986""}",ANSWERABLE_WITH_PROVISIONAL_DATA,template_instantiation,TMPL_MODE_AVAILABILITY_HI_DEVA_8
PILOT_T2_TR_000818,,SFAM_NEAREST_TRANSPORT_011,FAM_NEAREST_TRANSPORT_011,PARA_NEAREST_TRANSPORT_10_3,T2_MEDIUM_V1,nearest_transport,FIND_NEAREST_STATION,Quick check: Find closest public transport access point near Marina Beach (F11) #4,hi-en,Latn,CS3,N0,"{""landmark"": ""Marina Beach"", ""transport_mode"": ""public transport""}","{""place_id"": ""OSM_POI_12137617372""}",ANSWERABLE_NOW,template_instantiation,TMPL_NEAREST_TRANSPORT_HINGLISH_LATN_10
PILOT_T2_TR_000819,,SFAM_ROUTE_STOP_SEQUENCE_009,FAM_ROUTE_STOP_SEQUENCE_009,PARA_ROUTE_STOP_SEQUENCE_8_1,T2_MEDIUM_V1,route_stops,LIST_ROUTE_STOPS,Please tell: बस रूट 29A के सभी ठहरावों की क्रमबद्ध सूची दिखाएं। (क्रम F9) #2,hi,Deva,CS0,N0,"{""route_number"": ""29A"", ""transport_mode"": ""बस""}","{""route_id"": ""GTFS_ROUTE_18751""}",ANSWERABLE_WITH_PROVISIONAL_DATA,template_instantiation,TMPL_ROUTE_STOP_SEQUENCE_HI_DEVA_8
PILOT_T2_TR_000820,,SFAM_FARE_CALCULATION_012,FAM_FARE_CALCULATION_012,PARA_FARE_CALCULATION_11_1,T2_MEDIUM_V1,fare_query,CALCULATE_FARE,थाउजेंड लाइट्स से किल्पौक तक का मेट्रो का टोकन किराया कितना रुपया है? (किराया F12),hi,Deva,CS0,N1,"{""origin"": ""थाउजेंड लाइट्स"", ""destination"": ""किल्पौक"", ""fare_type"": ""टोकन"", ""transport_mode"": ""मेट्रो""}","{""origin_id"": ""METRO_THOUSAND_LIGHTS"", ""destination_id"": ""METRO_KILPAUK""}",ANSWERABLE_NOW,template_instantiation,TMPL_FARE_CALCULATION_HI_DEVA_11
PILOT_T2_TR_000821,,SFAM_FARE_CALCULATION_005,FAM_FARE_CALCULATION_005,PARA_FARE_CALCULATION_4_3,T2_MEDIUM_V1,fare_query,CALCULATE_FARE,"Excuse me, Calculate fare for travel between CMBT and Thousand Lights stations (F5) #6",hi-en,Latn,CS3,N0,"{""origin"": ""CMBT"", ""destination"": ""Thousand Lights"", ""transport_mode"": ""metro""}","{""origin_id"": ""METRO_PURATCHI_THALAIVI_DR_J_JAYALALITHAA_CMBT"", ""destination_id"": ""METRO_THOUSAND_LIGHTS""}",ANSWERABLE_NOW,template_instantiation,TMPL_FARE_CALCULATION_HINGLISH_LATN_4
PILOT_T2_TR_000822,,SFAM_NEAREST_TRANSPORT_001,FAM_NEAREST_TRANSPORT_001,PARA_NEAREST_TRANSPORT_0_4,T2_MEDIUM_V1,nearest_transport,FIND_NEAREST_STATION,Marina Beach ke pass nearest metro stop connection distance bataye F1,hi-en,Deva+Latn,CS4,N0,"{""landmark"": ""Marina Beach"", ""transport_mode"": ""metro""}","{""place_id"": ""OSM_POI_12137617372""}",ANSWERABLE_NOW,template_instantiation,TMPL_NEAREST_TRANSPORT_MIXED_SCRIPT_CS_0
PILOT_T2_TR_000823,,SFAM_STATION_ACCESSIBILITY_016,FAM_STATION_ACCESSIBILITY_016,PARA_STATION_ACCESSIBILITY_15_1,T2_MEDIUM_V1,accessibility,GET_ACCESSIBILITY_INFO,Transit query: क्या साइदापेट स्टेशन पर दिव्यांग यात्रियों के लिए एस्केलेटर उपलब्ध है? (सुलभता F16) #5,hi,Deva,CS0,N2,"{""station"": ""साइदापेट"", ""accessibility_feature"": ""escalator"", ""transport_mode"": ""मेट्रो""}","{""station_id"": ""METRO_SAIDAPET""}",ANSWERABLE_NOW,template_instantiation,TMPL_STATION_ACCESSIBILITY_HI_DEVA_15
PILOT_T2_TR_000824,,SFAM_TICKETING_AND_PASSES_016,FAM_TICKETING_AND_PASSES_016,PARA_TICKETING_AND_PASSES_15_1,T2_MEDIUM_V1,ticketing_rules,GET_TICKETING_POLICY,"Excuse me, यात्रियों के लिए टूरिस्ट कार्ड प्राप्त करने के नियम और प्रक्रिया क्या हैं? (पास F16) #6",hi,Deva,CS0,N0,"{""ticket_type"": ""tourist_card"", ""transport_mode"": ""पारगमन""}",{},ANSWERABLE_NOW,template_instantiation,TMPL_TICKETING_AND_PASSES_HI_DEVA_15
PILOT_T2_TR_000825,,SFAM_INTERCHANGE_TRANSFER_010,FAM_INTERCHANGE_TRANSFER_010,PARA_INTERCHANGE_TRANSFER_9_4,T2_MEDIUM_V1,interchange_query,GET_INTERCHANGE_DETAILS,Please tell: Anna Nagar Tower interchange par line switch connection point details check F10 #2,hi-en,Deva+Latn,CS4,N0,"{""station"": ""Anna Nagar Tower"", ""facility_type"": ""interchange""}","{""station_id"": ""METRO_ANNA_NAGAR_TOWER""}",ANSWERABLE_AFTER_MANUAL_VERIFICATION,template_instantiation,TMPL_INTERCHANGE_TRANSFER_MIXED_SCRIPT_CS_9
PILOT_T2_TR_000826,,SFAM_ROUTE_STOP_SEQUENCE_018,FAM_ROUTE_STOP_SEQUENCE_018,PARA_ROUTE_STOP_SEQUENCE_17_2,T2_MEDIUM_V1,route_stops,LIST_ROUTE_STOPS,Please tell: Route 102A bus ke sare consecutive stops ki list check kare. [line F18] #2,hi,Latn,CS0,N0,"{""route_number"": ""102A"", ""transport_mode"": ""bus""}","{""route_id"": ""GTFS_ROUTE_10248""}",ANSWERABLE_WITH_PROVISIONAL_DATA,template_instantiation,TMPL_ROUTE_STOP_SEQUENCE_HI_LATN_17
PILOT_T2_TR_000827,,SFAM_TICKETING_AND_PASSES_005,FAM_TICKETING_AND_PASSES_005,PARA_TICKETING_AND_PASSES_4_0,T2_MEDIUM_V1,ticketing_rules,GET_TICKETING_POLICY,"Excuse me, What are the rules and procedure to purchase a Student Concession Card for commuters? [pass F5] #6",en,Latn,CS0,N0,"{""ticket_type"": ""student_pass"", ""transport_mode"": ""transit""}",{},ANSWERABLE_NOW,template_instantiation,TMPL_TICKETING_AND_PASSES_EN_4
PILOT_T2_TR_000828,,SFAM_ROUTE_STOP_MEMBERSHIP_007,FAM_ROUTE_STOP_MEMBERSHIP_007,PARA_ROUTE_STOP_MEMBERSHIP_6_1,T2_MEDIUM_V1,route_stops,CHECK_STOP_ON_ROUTE,क्या बस 19B तिरुवान्मियूर स्टॉप पर रुकती है? (जांच F7),hi,Deva,CS0,N0,"{""route_number"": ""19B"", ""stop"": ""तिरुवान्मियूर"", ""transport_mode"": ""बस""}","{""route_id"": ""GTFS_ROUTE_10696"", ""stop_id"": ""BUS_3247310920""}",ANSWERABLE_WITH_PROVISIONAL_DATA,template_instantiation,TMPL_ROUTE_STOP_MEMBERSHIP_HI_DEVA_6
PILOT_T2_TR_000829,,SFAM_REALTIME_STATUS_QUERY_002,FAM_REALTIME_STATUS_QUERY_002,PARA_REALTIME_STATUS_QUERY_1_0,T2_MEDIUM_V1,realtime_status_query,REJECT_UNSUPPORTED_REALTIME,"Excuse me, Where is bus 102 right now and what is its live location? [live F2] #6",en,Latn,CS0,N0,"{""route_number"": ""102"", ""transport_mode"": ""bus""}","{""route_id"": ""GTFS_ROUTE_16861""}",REQUIRES_REALTIME_DATA,template_instantiation,TMPL_REALTIME_STATUS_QUERY_EN_1
PILOT_T2_TR_000830,,SFAM_FIRST_AND_LAST_SERVICE_015,FAM_FIRST_AND_LAST_SERVICE_015,PARA_FIRST_AND_LAST_SERVICE_14_1,T2_MEDIUM_V1,service_timing,GET_FIRST_LAST_SERVICE,लिटिल माउंट से चेन्नई सेंट्रल के लिए पहली और आखिरी ट्रेन का समय क्या है? (समय F15),hi,Deva,CS0,N0,"{""origin"": ""लिटिल माउंट"", ""destination"": ""चेन्नई सेंट्रल"", ""timing_type"": ""first_last"", ""transport_mode"": ""ट्रेन""}","{""origin_id"": ""METRO_LITTLE_MOUNT"", ""destination_id"": ""METRO_PURATCHI_THALAIVAR_DR__M_G_RAMACHANDRAN_CENTRAL""}",ANSWERABLE_NOW,template_instantiation,TMPL_FIRST_AND_LAST_SERVICE_HI_DEVA_14
PILOT_T2_TR_000831,,SFAM_INTERCHANGE_TRANSFER_012,FAM_INTERCHANGE_TRANSFER_012,PARA_INTERCHANGE_TRANSFER_11_1,T2_MEDIUM_V1,interchange_query,GET_INTERCHANGE_DETAILS,Quick check: थाउजेंड लाइट्स इंटरचेंज पर दूसरी लाइन में ट्रांसफर करने का मार्ग क्या है? (बदलाव F12) #4,hi,Deva,CS0,N0,"{""station"": ""थाउजेंड लाइट्स"", ""facility_type"": ""इंटरचेंज""}","{""station_id"": ""METRO_THOUSAND_LIGHTS""}",ANSWERABLE_AFTER_MANUAL_VERIFICATION,template_instantiation,TMPL_INTERCHANGE_TRANSFER_HI_DEVA_11
PILOT_T2_TR_000832,,SFAM_ROUTE_STOP_SEQUENCE_004,FAM_ROUTE_STOP_SEQUENCE_004,PARA_ROUTE_STOP_SEQUENCE_3_1,T2_MEDIUM_V1,route_stops,LIST_ROUTE_STOPS,Could you specify बस रूट 570 के सभी ठहरावों की क्रमबद्ध सूची दिखाएं। (क्रम F4)? #3,hi,Deva,CS0,N0,"{""route_number"": ""570"", ""transport_mode"": ""बस""}","{""route_id"": ""GTFS_ROUTE_17967""}",ANSWERABLE_WITH_PROVISIONAL_DATA,template_instantiation,TMPL_ROUTE_STOP_SEQUENCE_HI_DEVA_3
PILOT_T2_TR_000833,,SFAM_OUT_OF_SCOPE_015,FAM_OUT_OF_SCOPE_015,PARA_OUT_OF_SCOPE_14_1,T2_MEDIUM_V1,out_of_scope,REJECT_OUT_OF_SCOPE,लिटिल माउंट के निकटतम सबसे अच्छे रेस्टोरेंट और भोजनालय की सूची दें। (बाहर F15),hi,Deva,CS0,N1,"{""station"": ""लिटिल माउंट""}","{""station_id"": ""METRO_LITTLE_MOUNT""}",OUT_OF_SCOPE,template_instantiation,TMPL_OUT_OF_SCOPE_HI_DEVA_14
PILOT_T2_TR_000834,,SFAM_REALTIME_STATUS_QUERY_013,FAM_REALTIME_STATUS_QUERY_013,PARA_REALTIME_STATUS_QUERY_12_1,T2_MEDIUM_V1,realtime_status_query,REJECT_UNSUPPORTED_REALTIME,क्या विमको नगर से आने वाली ट्रेन अभी लेट चल रही है लाइव स्थिति बताएं? (ताज़ा F13),hi,Deva,CS0,N1,"{""origin"": ""विमको नगर"", ""transport_mode"": ""ट्रेन""}","{""origin_id"": ""METRO_WIMCO_NAGAR""}",REQUIRES_REALTIME_DATA,template_instantiation,TMPL_REALTIME_STATUS_QUERY_HI_DEVA_12
PILOT_T2_TR_000835,,SFAM_MULTIMODAL_ROUTE_008,FAM_MULTIMODAL_ROUTE_008,PARA_MULTIMODAL_ROUTE_7_2,T2_MEDIUM_V1,route_query,PLAN_MULTIMODAL_ROUTE,mylapore se little mount bus aur metro switch karke shortest transit kya hai? [opt F8],hi,Latn,CS0,N1,"{""origin"": ""mylapore"", ""destination"": ""little mount"", ""transport_mode"": ""bus aur metro""}","{""origin_id"": ""BUS_410614381"", ""destination_id"": ""METRO_LITTLE_MOUNT""}",ANSWERABLE_WITH_PROVISIONAL_DATA,template_instantiation,TMPL_MULTIMODAL_ROUTE_HI_LATN_7
PILOT_T2_TR_000836,,SFAM_MODE_AVAILABILITY_004,FAM_MODE_AVAILABILITY_004,PARA_MODE_AVAILABILITY_3_0,T2_MEDIUM_V1,service_availability,CHECK_SERVICE_AVAILABILITY,"Hello assistant, Are there direct public transport options from Alandur to Velachery? [avail F4] #7",en,Latn,CS0,N1,"{""origin"": ""Alandur"", ""destination"": ""Velachery"", ""transport_mode"": ""any""}","{""origin_id"": ""METRO_ARIGNAR_ANNA_ALANDUR"", ""destination_id"": ""BUS_1764308008""}",ANSWERABLE_WITH_PROVISIONAL_DATA,template_instantiation,TMPL_MODE_AVAILABILITY_EN_3
PILOT_T2_TR_000837,,SFAM_ROUTE_STOP_MEMBERSHIP_019,FAM_ROUTE_STOP_MEMBERSHIP_019,PARA_ROUTE_STOP_MEMBERSHIP_18_3,T2_MEDIUM_V1,route_stops,CHECK_STOP_ON_ROUTE,Could you specify Verify if Adyar bus stop is covered by route 570 (F19)? #3,hi-en,Latn,CS3,N0,"{""route_number"": ""570"", ""stop"": ""Adyar"", ""transport_mode"": ""bus""}","{""route_id"": ""GTFS_ROUTE_17967"", ""stop_id"": ""BUS_2587520213""}",ANSWERABLE_WITH_PROVISIONAL_DATA,template_instantiation,TMPL_ROUTE_STOP_MEMBERSHIP_HINGLISH_LATN_18
PILOT_T2_TR_000838,,SFAM_STATION_ACCESSIBILITY_017,FAM_STATION_ACCESSIBILITY_017,PARA_STATION_ACCESSIBILITY_16_1,T2_MEDIUM_V1,accessibility,GET_ACCESSIBILITY_INFO,Please tell: क्या सेंट थॉमस माउंट स्टेशन पर दिव्यांग यात्रियों के लिए व्हीलचेयर रैंप उपलब्ध है? (सुलभता F17) #2,hi,Deva,CS0,N0,"{""station"": ""सेंट थॉमस माउंट"", ""accessibility_feature"": ""wheelchair"", ""transport_mode"": ""मेट्रो""}","{""station_id"": ""METRO_ST__THOMAS_MOUNT""}",ANSWERABLE_NOW,template_instantiation,TMPL_STATION_ACCESSIBILITY_HI_DEVA_16
PILOT_T2_TR_000839,,SFAM_FARE_CALCULATION_009,FAM_FARE_CALCULATION_009,PARA_FARE_CALCULATION_8_0,T2_MEDIUM_V1,fare_query,CALCULATE_FARE,Quick check: What is the single-journey ticket fare from Thirumangalam to Saidapet on metro? [fare F9] #4,en,Latn,CS0,N0,"{""origin"": ""Thirumangalam"", ""destination"": ""Saidapet"", ""fare_type"": ""token"", ""transport_mode"": ""metro""}","{""origin_id"": ""METRO_THIRUMANGALAM"", ""destination_id"": ""METRO_SAIDAPET""}",ANSWERABLE_NOW,template_instantiation,TMPL_FARE_CALCULATION_EN_8
PILOT_T2_TR_000840,,SFAM_ROUTE_STOP_MEMBERSHIP_001,FAM_ROUTE_STOP_MEMBERSHIP_001,PARA_ROUTE_STOP_MEMBERSHIP_0_0,T2_MEDIUM_V1,route_stops,CHECK_STOP_ON_ROUTE,Quick check: Does bus route 21G make a scheduled halt at Tambaram? [chk F1] #4,en,Latn,CS0,N0,"{""route_number"": ""21G"", ""stop"": ""Tambaram"", ""transport_mode"": ""bus""}","{""route_id"": ""GTFS_ROUTE_8458"", ""stop_id"": ""BUS_5304399879""}",ANSWERABLE_WITH_PROVISIONAL_DATA,template_instantiation,TMPL_ROUTE_STOP_MEMBERSHIP_EN_0
PILOT_T2_TR_000841,,SFAM_TICKETING_AND_PASSES_007,FAM_TICKETING_AND_PASSES_007,PARA_TICKETING_AND_PASSES_6_1,T2_MEDIUM_V1,ticketing_rules,GET_TICKETING_POLICY,Please tell: यात्रियों के लिए मासिक पास प्राप्त करने के नियम और प्रक्रिया क्या हैं? (पास F7) #2,hi,Deva,CS0,N0,"{""ticket_type"": ""monthly_pass"", ""transport_mode"": ""पारगमन""}",{},ANSWERABLE_NOW,template_instantiation,TMPL_TICKETING_AND_PASSES_HI_DEVA_6
PILOT_T2_TR_000842,,SFAM_MODE_AVAILABILITY_008,FAM_MODE_AVAILABILITY_008,PARA_MODE_AVAILABILITY_7_4,T2_MEDIUM_V1,service_availability,CHECK_SERVICE_AVAILABILITY,Please tell: क्या High Court से Mylapore transport line active hai mode info F8 #2,hi-en,Deva+Latn,CS4,N0,"{""origin"": ""High Court"", ""destination"": ""Mylapore"", ""transport_mode"": ""transport""}","{""origin_id"": ""METRO_HIGHCOURT"", ""destination_id"": ""BUS_410614381""}",ANSWERABLE_WITH_PROVISIONAL_DATA,template_instantiation,TMPL_MODE_AVAILABILITY_MIXED_SCRIPT_CS_7
PILOT_T2_TR_000843,,SFAM_MULTIMODAL_ROUTE_008,FAM_MULTIMODAL_ROUTE_008,PARA_MULTIMODAL_ROUTE_7_2,T2_MEDIUM_V1,route_query,PLAN_MULTIMODAL_ROUTE,Please tell: mylapore se little mount bus aur metro switch karke shortest transit kya hai? [opt F8] #2,hi,Latn,CS0,N0,"{""origin"": ""mylapore"", ""destination"": ""little mount"", ""transport_mode"": ""bus aur metro""}","{""origin_id"": ""BUS_410614381"", ""destination_id"": ""METRO_LITTLE_MOUNT""}",ANSWERABLE_WITH_PROVISIONAL_DATA,template_instantiation,TMPL_MULTIMODAL_ROUTE_HI_LATN_7
PILOT_T2_TR_000844,,SFAM_REALTIME_STATUS_QUERY_018,FAM_REALTIME_STATUS_QUERY_018,PARA_REALTIME_STATUS_QUERY_17_0,T2_MEDIUM_V1,realtime_status_query,REJECT_UNSUPPORTED_REALTIME,Could you specify Where is bus 102A right now and what is its live location? [live F18]? #3,en,Latn,CS0,N0,"{""route_number"": ""102A"", ""transport_mode"": ""bus""}","{""route_id"": ""GTFS_ROUTE_10248""}",REQUIRES_REALTIME_DATA,template_instantiation,TMPL_REALTIME_STATUS_QUERY_EN_17
PILOT_T2_TR_000845,,SFAM_REALTIME_STATUS_QUERY_001,FAM_REALTIME_STATUS_QUERY_001,PARA_REALTIME_STATUS_QUERY_0_2,T2_MEDIUM_V1,realtime_status_query,REJECT_UNSUPPORTED_REALTIME,Bus 21G ka real time current gps location update kahan pahuncha? [track F1],hi,Latn,CS0,N0,"{""route_number"": ""21G"", ""transport_mode"": ""bus""}","{""route_id"": ""GTFS_ROUTE_8458""}",REQUIRES_REALTIME_DATA,template_instantiation,TMPL_REALTIME_STATUS_QUERY_HI_LATN_0
PILOT_T2_TR_000846,,SFAM_TICKETING_AND_PASSES_020,FAM_TICKETING_AND_PASSES_020,PARA_TICKETING_AND_PASSES_19_3,T2_MEDIUM_V1,ticketing_rules,GET_TICKETING_POLICY,Quick check: How can regular passengers apply for and renew Smart Card (F20)? #4,hi-en,Latn,CS3,N0,"{""ticket_type"": ""smart_card"", ""transport_mode"": ""transit""}",{},ANSWERABLE_NOW,template_instantiation,TMPL_TICKETING_AND_PASSES_HINGLISH_LATN_19
PILOT_T2_TR_000847,,SFAM_POINT_TO_POINT_ROUTE_011,FAM_POINT_TO_POINT_ROUTE_011,PARA_POINT_TO_POINT_ROUTE_10_0,T2_MEDIUM_V1,route_query,PLAN_ROUTE,How do I commute from Egmore to Nehru Park by metro? [pattern F11],en,Latn,CS0,N0,"{""origin"": ""Egmore"", ""destination"": ""Nehru Park"", ""transport_mode"": ""metro""}","{""origin_id"": ""METRO_EGMORE"", ""destination_id"": ""METRO_NEHRU_PARK""}",ANSWERABLE_WITH_PROVISIONAL_DATA,template_instantiation,TMPL_POINT_TO_POINT_ROUTE_EN_10
PILOT_T2_TR_000848,,SFAM_TICKETING_AND_PASSES_004,FAM_TICKETING_AND_PASSES_004,PARA_TICKETING_AND_PASSES_3_3,T2_MEDIUM_V1,ticketing_rules,GET_TICKETING_POLICY,"Excuse me, How can regular passengers apply for and renew Tourist One-Day Pass (F4)? #6",hi-en,Latn,CS3,N0,"{""ticket_type"": ""tourist_card"", ""transport_mode"": ""transit""}",{},ANSWERABLE_NOW,template_instantiation,TMPL_TICKETING_AND_PASSES_HINGLISH_LATN_3
PILOT_T2_TR_000849,,SFAM_FARE_CALCULATION_017,FAM_FARE_CALCULATION_017,PARA_FARE_CALCULATION_16_0,T2_MEDIUM_V1,fare_query,CALCULATE_FARE,What is the single-journey ticket fare from St. Thomas Mount to Alandur on metro? [fare F17],en,Latn,CS0,N0,"{""origin"": ""St. Thomas Mount"", ""destination"": ""Alandur"", ""fare_type"": ""token"", ""transport_mode"": ""metro""}","{""origin_id"": ""METRO_ST__THOMAS_MOUNT"", ""destination_id"": ""METRO_ARIGNAR_ANNA_ALANDUR""}",ANSWERABLE_NOW,template_instantiation,TMPL_FARE_CALCULATION_EN_16
PILOT_T2_TR_000850,,SFAM_MULTIMODAL_ROUTE_020,FAM_MULTIMODAL_ROUTE_020,PARA_MULTIMODAL_ROUTE_19_0,T2_MEDIUM_V1,route_query,PLAN_MULTIMODAL_ROUTE,What is the combined bus and metro route from Velachery to Vadapalani? [plan F20],en,Latn,CS0,N0,"{""origin"": ""Velachery"", ""destination"": ""Vadapalani"", ""transport_mode"": ""multimodal""}","{""origin_id"": ""BUS_1764308008"", ""destination_id"": ""METRO_VADAPALANI""}",ANSWERABLE_WITH_PROVISIONAL_DATA,template_instantiation,TMPL_MULTIMODAL_ROUTE_EN_19
PILOT_T2_TR_000851,,SFAM_TICKETING_AND_PASSES_017,FAM_TICKETING_AND_PASSES_017,PARA_TICKETING_AND_PASSES_16_1,T2_MEDIUM_V1,ticketing_rules,GET_TICKETING_POLICY,Could you specify यात्रियों के लिए छात्र रियायती पास प्राप्त करने के नियम और प्रक्रिया क्या हैं? (पास F17)? #3,hi,Deva,CS0,N0,"{""ticket_type"": ""student_pass"", ""transport_mode"": ""पारगमन""}",{},ANSWERABLE_NOW,template_instantiation,TMPL_TICKETING_AND_PASSES_HI_DEVA_16
PILOT_T2_TR_000852,,SFAM_TICKETING_AND_PASSES_016,FAM_TICKETING_AND_PASSES_016,PARA_TICKETING_AND_PASSES_15_3,T2_MEDIUM_V1,ticketing_rules,GET_TICKETING_POLICY,Could you specify How can regular passengers apply for and renew Tourist One-Day Pass (F16)?? #3,hi-en,Latn,CS3,N0,"{""ticket_type"": ""tourist_card"", ""transport_mode"": ""transit""}",{},ANSWERABLE_NOW,template_instantiation,TMPL_TICKETING_AND_PASSES_HINGLISH_LATN_15
PILOT_T2_TR_000853,,SFAM_INTERCHANGE_TRANSFER_016,FAM_INTERCHANGE_TRANSFER_016,PARA_INTERCHANGE_TRANSFER_15_0,T2_MEDIUM_V1,interchange_query,GET_INTERCHANGE_DETAILS,"Excuse me, How do I switch lines to connect towards Guindy at Saidapet interchange? [xfer F16] #6",en,Latn,CS0,N0,"{""station"": ""Saidapet"", ""destination"": ""Guindy"", ""facility_type"": ""interchange""}","{""station_id"": ""METRO_SAIDAPET"", ""destination_id"": ""METRO_GUINDY""}",ANSWERABLE_AFTER_MANUAL_VERIFICATION,template_instantiation,TMPL_INTERCHANGE_TRANSFER_EN_15
PILOT_T2_TR_000854,,SFAM_ROUTE_STOP_MEMBERSHIP_016,FAM_ROUTE_STOP_MEMBERSHIP_016,PARA_ROUTE_STOP_MEMBERSHIP_15_3,T2_MEDIUM_V1,route_stops,CHECK_STOP_ON_ROUTE,Could you specify Verify if Pudupattinam bus stop is covered by route 21G (F16)? #3,hi-en,Latn,CS3,N2,"{""route_number"": ""21G"", ""stop"": ""Pudupattinam"", ""transport_mode"": ""bus""}","{""route_id"": ""GTFS_ROUTE_8458"", ""stop_id"": ""BUS_3616510666""}",ANSWERABLE_WITH_PROVISIONAL_DATA,template_instantiation,TMPL_ROUTE_STOP_MEMBERSHIP_HINGLISH_LATN_15
PILOT_T2_TR_000855,,SFAM_STATION_FACILITIES_005,FAM_STATION_FACILITIES_005,PARA_STATION_FACILITIES_4_2,T2_MEDIUM_V1,station_facilities,GET_STATION_FACILITY,kya cmbt station par passenger car parking service available hai? [amenity F5],hi,Latn,CS0,N0,"{""station"": ""cmbt"", ""facility_type"": ""parking"", ""transport_mode"": ""metro""}","{""station_id"": ""METRO_PURATCHI_THALAIVI_DR_J_JAYALALITHAA_CMBT""}",ANSWERABLE_NOW,template_instantiation,TMPL_STATION_FACILITIES_HI_LATN_4
PILOT_T2_TR_000856,,SFAM_NEAREST_TRANSPORT_005,FAM_NEAREST_TRANSPORT_005,PARA_NEAREST_TRANSPORT_4_4,T2_MEDIUM_V1,nearest_transport,FIND_NEAREST_STATION,Please tell: Maruthi Hospital ke pass nearest metro stop connection distance bataye F5 #2,hi-en,Deva+Latn,CS4,N0,"{""landmark"": ""Maruthi Hospital"", ""transport_mode"": ""metro""}","{""place_id"": ""OSM_POI_7820652140""}",ANSWERABLE_NOW,template_instantiation,TMPL_NEAREST_TRANSPORT_MIXED_SCRIPT_CS_4
PILOT_T2_TR_000857,,SFAM_POINT_TO_POINT_ROUTE_004,FAM_POINT_TO_POINT_ROUTE_004,PARA_POINT_TO_POINT_ROUTE_3_0,T2_MEDIUM_V1,route_query,PLAN_ROUTE,How do I commute from Alandur to Egmore by metro? [pattern F4],en,Latn,CS0,N0,"{""origin"": ""Alandur"", ""destination"": ""Egmore"", ""transport_mode"": ""metro""}","{""origin_id"": ""METRO_ARIGNAR_ANNA_ALANDUR"", ""destination_id"": ""METRO_EGMORE""}",ANSWERABLE_WITH_PROVISIONAL_DATA,template_instantiation,TMPL_POINT_TO_POINT_ROUTE_EN_3
PILOT_T2_TR_000858,,SFAM_ROUTE_STOP_MEMBERSHIP_010,FAM_ROUTE_STOP_MEMBERSHIP_010,PARA_ROUTE_STOP_MEMBERSHIP_9_1,T2_MEDIUM_V1,route_stops,CHECK_STOP_ON_ROUTE,Please tell: क्या बस 12G करुंगुझि स्टॉप पर रुकती है? (जांच F10) #2,hi,Deva,CS0,N0,"{""route_number"": ""12G"", ""stop"": ""करुंगुझि"", ""transport_mode"": ""बस""}","{""route_id"": ""GTFS_ROUTE_18750"", ""stop_id"": ""BUS_5274698920""}",ANSWERABLE_WITH_PROVISIONAL_DATA,template_instantiation,TMPL_ROUTE_STOP_MEMBERSHIP_HI_DEVA_9
PILOT_T2_TR_000859,,SFAM_REALTIME_STATUS_QUERY_016,FAM_REALTIME_STATUS_QUERY_016,PARA_REALTIME_STATUS_QUERY_15_3,T2_MEDIUM_V1,realtime_status_query,REJECT_UNSUPPORTED_REALTIME,Live crowd density and train arrival countdown at Saidapet right now (F16),hi-en,Latn,CS3,N0,"{""station"": ""Saidapet"", ""transport_mode"": ""metro""}","{""station_id"": ""METRO_SAIDAPET""}",REQUIRES_REALTIME_DATA,template_instantiation,TMPL_REALTIME_STATUS_QUERY_HINGLISH_LATN_15
PILOT_T2_TR_000860,,SFAM_POINT_TO_POINT_ROUTE_019,FAM_POINT_TO_POINT_ROUTE_019,PARA_POINT_TO_POINT_ROUTE_18_0,T2_MEDIUM_V1,route_query,PLAN_ROUTE,Could you specify How do I commute from Kilpauk to Koyambedu by metro? [pattern F19]? #3,en,Latn,CS0,N0,"{""origin"": ""Kilpauk"", ""destination"": ""Koyambedu"", ""transport_mode"": ""metro""}","{""origin_id"": ""METRO_KILPAUK"", ""destination_id"": ""METRO_KOYAMBEDU""}",ANSWERABLE_WITH_PROVISIONAL_DATA,template_instantiation,TMPL_POINT_TO_POINT_ROUTE_EN_18
PILOT_T2_TR_000861,,SFAM_ROUTE_STOP_SEQUENCE_001,FAM_ROUTE_STOP_SEQUENCE_001,PARA_ROUTE_STOP_SEQUENCE_0_3,T2_MEDIUM_V1,route_stops,LIST_ROUTE_STOPS,Quick check: Full stop order details for bus number 21G please provide (F1) #4,hi-en,Latn,CS3,N1,"{""route_number"": ""21G"", ""transport_mode"": ""bus""}","{""route_id"": ""GTFS_ROUTE_8458""}",ANSWERABLE_WITH_PROVISIONAL_DATA,template_instantiation,TMPL_ROUTE_STOP_SEQUENCE_HINGLISH_LATN_0
PILOT_T2_TR_000862,,SFAM_ROUTE_STOP_MEMBERSHIP_015,FAM_ROUTE_STOP_MEMBERSHIP_015,PARA_ROUTE_STOP_MEMBERSHIP_14_3,T2_MEDIUM_V1,route_stops,CHECK_STOP_ON_ROUTE,Please tell: Verify if Bus stand bus stop is covered by route Green Line (F15) #2,hi-en,Latn,CS3,N0,"{""route_number"": ""Green Line"", ""stop"": ""Bus stand"", ""transport_mode"": ""bus""}","{""route_id"": ""CMRL_GREEN_CORRIDOR_2"", ""stop_id"": ""BUS_5300484122""}",ANSWERABLE_WITH_PROVISIONAL_DATA,template_instantiation,TMPL_ROUTE_STOP_MEMBERSHIP_HINGLISH_LATN_14
PILOT_T2_TR_000863,,SFAM_STATION_ACCESSIBILITY_014,FAM_STATION_ACCESSIBILITY_014,PARA_STATION_ACCESSIBILITY_13_0,T2_MEDIUM_V1,accessibility,GET_ACCESSIBILITY_INFO,Could you specify Are passenger elevator lift provisions available for differently abled passengers at Washermenpet? [a11y F14]? #3,en,Latn,CS0,N0,"{""station"": ""Washermenpet"", ""accessibility_feature"": ""lift"", ""transport_mode"": ""metro""}","{""station_id"": ""METRO_WASHERMENPET""}",ANSWERABLE_NOW,template_instantiation,TMPL_STATION_ACCESSIBILITY_EN_13
PILOT_T2_TR_000864,,SFAM_INTERCHANGE_TRANSFER_013,FAM_INTERCHANGE_TRANSFER_013,PARA_INTERCHANGE_TRANSFER_12_3,T2_MEDIUM_V1,interchange_query,GET_INTERCHANGE_DETAILS,Could you specify Transfer walking time and directions at Wimco Nagar Depot multimodal terminal (F13)? #3,hi-en,Latn,CS3,N0,"{""station"": ""Wimco Nagar Depot"", ""facility_type"": ""interchange""}","{""station_id"": ""METRO_WIMCO_NAGAR""}",ANSWERABLE_AFTER_MANUAL_VERIFICATION,template_instantiation,TMPL_INTERCHANGE_TRANSFER_HINGLISH_LATN_12
PILOT_T2_TR_000865,,SFAM_FIRST_AND_LAST_SERVICE_013,FAM_FIRST_AND_LAST_SERVICE_013,PARA_FIRST_AND_LAST_SERVICE_12_4,T2_MEDIUM_V1,service_timing,GET_FIRST_LAST_SERVICE,Wimco Nagar Depot से Pachaiyappa College ki last service aur first train timing information F13,hi-en,Deva+Latn,CS4,N0,"{""origin"": ""Wimco Nagar Depot"", ""destination"": ""Pachaiyappa College"", ""timing_type"": ""first_last"", ""transport_mode"": ""train""}","{""origin_id"": ""METRO_WIMCO_NAGAR"", ""destination_id"": ""METRO_PACHAIYAPPA_S_COLLEGE""}",ANSWERABLE_NOW,template_instantiation,TMPL_FIRST_AND_LAST_SERVICE_MIXED_SCRIPT_CS_12
PILOT_T2_TR_000866,,SFAM_NEAREST_TRANSPORT_012,FAM_NEAREST_TRANSPORT_012,PARA_NEAREST_TRANSPORT_11_1,T2_MEDIUM_V1,nearest_transport,FIND_NEAREST_STATION,आईआईटी मद्रास के सबसे निकटतम मेट्रो स्टेशन या बस स्टॉप कौन सा है? (निकट F12),hi,Deva,CS0,N1,"{""landmark"": ""आईआईटी मद्रास"", ""transport_mode"": ""मेट्रो या बस""}","{""place_id"": ""OSM_POI_11013406019""}",ANSWERABLE_NOW,template_instantiation,TMPL_NEAREST_TRANSPORT_HI_DEVA_11
PILOT_T2_TR_000867,,SFAM_STATION_FACILITIES_015,FAM_STATION_FACILITIES_015,PARA_STATION_FACILITIES_14_0,T2_MEDIUM_V1,station_facilities,GET_STATION_FACILITY,Could you specify Is EV vehicle charging facility available at Little Mount metro station? [fac F15]? #3,en,Latn,CS0,N0,"{""station"": ""Little Mount"", ""facility_type"": ""ev_charging"", ""transport_mode"": ""metro""}","{""station_id"": ""METRO_LITTLE_MOUNT""}",ANSWERABLE_NOW,template_instantiation,TMPL_STATION_FACILITIES_EN_14
PILOT_T2_TR_000868,,SFAM_MODE_AVAILABILITY_011,FAM_MODE_AVAILABILITY_011,PARA_MODE_AVAILABILITY_10_3,T2_MEDIUM_V1,service_availability,CHECK_SERVICE_AVAILABILITY,Quick check: Is public transit operational connecting Egmore and Kalpakkam (F11)? #4,hi-en,Latn,CS3,N0,"{""origin"": ""Egmore"", ""destination"": ""Kalpakkam"", ""transport_mode"": ""public transit""}","{""origin_id"": ""METRO_EGMORE"", ""destination_id"": ""BUS_30143150""}",ANSWERABLE_WITH_PROVISIONAL_DATA,template_instantiation,TMPL_MODE_AVAILABILITY_HINGLISH_LATN_10
PILOT_T2_TR_000869,,SFAM_SCHEDULED_DEPARTURE_001,FAM_SCHEDULED_DEPARTURE_001,PARA_SCHEDULED_DEPARTURE_0_3,T2_MEDIUM_V1,service_timing,GET_SCHEDULED_DEPARTURES,Could you specify Airport station se kal 8 baje train schedule kya hoga (F1)? #3,hi-en,Latn,CS3,N2,"{""origin"": ""Airport"", ""temporal_relative"": ""kal"", ""resolved_temporal_offset"": ""UNRESOLVED_TEMPORAL_AMBIGUITY"", ""time"": ""8 baje"", ""temporal_ambiguity"": true, ""dual_candidates"": [""08:00:00"", ""20:00:00""]}","{""origin_id"": ""METRO_CHENNAI_INTERNATIONAL_AIRPORT""}",ANSWERABLE_NOW,template_instantiation,TMPL_SCHEDULED_DEPARTURE_HINGLISH_LATN_0
PILOT_T2_TR_000870,,SFAM_STATION_ACCESSIBILITY_011,FAM_STATION_ACCESSIBILITY_011,PARA_STATION_ACCESSIBILITY_10_1,T2_MEDIUM_V1,accessibility,GET_ACCESSIBILITY_INFO,"Excuse me, क्या एग्मोर स्टेशन पर दिव्यांग यात्रियों के लिए टैक्टाइल पाथ उपलब्ध है? (सुलभता F11) #6",hi,Deva,CS0,N0,"{""station"": ""एग्मोर"", ""accessibility_feature"": ""tactile_path"", ""transport_mode"": ""मेट्रो""}","{""station_id"": ""METRO_EGMORE""}",ANSWERABLE_NOW,template_instantiation,TMPL_STATION_ACCESSIBILITY_HI_DEVA_10
PILOT_T2_TR_000871,,SFAM_STATION_ACCESSIBILITY_014,FAM_STATION_ACCESSIBILITY_014,PARA_STATION_ACCESSIBILITY_13_0,T2_MEDIUM_V1,accessibility,GET_ACCESSIBILITY_INFO,Quick check: Are passenger elevator lift provisions available for differently abled passengers at Washermenpet? [a11y F14] #4,en,Latn,CS0,N0,"{""station"": ""Washermenpet"", ""accessibility_feature"": ""lift"", ""transport_mode"": ""metro""}","{""station_id"": ""METRO_WASHERMENPET""}",ANSWERABLE_NOW,template_instantiation,TMPL_STATION_ACCESSIBILITY_EN_13
PILOT_T2_TR_000872,,SFAM_FIRST_AND_LAST_SERVICE_002,FAM_FIRST_AND_LAST_SERVICE_002,PARA_FIRST_AND_LAST_SERVICE_1_0,T2_MEDIUM_V1,service_timing,GET_FIRST_LAST_SERVICE,What time does the earliest and latest train depart Chennai Central for Thirumangalam? [hrs F2],en,Latn,CS0,N0,"{""origin"": ""Chennai Central"", ""destination"": ""Thirumangalam"", ""timing_type"": ""first_last"", ""transport_mode"": ""metro""}","{""origin_id"": ""METRO_PURATCHI_THALAIVAR_DR__M_G_RAMACHANDRAN_CENTRAL"", ""destination_id"": ""METRO_THIRUMANGALAM""}",ANSWERABLE_NOW,template_instantiation,TMPL_FIRST_AND_LAST_SERVICE_EN_1
PILOT_T2_TR_000873,,SFAM_MODE_AVAILABILITY_017,FAM_MODE_AVAILABILITY_017,PARA_MODE_AVAILABILITY_16_1,T2_MEDIUM_V1,service_availability,CHECK_SERVICE_AVAILABILITY,"Excuse me, क्या सेंट थॉमस माउंट से तांबरम के लिए कोई सार्वजनिक बस या ट्रेन उपलब्ध है? (उपलब्धता F17) #6",hi,Deva,CS0,N0,"{""origin"": ""सेंट थॉमस माउंट"", ""destination"": ""तांबरम"", ""transport_mode"": ""सार्वजनिक बस या ट्रेन""}","{""origin_id"": ""METRO_ST__THOMAS_MOUNT"", ""destination_id"": ""BUS_5304399879""}",ANSWERABLE_WITH_PROVISIONAL_DATA,template_instantiation,TMPL_MODE_AVAILABILITY_HI_DEVA_16
PILOT_T2_TR_000874,,SFAM_FIRST_AND_LAST_SERVICE_017,FAM_FIRST_AND_LAST_SERVICE_017,PARA_FIRST_AND_LAST_SERVICE_16_3,T2_MEDIUM_V1,service_timing,GET_FIRST_LAST_SERVICE,First train and last train operational hours between St. Thomas Mount and Alandur (F17),hi-en,Latn,CS3,N0,"{""origin"": ""St. Thomas Mount"", ""destination"": ""Alandur"", ""timing_type"": ""first_last"", ""transport_mode"": ""train""}","{""origin_id"": ""METRO_ST__THOMAS_MOUNT"", ""destination_id"": ""METRO_ARIGNAR_ANNA_ALANDUR""}",ANSWERABLE_NOW,template_instantiation,TMPL_FIRST_AND_LAST_SERVICE_HINGLISH_LATN_16
PILOT_T2_TR_000875,,SFAM_POINT_TO_POINT_ROUTE_003,FAM_POINT_TO_POINT_ROUTE_003,PARA_POINT_TO_POINT_ROUTE_2_1,T2_MEDIUM_V1,route_query,PLAN_ROUTE,Could you specify गिंडी से अन्ना नगर टावर मेट्रो से जाने का रास्ता क्या है? (प्रारूप F3)? #3,hi,Deva,CS0,N0,"{""origin"": ""गिंडी"", ""destination"": ""अन्ना नगर टावर"", ""transport_mode"": ""मेट्रो""}","{""origin_id"": ""METRO_GUINDY"", ""destination_id"": ""METRO_ANNA_NAGAR_TOWER""}",ANSWERABLE_WITH_PROVISIONAL_DATA,template_instantiation,TMPL_POINT_TO_POINT_ROUTE_HI_DEVA_2
PILOT_T2_TR_000876,,SFAM_REALTIME_STATUS_QUERY_008,FAM_REALTIME_STATUS_QUERY_008,PARA_REALTIME_STATUS_QUERY_7_0,T2_MEDIUM_V1,realtime_status_query,REJECT_UNSUPPORTED_REALTIME,Quick check: Where is bus 47A right now and what is its live location? [live F8] #4,en,Latn,CS0,N0,"{""route_number"": ""47A"", ""transport_mode"": ""bus""}","{""route_id"": ""GTFS_ROUTE_19412""}",REQUIRES_REALTIME_DATA,template_instantiation,TMPL_REALTIME_STATUS_QUERY_EN_7
PILOT_T2_TR_000877,,SFAM_INTERCHANGE_TRANSFER_013,FAM_INTERCHANGE_TRANSFER_013,PARA_INTERCHANGE_TRANSFER_12_0,T2_MEDIUM_V1,interchange_query,GET_INTERCHANGE_DETAILS,Please tell: How do I switch lines to connect towards Pachaiyappa College at Wimco Nagar Depot interchange? [xfer F13] #2,en,Latn,CS0,N0,"{""station"": ""Wimco Nagar Depot"", ""destination"": ""Pachaiyappa College"", ""facility_type"": ""interchange""}","{""station_id"": ""METRO_WIMCO_NAGAR"", ""destination_id"": ""METRO_PACHAIYAPPA_S_COLLEGE""}",ANSWERABLE_AFTER_MANUAL_VERIFICATION,template_instantiation,TMPL_INTERCHANGE_TRANSFER_EN_12
PILOT_T2_TR_000878,,SFAM_MODE_AVAILABILITY_001,FAM_MODE_AVAILABILITY_001,PARA_MODE_AVAILABILITY_0_1,T2_MEDIUM_V1,service_availability,CHECK_SERVICE_AVAILABILITY,Transit query: क्या एयरपोर्ट से तांबरम के लिए कोई सार्वजनिक बस या ट्रेन उपलब्ध है? (उपलब्धता F1) #5,hi,Deva,CS0,N0,"{""origin"": ""एयरपोर्ट"", ""destination"": ""तांबरम"", ""transport_mode"": ""सार्वजनिक बस या ट्रेन""}","{""origin_id"": ""METRO_CHENNAI_INTERNATIONAL_AIRPORT"", ""destination_id"": ""BUS_5304399879""}",ANSWERABLE_WITH_PROVISIONAL_DATA,template_instantiation,TMPL_MODE_AVAILABILITY_HI_DEVA_0
PILOT_T2_TR_000879,,SFAM_OUT_OF_SCOPE_014,FAM_OUT_OF_SCOPE_014,PARA_OUT_OF_SCOPE_13_3,T2_MEDIUM_V1,out_of_scope,REJECT_OUT_OF_SCOPE,What is the general weather rain forecast in Chennai near Maritime Institute today (F14)?,hi-en,Latn,CS3,N0,"{""landmark"": ""Maritime Institute""}","{""place_id"": ""OSM_POI_314081186""}",OUT_OF_SCOPE,template_instantiation,TMPL_OUT_OF_SCOPE_HINGLISH_LATN_13
PILOT_T2_TR_000880,,SFAM_MODE_AVAILABILITY_003,FAM_MODE_AVAILABILITY_003,PARA_MODE_AVAILABILITY_2_0,T2_MEDIUM_V1,service_availability,CHECK_SERVICE_AVAILABILITY,"Excuse me, Are there direct public transport options from Guindy to Adyar? [avail F3] #6",en,Latn,CS0,N0,"{""origin"": ""Guindy"", ""destination"": ""Adyar"", ""transport_mode"": ""any""}","{""origin_id"": ""METRO_GUINDY"", ""destination_id"": ""BUS_2587520213""}",ANSWERABLE_WITH_PROVISIONAL_DATA,template_instantiation,TMPL_MODE_AVAILABILITY_EN_2
PILOT_T2_TR_000881,,SFAM_ROUTE_STOP_SEQUENCE_006,FAM_ROUTE_STOP_SEQUENCE_006,PARA_ROUTE_STOP_SEQUENCE_5_0,T2_MEDIUM_V1,route_stops,LIST_ROUTE_STOPS,Could you specify List every intermediate stop along route 29C in order. [seq F6]? #3,en,Latn,CS0,N0,"{""route_number"": ""29C"", ""transport_mode"": ""bus""}","{""route_id"": ""GTFS_ROUTE_8631""}",ANSWERABLE_WITH_PROVISIONAL_DATA,template_instantiation,TMPL_ROUTE_STOP_SEQUENCE_EN_5
PILOT_T2_TR_000882,,SFAM_INTERCHANGE_TRANSFER_003,FAM_INTERCHANGE_TRANSFER_003,PARA_INTERCHANGE_TRANSFER_2_0,T2_MEDIUM_V1,interchange_query,GET_INTERCHANGE_DETAILS,Transit query: How do I switch lines to connect towards Anna Nagar Tower at Guindy interchange? [xfer F3] #5,en,Latn,CS0,N0,"{""station"": ""Guindy"", ""destination"": ""Anna Nagar Tower"", ""facility_type"": ""interchange""}","{""station_id"": ""METRO_GUINDY"", ""destination_id"": ""METRO_ANNA_NAGAR_TOWER""}",ANSWERABLE_AFTER_MANUAL_VERIFICATION,template_instantiation,TMPL_INTERCHANGE_TRANSFER_EN_2
PILOT_T2_TR_000883,,SFAM_TICKETING_AND_PASSES_005,FAM_TICKETING_AND_PASSES_005,PARA_TICKETING_AND_PASSES_4_4,T2_MEDIUM_V1,ticketing_rules,GET_TICKETING_POLICY,Could you specify Commuter Student Concession Card ke application aur terms ki complete details F5? #3,hi-en,Deva+Latn,CS4,N1,"{""ticket_type"": ""student_pass"", ""transport_mode"": ""transit""}",{},ANSWERABLE_NOW,template_instantiation,TMPL_TICKETING_AND_PASSES_MIXED_SCRIPT_CS_4
PILOT_T2_TR_000884,,SFAM_MODE_AVAILABILITY_007,FAM_MODE_AVAILABILITY_007,PARA_MODE_AVAILABILITY_6_0,T2_MEDIUM_V1,service_availability,CHECK_SERVICE_AVAILABILITY,"Excuse me, Are there direct public transport options from Vadapalani to Thiruvanmiyur? [avail F7] #6",en,Latn,CS0,N0,"{""origin"": ""Vadapalani"", ""destination"": ""Thiruvanmiyur"", ""transport_mode"": ""any""}","{""origin_id"": ""METRO_VADAPALANI"", ""destination_id"": ""BUS_3247310920""}",ANSWERABLE_WITH_PROVISIONAL_DATA,template_instantiation,TMPL_MODE_AVAILABILITY_EN_6
PILOT_T2_TR_000885,,SFAM_INTERCHANGE_TRANSFER_011,FAM_INTERCHANGE_TRANSFER_011,PARA_INTERCHANGE_TRANSFER_10_1,T2_MEDIUM_V1,interchange_query,GET_INTERCHANGE_DETAILS,Quick check: एग्मोर इंटरचेंज पर दूसरी लाइन में ट्रांसफर करने का मार्ग क्या है? (बदलाव F11) #4,hi,Deva,CS0,N0,"{""station"": ""एग्मोर"", ""facility_type"": ""इंटरचेंज""}","{""station_id"": ""METRO_EGMORE""}",ANSWERABLE_AFTER_MANUAL_VERIFICATION,template_instantiation,TMPL_INTERCHANGE_TRANSFER_HI_DEVA_10
PILOT_T2_TR_000886,,SFAM_POINT_TO_POINT_ROUTE_006,FAM_POINT_TO_POINT_ROUTE_006,PARA_POINT_TO_POINT_ROUTE_5_1,T2_MEDIUM_V1,route_query,PLAN_ROUTE,Please tell: कोयम्बेडु से विमको नगर मेट्रो से जाने का रास्ता क्या है? (प्रारूप F6) #2,hi,Deva,CS0,N0,"{""origin"": ""कोयम्बेडु"", ""destination"": ""विमको नगर"", ""transport_mode"": ""मेट्रो""}","{""origin_id"": ""METRO_KOYAMBEDU"", ""destination_id"": ""METRO_WIMCO_NAGAR""}",ANSWERABLE_WITH_PROVISIONAL_DATA,template_instantiation,TMPL_POINT_TO_POINT_ROUTE_HI_DEVA_5
PILOT_T2_TR_000887,,SFAM_MODE_AVAILABILITY_012,FAM_MODE_AVAILABILITY_012,PARA_MODE_AVAILABILITY_11_4,T2_MEDIUM_V1,service_availability,CHECK_SERVICE_AVAILABILITY,Please tell: क्या Thousand Lights से Walajabad transport line active hai mode info F12 #2,hi-en,Deva+Latn,CS4,N0,"{""origin"": ""Thousand Lights"", ""destination"": ""Walajabad"", ""transport_mode"": ""transport""}","{""origin_id"": ""METRO_THOUSAND_LIGHTS"", ""destination_id"": ""BUS_261716087""}",ANSWERABLE_WITH_PROVISIONAL_DATA,template_instantiation,TMPL_MODE_AVAILABILITY_MIXED_SCRIPT_CS_11
PILOT_T2_TR_000888,,SFAM_OUT_OF_SCOPE_014,FAM_OUT_OF_SCOPE_014,PARA_OUT_OF_SCOPE_13_2,T2_MEDIUM_V1,out_of_scope,REJECT_OUT_OF_SCOPE,Could you specify washermenpet airport terminal ke flight delay timings check kijiye. [bahar F14]? #3,hi,Latn,CS0,N0,"{""station"": ""washermenpet""}","{""station_id"": ""METRO_WASHERMENPET""}",OUT_OF_SCOPE,template_instantiation,TMPL_OUT_OF_SCOPE_HI_LATN_13
PILOT_T2_TR_000889,,SFAM_TICKETING_AND_PASSES_019,FAM_TICKETING_AND_PASSES_019,PARA_TICKETING_AND_PASSES_18_0,T2_MEDIUM_V1,ticketing_rules,GET_TICKETING_POLICY,Please tell: What are the rules and procedure to purchase a Monthly Season Pass for commuters? [pass F19] #2,en,Latn,CS0,N0,"{""ticket_type"": ""monthly_pass"", ""transport_mode"": ""transit""}",{},ANSWERABLE_NOW,template_instantiation,TMPL_TICKETING_AND_PASSES_EN_18
PILOT_T2_TR_000890,,SFAM_FIRST_AND_LAST_SERVICE_004,FAM_FIRST_AND_LAST_SERVICE_004,PARA_FIRST_AND_LAST_SERVICE_3_1,T2_MEDIUM_V1,service_timing,GET_FIRST_LAST_SERVICE,आलंदूर से एग्मोर के लिए पहली और आखिरी ट्रेन का समय क्या है? (समय F4),hi,Deva,CS0,N0,"{""origin"": ""आलंदूर"", ""destination"": ""एग्मोर"", ""timing_type"": ""first_last"", ""transport_mode"": ""ट्रेन""}","{""origin_id"": ""METRO_ARIGNAR_ANNA_ALANDUR"", ""destination_id"": ""METRO_EGMORE""}",ANSWERABLE_NOW,template_instantiation,TMPL_FIRST_AND_LAST_SERVICE_HI_DEVA_3
PILOT_T2_TR_000891,,SFAM_MODE_AVAILABILITY_001,FAM_MODE_AVAILABILITY_001,PARA_MODE_AVAILABILITY_0_3,T2_MEDIUM_V1,service_availability,CHECK_SERVICE_AVAILABILITY,Quick check: Is public transit operational connecting Airport and Tambaram (F1)? #4,hi-en,Latn,CS3,N2,"{""origin"": ""Airport"", ""destination"": ""Tambaram"", ""transport_mode"": ""public transit""}","{""origin_id"": ""METRO_CHENNAI_INTERNATIONAL_AIRPORT"", ""destination_id"": ""BUS_5304399879""}",ANSWERABLE_WITH_PROVISIONAL_DATA,template_instantiation,TMPL_MODE_AVAILABILITY_HINGLISH_LATN_0
PILOT_T2_TR_000892,,SFAM_OUT_OF_SCOPE_003,FAM_OUT_OF_SCOPE_003,PARA_OUT_OF_SCOPE_2_1,T2_MEDIUM_V1,out_of_scope,REJECT_OUT_OF_SCOPE,"Hello assistant, गिंडी के निकटतम सबसे अच्छे रेस्टोरेंट और भोजनालय की सूची दें। (बाहर F3) #7",hi,Deva,CS0,N1,"{""station"": ""गिंडी""}","{""station_id"": ""METRO_GUINDY""}",OUT_OF_SCOPE,template_instantiation,TMPL_OUT_OF_SCOPE_HI_DEVA_2
PILOT_T2_TR_000893,,SFAM_STATION_FACILITIES_001,FAM_STATION_FACILITIES_001,PARA_STATION_FACILITIES_0_1,T2_MEDIUM_V1,station_facilities,GET_STATION_FACILITY,Please tell: क्या एयरपोर्ट मेट्रो स्टेशन पर कार पार्किंग की व्यवस्था उपलब्ध है? (सुविधा F1) #2,hi,Deva,CS0,N0,"{""station"": ""एयरपोर्ट"", ""facility_type"": ""parking"", ""transport_mode"": ""मेट्रो""}","{""station_id"": ""METRO_CHENNAI_INTERNATIONAL_AIRPORT""}",ANSWERABLE_NOW,template_instantiation,TMPL_STATION_FACILITIES_HI_DEVA_0
PILOT_T2_TR_000894,,SFAM_MULTIMODAL_ROUTE_010,FAM_MULTIMODAL_ROUTE_010,PARA_MULTIMODAL_ROUTE_9_1,T2_MEDIUM_V1,route_query,PLAN_MULTIMODAL_ROUTE,करुंगुझि से सेंट थॉमस माउंट बस और मेट्रो मिलाकर सबसे तेज़ मार्ग कौन सा है? (योजना F10),hi,Deva,CS0,N0,"{""origin"": ""करुंगुझि"", ""destination"": ""सेंट थॉमस माउंट"", ""transport_mode"": ""बस और मेट्रो""}","{""origin_id"": ""BUS_5274698920"", ""destination_id"": ""METRO_ST__THOMAS_MOUNT""}",ANSWERABLE_WITH_PROVISIONAL_DATA,template_instantiation,TMPL_MULTIMODAL_ROUTE_HI_DEVA_9
PILOT_T2_TR_000895,,SFAM_STATION_ACCESSIBILITY_002,FAM_STATION_ACCESSIBILITY_002,PARA_STATION_ACCESSIBILITY_1_1,T2_MEDIUM_V1,accessibility,GET_ACCESSIBILITY_INFO,Please tell: क्या चेन्नई सेंट्रल स्टेशन पर दिव्यांग यात्रियों के लिए यात्री लिफ्ट उपलब्ध है? (सुलभता F2) #2,hi,Deva,CS0,N0,"{""station"": ""चेन्नई सेंट्रल"", ""accessibility_feature"": ""lift"", ""transport_mode"": ""मेट्रो""}","{""station_id"": ""METRO_PURATCHI_THALAIVAR_DR__M_G_RAMACHANDRAN_CENTRAL""}",ANSWERABLE_NOW,template_instantiation,TMPL_STATION_ACCESSIBILITY_HI_DEVA_1
PILOT_T2_TR_000896,,SFAM_NEAREST_TRANSPORT_011,FAM_NEAREST_TRANSPORT_011,PARA_NEAREST_TRANSPORT_10_3,T2_MEDIUM_V1,nearest_transport,FIND_NEAREST_STATION,Find closest public transport access point near Marina Beach (F11),hi-en,Latn,CS3,N0,"{""landmark"": ""Marina Beach"", ""transport_mode"": ""public transport""}","{""place_id"": ""OSM_POI_12137617372""}",ANSWERABLE_NOW,template_instantiation,TMPL_NEAREST_TRANSPORT_HINGLISH_LATN_10
PILOT_T2_TR_000897,,SFAM_OUT_OF_SCOPE_006,FAM_OUT_OF_SCOPE_006,PARA_OUT_OF_SCOPE_5_4,T2_MEDIUM_V1,out_of_scope,REJECT_OUT_OF_SCOPE,Could you specify Koyambedu ke pass hotel reservation aur movie ticket booking service F6? #3,hi-en,Deva+Latn,CS4,N0,"{""station"": ""Koyambedu""}","{""station_id"": ""METRO_KOYAMBEDU""}",OUT_OF_SCOPE,template_instantiation,TMPL_OUT_OF_SCOPE_MIXED_SCRIPT_CS_5
PILOT_T2_TR_000898,,SFAM_TICKETING_AND_PASSES_017,FAM_TICKETING_AND_PASSES_017,PARA_TICKETING_AND_PASSES_16_3,T2_MEDIUM_V1,ticketing_rules,GET_TICKETING_POLICY,Could you specify How can regular passengers apply for and renew Student Concession Card (F17)?? #3,hi-en,Latn,CS3,N0,"{""ticket_type"": ""student_pass"", ""transport_mode"": ""transit""}",{},ANSWERABLE_NOW,template_instantiation,TMPL_TICKETING_AND_PASSES_HINGLISH_LATN_16
PILOT_T2_TR_000899,,SFAM_ROUTE_STOP_MEMBERSHIP_016,FAM_ROUTE_STOP_MEMBERSHIP_016,PARA_ROUTE_STOP_MEMBERSHIP_15_2,T2_MEDIUM_V1,route_stops,CHECK_STOP_ON_ROUTE,kya bus 21G ka pudupattinam par stoppage hai confirm kare? [check F16],hi,Latn,CS0,N1,"{""route_number"": ""21G"", ""stop"": ""pudupattinam"", ""transport_mode"": ""bus""}","{""route_id"": ""GTFS_ROUTE_8458"", ""stop_id"": ""BUS_3616510666""}",ANSWERABLE_WITH_PROVISIONAL_DATA,template_instantiation,TMPL_ROUTE_STOP_MEMBERSHIP_HI_LATN_15
PILOT_T2_TR_000900,,SFAM_MODE_AVAILABILITY_007,FAM_MODE_AVAILABILITY_007,PARA_MODE_AVAILABILITY_6_3,T2_MEDIUM_V1,service_availability,CHECK_SERVICE_AVAILABILITY,Quick check: Is public transit operational connecting Vadapalani and Thiruvanmiyur (F7)? #4,hi-en,Latn,CS3,N0,"{""origin"": ""Vadapalani"", ""destination"": ""Thiruvanmiyur"", ""transport_mode"": ""public transit""}","{""origin_id"": ""METRO_VADAPALANI"", ""destination_id"": ""BUS_3247310920""}",ANSWERABLE_WITH_PROVISIONAL_DATA,template_instantiation,TMPL_MODE_AVAILABILITY_HINGLISH_LATN_6
PILOT_T2_TR_000901,,SFAM_SERVICE_FREQUENCY_015,FAM_SERVICE_FREQUENCY_015,PARA_SERVICE_FREQUENCY_14_3,T2_MEDIUM_V1,service_timing,GET_SERVICE_FREQUENCY,Peak hour frequency and normal headway between Little Mount and Chennai Central (F15),hi-en,Latn,CS3,N0,"{""origin"": ""Little Mount"", ""destination"": ""Chennai Central"", ""timing_type"": ""frequency"", ""transport_mode"": ""metro""}","{""origin_id"": ""METRO_LITTLE_MOUNT"", ""destination_id"": ""METRO_PURATCHI_THALAIVAR_DR__M_G_RAMACHANDRAN_CENTRAL""}",ANSWERABLE_NOW,template_instantiation,TMPL_SERVICE_FREQUENCY_HINGLISH_LATN_14
PILOT_T2_TR_000902,,SFAM_OUT_OF_SCOPE_013,FAM_OUT_OF_SCOPE_013,PARA_OUT_OF_SCOPE_12_1,T2_MEDIUM_V1,out_of_scope,REJECT_OUT_OF_SCOPE,Please tell: विमको नगर के निकटतम सबसे अच्छे रेस्टोरेंट और भोजनालय की सूची दें। (बाहर F13) #2,hi,Deva,CS0,N0,"{""station"": ""विमको नगर""}","{""station_id"": ""METRO_WIMCO_NAGAR""}",OUT_OF_SCOPE,template_instantiation,TMPL_OUT_OF_SCOPE_HI_DEVA_12
PILOT_T2_TR_000903,,SFAM_TICKETING_AND_PASSES_017,FAM_TICKETING_AND_PASSES_017,PARA_TICKETING_AND_PASSES_16_3,T2_MEDIUM_V1,ticketing_rules,GET_TICKETING_POLICY,Transit query: How can regular passengers apply for and renew Student Concession Card (F17)? #5,hi-en,Latn,CS3,N0,"{""ticket_type"": ""student_pass"", ""transport_mode"": ""transit""}",{},ANSWERABLE_NOW,template_instantiation,TMPL_TICKETING_AND_PASSES_HINGLISH_LATN_16
PILOT_T2_TR_000904,,SFAM_INTERCHANGE_TRANSFER_019,FAM_INTERCHANGE_TRANSFER_019,PARA_INTERCHANGE_TRANSFER_18_3,T2_MEDIUM_V1,interchange_query,GET_INTERCHANGE_DETAILS,Quick check: Transfer walking time and directions at Kilpauk multimodal terminal (F19) #4,hi-en,Latn,CS3,N0,"{""station"": ""Kilpauk"", ""facility_type"": ""interchange""}","{""station_id"": ""METRO_KILPAUK""}",ANSWERABLE_AFTER_MANUAL_VERIFICATION,template_instantiation,TMPL_INTERCHANGE_TRANSFER_HINGLISH_LATN_18
PILOT_T2_TR_000905,,SFAM_NEAREST_TRANSPORT_003,FAM_NEAREST_TRANSPORT_003,PARA_NEAREST_TRANSPORT_2_3,T2_MEDIUM_V1,nearest_transport,FIND_NEAREST_STATION,"Excuse me, Find closest public transport access point near Great Lakes Institute (F3) #6",hi-en,Latn,CS3,N0,"{""landmark"": ""Great Lakes Institute"", ""transport_mode"": ""public transport""}","{""place_id"": ""OSM_POI_577328882""}",ANSWERABLE_NOW,template_instantiation,TMPL_NEAREST_TRANSPORT_HINGLISH_LATN_2
PILOT_T2_TR_000906,,SFAM_FARE_CALCULATION_007,FAM_FARE_CALCULATION_007,PARA_FARE_CALCULATION_6_3,T2_MEDIUM_V1,fare_query,CALCULATE_FARE,"Excuse me, Calculate fare for travel between Vadapalani and Washermenpet stations (F7) #6",hi-en,Latn,CS3,N2,"{""origin"": ""Vadapalani"", ""destination"": ""Washermenpet"", ""transport_mode"": ""metro""}","{""origin_id"": ""METRO_VADAPALANI"", ""destination_id"": ""METRO_WASHERMENPET""}",ANSWERABLE_NOW,template_instantiation,TMPL_FARE_CALCULATION_HINGLISH_LATN_6
PILOT_T2_TR_000907,,SFAM_FARE_CALCULATION_001,FAM_FARE_CALCULATION_001,PARA_FARE_CALCULATION_0_1,T2_MEDIUM_V1,fare_query,CALCULATE_FARE,Please tell: एयरपोर्ट से हाई कोर्ट तक का मेट्रो का टोकन किराया कितना रुपया है? (किराया F1) #2,hi,Deva,CS0,N0,"{""origin"": ""एयरपोर्ट"", ""destination"": ""हाई कोर्ट"", ""fare_type"": ""टोकन"", ""transport_mode"": ""मेट्रो""}","{""origin_id"": ""METRO_CHENNAI_INTERNATIONAL_AIRPORT"", ""destination_id"": ""METRO_HIGHCOURT""}",ANSWERABLE_NOW,template_instantiation,TMPL_FARE_CALCULATION_HI_DEVA_0
PILOT_T2_TR_000908,,SFAM_OUT_OF_SCOPE_014,FAM_OUT_OF_SCOPE_014,PARA_OUT_OF_SCOPE_13_1,T2_MEDIUM_V1,out_of_scope,REJECT_OUT_OF_SCOPE,"Excuse me, वॉशरमैनपेट के निकटतम सबसे अच्छे रेस्टोरेंट और भोजनालय की सूची दें। (बाहर F14) #6",hi,Deva,CS0,N0,"{""station"": ""वॉशरमैनपेट""}","{""station_id"": ""METRO_WASHERMENPET""}",OUT_OF_SCOPE,template_instantiation,TMPL_OUT_OF_SCOPE_HI_DEVA_13
PILOT_T2_TR_000909,,SFAM_TICKETING_AND_PASSES_005,FAM_TICKETING_AND_PASSES_005,PARA_TICKETING_AND_PASSES_4_0,T2_MEDIUM_V1,ticketing_rules,GET_TICKETING_POLICY,Transit query: What are the rules and procedure to purchase a Student Concession Card for commuters? [pass F5] #5,en,Latn,CS0,N0,"{""ticket_type"": ""student_pass"", ""transport_mode"": ""transit""}",{},ANSWERABLE_NOW,template_instantiation,TMPL_TICKETING_AND_PASSES_EN_4
PILOT_T2_TR_000910,,SFAM_FARE_CALCULATION_001,FAM_FARE_CALCULATION_001,PARA_FARE_CALCULATION_0_2,T2_MEDIUM_V1,fare_query,CALCULATE_FARE,Please tell: airport se high court metro ride ka standard ticket cost kitna hoga? [kiraya F1] #2,hi,Latn,CS0,N0,"{""origin"": ""airport"", ""destination"": ""high court"", ""transport_mode"": ""metro""}","{""origin_id"": ""METRO_CHENNAI_INTERNATIONAL_AIRPORT"", ""destination_id"": ""METRO_HIGHCOURT""}",ANSWERABLE_NOW,template_instantiation,TMPL_FARE_CALCULATION_HI_LATN_0
PILOT_T2_TR_000911,,SFAM_REALTIME_STATUS_QUERY_019,FAM_REALTIME_STATUS_QUERY_019,PARA_REALTIME_STATUS_QUERY_18_0,T2_MEDIUM_V1,realtime_status_query,REJECT_UNSUPPORTED_REALTIME,Please tell: Where is bus 570 right now and what is its live location? [live F19] #2,en,Latn,CS0,N0,"{""route_number"": ""570"", ""transport_mode"": ""bus""}","{""route_id"": ""GTFS_ROUTE_17967""}",REQUIRES_REALTIME_DATA,template_instantiation,TMPL_REALTIME_STATUS_QUERY_EN_18
PILOT_T2_TR_000912,,SFAM_STATION_ACCESSIBILITY_003,FAM_STATION_ACCESSIBILITY_003,PARA_STATION_ACCESSIBILITY_2_3,T2_MEDIUM_V1,accessibility,GET_ACCESSIBILITY_INFO,Quick check: Verification of accessible tactile floor paths support at Guindy metro (F3) #4,hi-en,Latn,CS3,N2,"{""station"": ""Guindy"", ""accessibility_feature"": ""tactile_path"", ""transport_mode"": ""metro""}","{""station_id"": ""METRO_GUINDY""}",ANSWERABLE_NOW,template_instantiation,TMPL_STATION_ACCESSIBILITY_HINGLISH_LATN_2
PILOT_T2_TR_000913,,SFAM_REALTIME_STATUS_QUERY_009,FAM_REALTIME_STATUS_QUERY_009,PARA_REALTIME_STATUS_QUERY_8_2,T2_MEDIUM_V1,realtime_status_query,REJECT_UNSUPPORTED_REALTIME,Could you specify Bus 29A ka real time current gps location update kahan pahuncha? [track F9]? #3,hi,Latn,CS0,N0,"{""route_number"": ""29A"", ""transport_mode"": ""bus""}","{""route_id"": ""GTFS_ROUTE_18751""}",REQUIRES_REALTIME_DATA,template_instantiation,TMPL_REALTIME_STATUS_QUERY_HI_LATN_8
PILOT_T2_TR_000914,,SFAM_NEAREST_TRANSPORT_004,FAM_NEAREST_TRANSPORT_004,PARA_NEAREST_TRANSPORT_3_3,T2_MEDIUM_V1,nearest_transport,FIND_NEAREST_STATION,"Excuse me, Find closest public transport access point near Maritime Institute (F4) #6",hi-en,Latn,CS3,N0,"{""landmark"": ""Maritime Institute"", ""transport_mode"": ""public transport""}","{""place_id"": ""OSM_POI_314081186""}",ANSWERABLE_NOW,template_instantiation,TMPL_NEAREST_TRANSPORT_HINGLISH_LATN_3
PILOT_T2_TR_000915,,SFAM_POINT_TO_POINT_ROUTE_002,FAM_POINT_TO_POINT_ROUTE_002,PARA_POINT_TO_POINT_ROUTE_1_3,T2_MEDIUM_V1,route_query,PLAN_ROUTE,Please tell: Chennai Central to Thirumangalam metro ride ka best direct route bataiye (F2) #2,hi-en,Latn,CS3,N0,"{""origin"": ""Chennai Central"", ""destination"": ""Thirumangalam"", ""transport_mode"": ""metro""}","{""origin_id"": ""METRO_PURATCHI_THALAIVAR_DR__M_G_RAMACHANDRAN_CENTRAL"", ""destination_id"": ""METRO_THIRUMANGALAM""}",ANSWERABLE_WITH_PROVISIONAL_DATA,template_instantiation,TMPL_POINT_TO_POINT_ROUTE_HINGLISH_LATN_1
PILOT_T2_TR_000916,,SFAM_INTERCHANGE_TRANSFER_018,FAM_INTERCHANGE_TRANSFER_018,PARA_INTERCHANGE_TRANSFER_17_2,T2_MEDIUM_V1,interchange_query,GET_INTERCHANGE_DETAILS,Please tell: nehru park hub par metro line change karke cmbt kaise jaye? [platform F18] #2,hi,Latn,CS0,N1,"{""station"": ""nehru park"", ""destination"": ""cmbt"", ""facility_type"": ""interchange""}","{""station_id"": ""METRO_NEHRU_PARK"", ""destination_id"": ""METRO_PURATCHI_THALAIVI_DR_J_JAYALALITHAA_CMBT""}",ANSWERABLE_AFTER_MANUAL_VERIFICATION,template_instantiation,TMPL_INTERCHANGE_TRANSFER_HI_LATN_17
PILOT_T2_TR_000917,,SFAM_STATION_FACILITIES_015,FAM_STATION_FACILITIES_015,PARA_STATION_FACILITIES_14_3,T2_MEDIUM_V1,station_facilities,GET_STATION_FACILITY,Transit query: Does Little Mount station premises include operational EV vehicle charging (F15)? #5,hi-en,Latn,CS3,N1,"{""station"": ""Little Mount"", ""facility_type"": ""ev_charging"", ""transport_mode"": ""metro""}","{""station_id"": ""METRO_LITTLE_MOUNT""}",ANSWERABLE_NOW,template_instantiation,TMPL_STATION_FACILITIES_HINGLISH_LATN_14
PILOT_T2_TR_000918,,SFAM_ROUTE_STOP_MEMBERSHIP_019,FAM_ROUTE_STOP_MEMBERSHIP_019,PARA_ROUTE_STOP_MEMBERSHIP_18_1,T2_MEDIUM_V1,route_stops,CHECK_STOP_ON_ROUTE,क्या बस 570 अडयार स्टॉप पर रुकती है? (जांच F19),hi,Deva,CS0,N0,"{""route_number"": ""570"", ""stop"": ""अडयार"", ""transport_mode"": ""बस""}","{""route_id"": ""GTFS_ROUTE_17967"", ""stop_id"": ""BUS_2587520213""}",ANSWERABLE_WITH_PROVISIONAL_DATA,template_instantiation,TMPL_ROUTE_STOP_MEMBERSHIP_HI_DEVA_18
PILOT_T2_TR_000919,,SFAM_STATION_FACILITIES_014,FAM_STATION_FACILITIES_014,PARA_STATION_FACILITIES_13_2,T2_MEDIUM_V1,station_facilities,GET_STATION_FACILITY,Quick check: kya washermenpet station par passenger bike parking service available hai? [amenity F14] #4,hi,Latn,CS0,N0,"{""station"": ""washermenpet"", ""facility_type"": ""two_wheeler_parking"", ""transport_mode"": ""metro""}","{""station_id"": ""METRO_WASHERMENPET""}",ANSWERABLE_NOW,template_instantiation,TMPL_STATION_FACILITIES_HI_LATN_13
PILOT_T2_TR_000920,,SFAM_FARE_CALCULATION_003,FAM_FARE_CALCULATION_003,PARA_FARE_CALCULATION_2_3,T2_MEDIUM_V1,fare_query,CALCULATE_FARE,"Hello assistant, Calculate fare for travel between Guindy and Anna Nagar Tower stations (F3) #7",hi-en,Latn,CS3,N0,"{""origin"": ""Guindy"", ""destination"": ""Anna Nagar Tower"", ""transport_mode"": ""metro""}","{""origin_id"": ""METRO_GUINDY"", ""destination_id"": ""METRO_ANNA_NAGAR_TOWER""}",ANSWERABLE_NOW,template_instantiation,TMPL_FARE_CALCULATION_HINGLISH_LATN_2
PILOT_T2_TR_000921,,SFAM_REALTIME_STATUS_QUERY_016,FAM_REALTIME_STATUS_QUERY_016,PARA_REALTIME_STATUS_QUERY_15_2,T2_MEDIUM_V1,realtime_status_query,REJECT_UNSUPPORTED_REALTIME,Could you specify Bus 21G ka real time current gps location update kahan pahuncha? [track F16]? #3,hi,Latn,CS0,N0,"{""route_number"": ""21G"", ""transport_mode"": ""bus""}","{""route_id"": ""GTFS_ROUTE_8458""}",REQUIRES_REALTIME_DATA,template_instantiation,TMPL_REALTIME_STATUS_QUERY_HI_LATN_15
PILOT_T2_TR_000922,,SFAM_OUT_OF_SCOPE_020,FAM_OUT_OF_SCOPE_020,PARA_OUT_OF_SCOPE_19_4,T2_MEDIUM_V1,out_of_scope,REJECT_OUT_OF_SCOPE,Pachaiyappa College ke pass hotel reservation aur movie ticket booking service F20,hi-en,Deva+Latn,CS4,N2,"{""station"": ""Pachaiyappa College""}","{""station_id"": ""METRO_PACHAIYAPPA_S_COLLEGE""}",OUT_OF_SCOPE,template_instantiation,TMPL_OUT_OF_SCOPE_MIXED_SCRIPT_CS_19
PILOT_T2_TR_000923,,SFAM_ROUTE_STOP_MEMBERSHIP_005,FAM_ROUTE_STOP_MEMBERSHIP_005,PARA_ROUTE_STOP_MEMBERSHIP_4_1,T2_MEDIUM_V1,route_stops,CHECK_STOP_ON_ROUTE,Please tell: क्या बस 23C बेसेंट नगर स्टॉप पर रुकती है? (जांच F5) #2,hi,Deva,CS0,N0,"{""route_number"": ""23C"", ""stop"": ""बेसेंट नगर"", ""transport_mode"": ""बस""}","{""route_id"": ""GTFS_ROUTE_10214"", ""stop_id"": ""BUS_417750654""}",ANSWERABLE_WITH_PROVISIONAL_DATA,template_instantiation,TMPL_ROUTE_STOP_MEMBERSHIP_HI_DEVA_4
PILOT_T2_TR_000924,,SFAM_POINT_TO_POINT_ROUTE_011,FAM_POINT_TO_POINT_ROUTE_011,PARA_POINT_TO_POINT_ROUTE_10_3,T2_MEDIUM_V1,route_query,PLAN_ROUTE,Egmore to Nehru Park metro ride ka best direct route bataiye (F11),hi-en,Latn,CS3,N0,"{""origin"": ""Egmore"", ""destination"": ""Nehru Park"", ""transport_mode"": ""metro""}","{""origin_id"": ""METRO_EGMORE"", ""destination_id"": ""METRO_NEHRU_PARK""}",ANSWERABLE_WITH_PROVISIONAL_DATA,template_instantiation,TMPL_POINT_TO_POINT_ROUTE_HINGLISH_LATN_10
PILOT_T2_TR_000925,,SFAM_STATION_ACCESSIBILITY_004,FAM_STATION_ACCESSIBILITY_004,PARA_STATION_ACCESSIBILITY_3_2,T2_MEDIUM_V1,accessibility,GET_ACCESSIBILITY_INFO,kya alandur metro station me wheelchair disabled ke liye escalator hai? [barrier-free F4],hi,Latn,CS0,N0,"{""station"": ""alandur"", ""accessibility_feature"": ""escalator"", ""transport_mode"": ""metro""}","{""station_id"": ""METRO_ARIGNAR_ANNA_ALANDUR""}",ANSWERABLE_NOW,template_instantiation,TMPL_STATION_ACCESSIBILITY_HI_LATN_3
PILOT_T2_TR_000926,,SFAM_TICKETING_AND_PASSES_009,FAM_TICKETING_AND_PASSES_009,PARA_TICKETING_AND_PASSES_8_0,T2_MEDIUM_V1,ticketing_rules,GET_TICKETING_POLICY,Quick check: What are the rules and procedure to purchase a WhatsApp QR Ticket for commuters? [pass F9] #4,en,Latn,CS0,N0,"{""ticket_type"": ""qr_ticket"", ""transport_mode"": ""transit""}",{},ANSWERABLE_NOW,template_instantiation,TMPL_TICKETING_AND_PASSES_EN_8
PILOT_T2_TR_000927,,SFAM_REALTIME_STATUS_QUERY_009,FAM_REALTIME_STATUS_QUERY_009,PARA_REALTIME_STATUS_QUERY_8_0,T2_MEDIUM_V1,realtime_status_query,REJECT_UNSUPPORTED_REALTIME,"Excuse me, Where is bus 29A right now and what is its live location? [live F9] #6",en,Latn,CS0,N0,"{""route_number"": ""29A"", ""transport_mode"": ""bus""}","{""route_id"": ""GTFS_ROUTE_18751""}",REQUIRES_REALTIME_DATA,template_instantiation,TMPL_REALTIME_STATUS_QUERY_EN_8
PILOT_T2_TR_000928,,SFAM_STATION_FACILITIES_019,FAM_STATION_FACILITIES_019,PARA_STATION_FACILITIES_18_0,T2_MEDIUM_V1,station_facilities,GET_STATION_FACILITY,Is EV vehicle charging facility available at Kilpauk metro station? [fac F19],en,Latn,CS0,N0,"{""station"": ""Kilpauk"", ""facility_type"": ""ev_charging"", ""transport_mode"": ""metro""}","{""station_id"": ""METRO_KILPAUK""}",ANSWERABLE_NOW,template_instantiation,TMPL_STATION_FACILITIES_EN_18
PILOT_T2_TR_000929,,SFAM_OUT_OF_SCOPE_014,FAM_OUT_OF_SCOPE_014,PARA_OUT_OF_SCOPE_13_3,T2_MEDIUM_V1,out_of_scope,REJECT_OUT_OF_SCOPE,Could you specify What is the general weather rain forecast in Chennai near Maritime Institute today (F14)?? #3,hi-en,Latn,CS3,N0,"{""landmark"": ""Maritime Institute""}","{""place_id"": ""OSM_POI_314081186""}",OUT_OF_SCOPE,template_instantiation,TMPL_OUT_OF_SCOPE_HINGLISH_LATN_13
PILOT_T2_TR_000930,,SFAM_REALTIME_STATUS_QUERY_003,FAM_REALTIME_STATUS_QUERY_003,PARA_REALTIME_STATUS_QUERY_2_0,T2_MEDIUM_V1,realtime_status_query,REJECT_UNSUPPORTED_REALTIME,Please tell: Where is bus 102A right now and what is its live location? [live F3] #2,en,Latn,CS0,N0,"{""route_number"": ""102A"", ""transport_mode"": ""bus""}","{""route_id"": ""GTFS_ROUTE_10248""}",REQUIRES_REALTIME_DATA,template_instantiation,TMPL_REALTIME_STATUS_QUERY_EN_2
PILOT_T2_TR_000931,,SFAM_STATION_FACILITIES_013,FAM_STATION_FACILITIES_013,PARA_STATION_FACILITIES_12_3,T2_MEDIUM_V1,station_facilities,GET_STATION_FACILITY,Please tell: Does Wimco Nagar Depot station premises include operational car parking (F13)? #2,hi-en,Latn,CS3,N0,"{""station"": ""Wimco Nagar Depot"", ""facility_type"": ""parking"", ""transport_mode"": ""metro""}","{""station_id"": ""METRO_WIMCO_NAGAR""}",ANSWERABLE_NOW,template_instantiation,TMPL_STATION_FACILITIES_HINGLISH_LATN_12
PILOT_T2_TR_000932,,SFAM_REALTIME_STATUS_QUERY_001,FAM_REALTIME_STATUS_QUERY_001,PARA_REALTIME_STATUS_QUERY_0_1,T2_MEDIUM_V1,realtime_status_query,REJECT_UNSUPPORTED_REALTIME,"Excuse me, क्या एयरपोर्ट से आने वाली ट्रेन अभी लेट चल रही है लाइव स्थिति बताएं? (ताज़ा F1) #6",hi,Deva,CS0,N0,"{""origin"": ""एयरपोर्ट"", ""transport_mode"": ""ट्रेन""}","{""origin_id"": ""METRO_CHENNAI_INTERNATIONAL_AIRPORT""}",REQUIRES_REALTIME_DATA,template_instantiation,TMPL_REALTIME_STATUS_QUERY_HI_DEVA_0
PILOT_T2_TR_000933,,SFAM_FIRST_AND_LAST_SERVICE_016,FAM_FIRST_AND_LAST_SERVICE_016,PARA_FIRST_AND_LAST_SERVICE_15_2,T2_MEDIUM_V1,service_timing,GET_FIRST_LAST_SERVICE,saidapet se guindy first morning aur last night metro departure timing batao [samay F16],hi,Latn,CS0,N0,"{""origin"": ""saidapet"", ""destination"": ""guindy"", ""timing_type"": ""first_last"", ""transport_mode"": ""metro""}","{""origin_id"": ""METRO_SAIDAPET"", ""destination_id"": ""METRO_GUINDY""}",ANSWERABLE_NOW,template_instantiation,TMPL_FIRST_AND_LAST_SERVICE_HI_LATN_15
PILOT_T2_TR_000934,,SFAM_FARE_CALCULATION_012,FAM_FARE_CALCULATION_012,PARA_FARE_CALCULATION_11_4,T2_MEDIUM_V1,fare_query,CALCULATE_FARE,Thousand Lights से Kilpauk metro travel ka discounted smart card fare kya hai F12,hi-en,Deva+Latn,CS4,N0,"{""origin"": ""Thousand Lights"", ""destination"": ""Kilpauk"", ""ticket_type"": ""smart_card"", ""transport_mode"": ""metro""}","{""origin_id"": ""METRO_THOUSAND_LIGHTS"", ""destination_id"": ""METRO_KILPAUK""}",ANSWERABLE_NOW,template_instantiation,TMPL_FARE_CALCULATION_MIXED_SCRIPT_CS_11
PILOT_T2_TR_000935,,SFAM_ROUTE_STOP_SEQUENCE_017,FAM_ROUTE_STOP_SEQUENCE_017,PARA_ROUTE_STOP_SEQUENCE_16_3,T2_MEDIUM_V1,route_stops,LIST_ROUTE_STOPS,Please tell: Full stop order details for bus number 102 please provide (F17) #2,hi-en,Latn,CS3,N0,"{""route_number"": ""102"", ""transport_mode"": ""bus""}","{""route_id"": ""GTFS_ROUTE_16861""}",ANSWERABLE_WITH_PROVISIONAL_DATA,template_instantiation,TMPL_ROUTE_STOP_SEQUENCE_HINGLISH_LATN_16
PILOT_T2_TR_000936,,SFAM_TICKETING_AND_PASSES_015,FAM_TICKETING_AND_PASSES_015,PARA_TICKETING_AND_PASSES_14_1,T2_MEDIUM_V1,ticketing_rules,GET_TICKETING_POLICY,यात्रियों के लिए क्यूआर टिकट प्राप्त करने के नियम और प्रक्रिया क्या हैं? (पास F15),hi,Deva,CS0,N1,"{""ticket_type"": ""qr_ticket"", ""transport_mode"": ""पारगमन""}",{},ANSWERABLE_NOW,template_instantiation,TMPL_TICKETING_AND_PASSES_HI_DEVA_14
PILOT_T2_TR_000937,,SFAM_SCHEDULED_DEPARTURE_001,FAM_SCHEDULED_DEPARTURE_001,PARA_SCHEDULED_DEPARTURE_0_1,T2_MEDIUM_V1,service_timing,GET_SCHEDULED_DEPARTURES,Could you specify एयरपोर्ट से सुबह 8 बजे छूटने वाली गाड़ियों की समय सारणी दिखाएं। (समय F1)? #3,hi,Deva,CS0,N0,"{""origin"": ""एयरपोर्ट"", ""time"": ""सुबह 8 बजे"", ""resolved_time"": ""08:00:00""}","{""origin_id"": ""METRO_CHENNAI_INTERNATIONAL_AIRPORT""}",ANSWERABLE_NOW,template_instantiation,TMPL_SCHEDULED_DEPARTURE_HI_DEVA_0
PILOT_T2_TR_000938,,SFAM_NEAREST_TRANSPORT_011,FAM_NEAREST_TRANSPORT_011,PARA_NEAREST_TRANSPORT_10_0,T2_MEDIUM_V1,nearest_transport,FIND_NEAREST_STATION,Quick check: Which is the nearest metro station or transit stop to Marina Beach? [loc F11] #4,en,Latn,CS0,N0,"{""landmark"": ""Marina Beach"", ""transport_mode"": ""metro""}","{""place_id"": ""OSM_POI_12137617372""}",ANSWERABLE_NOW,template_instantiation,TMPL_NEAREST_TRANSPORT_EN_10
PILOT_T2_TR_000939,,SFAM_NEAREST_TRANSPORT_010,FAM_NEAREST_TRANSPORT_010,PARA_NEAREST_TRANSPORT_9_3,T2_MEDIUM_V1,nearest_transport,FIND_NEAREST_STATION,Quick check: Find closest public transport access point near Padalam Hospital (F10) #4,hi-en,Latn,CS3,N0,"{""landmark"": ""Padalam Hospital"", ""transport_mode"": ""public transport""}","{""place_id"": ""OSM_POI_7257518724""}",ANSWERABLE_NOW,template_instantiation,TMPL_NEAREST_TRANSPORT_HINGLISH_LATN_9
PILOT_T2_TR_000940,,SFAM_STATION_FACILITIES_007,FAM_STATION_FACILITIES_007,PARA_STATION_FACILITIES_6_2,T2_MEDIUM_V1,station_facilities,GET_STATION_FACILITY,Could you specify kya vadapalani station par passenger ev charging station service available hai? [amenity F7]? #3,hi,Latn,CS0,N0,"{""station"": ""vadapalani"", ""facility_type"": ""ev_charging"", ""transport_mode"": ""metro""}","{""station_id"": ""METRO_VADAPALANI""}",ANSWERABLE_NOW,template_instantiation,TMPL_STATION_FACILITIES_HI_LATN_6
PILOT_T2_TR_000941,,SFAM_TICKETING_AND_PASSES_009,FAM_TICKETING_AND_PASSES_009,PARA_TICKETING_AND_PASSES_8_1,T2_MEDIUM_V1,ticketing_rules,GET_TICKETING_POLICY,यात्रियों के लिए क्यूआर टिकट प्राप्त करने के नियम और प्रक्रिया क्या हैं? (पास F9),hi,Deva,CS0,N1,"{""ticket_type"": ""qr_ticket"", ""transport_mode"": ""पारगमन""}",{},ANSWERABLE_NOW,template_instantiation,TMPL_TICKETING_AND_PASSES_HI_DEVA_8
PILOT_T2_TR_000942,,SFAM_STATION_ACCESSIBILITY_006,FAM_STATION_ACCESSIBILITY_006,PARA_STATION_ACCESSIBILITY_5_1,T2_MEDIUM_V1,accessibility,GET_ACCESSIBILITY_INFO,Transit query: क्या कोयम्बेडु स्टेशन पर दिव्यांग यात्रियों के लिए यात्री लिफ्ट उपलब्ध है? (सुलभता F6) #5,hi,Deva,CS0,N2,"{""station"": ""कोयम्बेडु"", ""accessibility_feature"": ""lift"", ""transport_mode"": ""मेट्रो""}","{""station_id"": ""METRO_KOYAMBEDU""}",ANSWERABLE_NOW,template_instantiation,TMPL_STATION_ACCESSIBILITY_HI_DEVA_5
PILOT_T2_TR_000943,,SFAM_MULTIMODAL_ROUTE_017,FAM_MULTIMODAL_ROUTE_017,PARA_MULTIMODAL_ROUTE_16_1,T2_MEDIUM_V1,route_query,PLAN_MULTIMODAL_ROUTE,Could you specify तांबरम से आलंदूर बस और मेट्रो मिलाकर सबसे तेज़ मार्ग कौन सा है? (योजना F17)? #3,hi,Deva,CS0,N0,"{""origin"": ""तांबरम"", ""destination"": ""आलंदूर"", ""transport_mode"": ""बस और मेट्रो""}","{""origin_id"": ""BUS_5304399879"", ""destination_id"": ""METRO_ARIGNAR_ANNA_ALANDUR""}",ANSWERABLE_WITH_PROVISIONAL_DATA,template_instantiation,TMPL_MULTIMODAL_ROUTE_HI_DEVA_16
PILOT_T2_TR_000944,,SFAM_MODE_AVAILABILITY_012,FAM_MODE_AVAILABILITY_012,PARA_MODE_AVAILABILITY_11_2,T2_MEDIUM_V1,service_availability,CHECK_SERVICE_AVAILABILITY,Please tell: thousand lights se walajabad tak direct transit options available hain kya? [suvidha F12] #2,hi,Latn,CS0,N1,"{""origin"": ""thousand lights"", ""destination"": ""walajabad"", ""transport_mode"": ""any""}","{""origin_id"": ""METRO_THOUSAND_LIGHTS"", ""destination_id"": ""BUS_261716087""}",ANSWERABLE_WITH_PROVISIONAL_DATA,template_instantiation,TMPL_MODE_AVAILABILITY_HI_LATN_11
PILOT_T2_TR_000945,,SFAM_FARE_CALCULATION_005,FAM_FARE_CALCULATION_005,PARA_FARE_CALCULATION_4_2,T2_MEDIUM_V1,fare_query,CALCULATE_FARE,Quick check: cmbt se thousand lights metro ride ka standard ticket cost kitna hoga? [kiraya F5] #4,hi,Latn,CS0,N0,"{""origin"": ""cmbt"", ""destination"": ""thousand lights"", ""transport_mode"": ""metro""}","{""origin_id"": ""METRO_PURATCHI_THALAIVI_DR_J_JAYALALITHAA_CMBT"", ""destination_id"": ""METRO_THOUSAND_LIGHTS""}",ANSWERABLE_NOW,template_instantiation,TMPL_FARE_CALCULATION_HI_LATN_4
PILOT_T2_TR_000946,,SFAM_STATION_ACCESSIBILITY_010,FAM_STATION_ACCESSIBILITY_010,PARA_STATION_ACCESSIBILITY_9_2,T2_MEDIUM_V1,accessibility,GET_ACCESSIBILITY_INFO,Please tell: kya anna nagar tower metro station me wheelchair disabled ke liye passenger lift hai? [barrier-free F10] #2,hi,Latn,CS0,N1,"{""station"": ""anna nagar tower"", ""accessibility_feature"": ""lift"", ""transport_mode"": ""metro""}","{""station_id"": ""METRO_ANNA_NAGAR_TOWER""}",ANSWERABLE_NOW,template_instantiation,TMPL_STATION_ACCESSIBILITY_HI_LATN_9
PILOT_T2_TR_000947,,SFAM_STATION_FACILITIES_015,FAM_STATION_FACILITIES_015,PARA_STATION_FACILITIES_14_0,T2_MEDIUM_V1,station_facilities,GET_STATION_FACILITY,Please tell: Is EV vehicle charging facility available at Little Mount metro station? [fac F15] #2,en,Latn,CS0,N0,"{""station"": ""Little Mount"", ""facility_type"": ""ev_charging"", ""transport_mode"": ""metro""}","{""station_id"": ""METRO_LITTLE_MOUNT""}",ANSWERABLE_NOW,template_instantiation,TMPL_STATION_FACILITIES_EN_14
PILOT_T2_TR_000948,,SFAM_NEAREST_TRANSPORT_009,FAM_NEAREST_TRANSPORT_009,PARA_NEAREST_TRANSPORT_8_0,T2_MEDIUM_V1,nearest_transport,FIND_NEAREST_STATION,Could you specify Which is the nearest metro station or transit stop to Karpaga Institute? [loc F9]? #3,en,Latn,CS0,N0,"{""landmark"": ""Karpaga Institute"", ""transport_mode"": ""metro""}","{""place_id"": ""OSM_POI_3082849503""}",ANSWERABLE_NOW,template_instantiation,TMPL_NEAREST_TRANSPORT_EN_8
PILOT_T2_TR_000949,,SFAM_TICKETING_AND_PASSES_018,FAM_TICKETING_AND_PASSES_018,PARA_TICKETING_AND_PASSES_17_4,T2_MEDIUM_V1,ticketing_rules,GET_TICKETING_POLICY,Commuter National Common Mobility Card ke application aur terms ki complete details F18,hi-en,Deva+Latn,CS4,N2,"{""ticket_type"": ""ncmc_card"", ""transport_mode"": ""transit""}",{},ANSWERABLE_NOW,template_instantiation,TMPL_TICKETING_AND_PASSES_MIXED_SCRIPT_CS_17
PILOT_T2_TR_000950,,SFAM_INTERCHANGE_TRANSFER_011,FAM_INTERCHANGE_TRANSFER_011,PARA_INTERCHANGE_TRANSFER_10_4,T2_MEDIUM_V1,interchange_query,GET_INTERCHANGE_DETAILS,Egmore interchange par line switch connection point details check F11,hi-en,Deva+Latn,CS4,N0,"{""station"": ""Egmore"", ""facility_type"": ""interchange""}","{""station_id"": ""METRO_EGMORE""}",ANSWERABLE_AFTER_MANUAL_VERIFICATION,template_instantiation,TMPL_INTERCHANGE_TRANSFER_MIXED_SCRIPT_CS_10
PILOT_T2_TR_000951,,SFAM_REALTIME_STATUS_QUERY_019,FAM_REALTIME_STATUS_QUERY_019,PARA_REALTIME_STATUS_QUERY_18_3,T2_MEDIUM_V1,realtime_status_query,REJECT_UNSUPPORTED_REALTIME,Quick check: Live crowd density and train arrival countdown at Kilpauk right now (F19) #4,hi-en,Latn,CS3,N0,"{""station"": ""Kilpauk"", ""transport_mode"": ""metro""}","{""station_id"": ""METRO_KILPAUK""}",REQUIRES_REALTIME_DATA,template_instantiation,TMPL_REALTIME_STATUS_QUERY_HINGLISH_LATN_18
PILOT_T2_TR_000952,,SFAM_ROUTE_STOP_MEMBERSHIP_013,FAM_ROUTE_STOP_MEMBERSHIP_013,PARA_ROUTE_STOP_MEMBERSHIP_12_2,T2_MEDIUM_V1,route_stops,CHECK_STOP_ON_ROUTE,Please tell: kya bus 15 CT8 ka nelvoy par stoppage hai confirm kare? [check F13] #2,hi,Latn,CS0,N0,"{""route_number"": ""15 CT8"", ""stop"": ""nelvoy"", ""transport_mode"": ""bus""}","{""route_id"": ""GTFS_ROUTE_20494"", ""stop_id"": ""BUS_469106564""}",ANSWERABLE_WITH_PROVISIONAL_DATA,template_instantiation,TMPL_ROUTE_STOP_MEMBERSHIP_HI_LATN_12
PILOT_T2_TR_000953,,SFAM_STATION_ACCESSIBILITY_005,FAM_STATION_ACCESSIBILITY_005,PARA_STATION_ACCESSIBILITY_4_0,T2_MEDIUM_V1,accessibility,GET_ACCESSIBILITY_INFO,Transit query: Are wheelchair ramp provisions available for differently abled passengers at CMBT? [a11y F5] #5,en,Latn,CS0,N0,"{""station"": ""CMBT"", ""accessibility_feature"": ""wheelchair"", ""transport_mode"": ""metro""}","{""station_id"": ""METRO_PURATCHI_THALAIVI_DR_J_JAYALALITHAA_CMBT""}",ANSWERABLE_NOW,template_instantiation,TMPL_STATION_ACCESSIBILITY_EN_4
PILOT_T2_TR_000954,,SFAM_SERVICE_FREQUENCY_003,FAM_SERVICE_FREQUENCY_003,PARA_SERVICE_FREQUENCY_2_3,T2_MEDIUM_V1,service_timing,GET_SERVICE_FREQUENCY,Peak hour frequency and normal headway between Guindy and Anna Nagar Tower (F3),hi-en,Latn,CS3,N1,"{""origin"": ""Guindy"", ""destination"": ""Anna Nagar Tower"", ""timing_type"": ""frequency"", ""transport_mode"": ""metro""}","{""origin_id"": ""METRO_GUINDY"", ""destination_id"": ""METRO_ANNA_NAGAR_TOWER""}",ANSWERABLE_NOW,template_instantiation,TMPL_SERVICE_FREQUENCY_HINGLISH_LATN_2
PILOT_T2_TR_000955,,SFAM_OUT_OF_SCOPE_014,FAM_OUT_OF_SCOPE_014,PARA_OUT_OF_SCOPE_13_1,T2_MEDIUM_V1,out_of_scope,REJECT_OUT_OF_SCOPE,Quick check: वॉशरमैनपेट के निकटतम सबसे अच्छे रेस्टोरेंट और भोजनालय की सूची दें। (बाहर F14) #4,hi,Deva,CS0,N0,"{""station"": ""वॉशरमैनपेट""}","{""station_id"": ""METRO_WASHERMENPET""}",OUT_OF_SCOPE,template_instantiation,TMPL_OUT_OF_SCOPE_HI_DEVA_13
PILOT_T2_TR_000956,,SFAM_STATION_FACILITIES_017,FAM_STATION_FACILITIES_017,PARA_STATION_FACILITIES_16_4,T2_MEDIUM_V1,station_facilities,GET_STATION_FACILITY,Please tell: क्या St. Thomas Mount station par passengers ke liye car parking accessible hai F17 #2,hi-en,Deva+Latn,CS4,N0,"{""station"": ""St. Thomas Mount"", ""facility_type"": ""parking"", ""transport_mode"": ""metro""}","{""station_id"": ""METRO_ST__THOMAS_MOUNT""}",ANSWERABLE_NOW,template_instantiation,TMPL_STATION_FACILITIES_MIXED_SCRIPT_CS_16
PILOT_T2_TR_000957,,SFAM_MULTIMODAL_ROUTE_020,FAM_MULTIMODAL_ROUTE_020,PARA_MULTIMODAL_ROUTE_19_1,T2_MEDIUM_V1,route_query,PLAN_MULTIMODAL_ROUTE,वेलाचेरी से वडपलनी बस और मेट्रो मिलाकर सबसे तेज़ मार्ग कौन सा है? (योजना F20),hi,Deva,CS0,N0,"{""origin"": ""वेलाचेरी"", ""destination"": ""वडपलनी"", ""transport_mode"": ""बस और मेट्रो""}","{""origin_id"": ""BUS_1764308008"", ""destination_id"": ""METRO_VADAPALANI""}",ANSWERABLE_WITH_PROVISIONAL_DATA,template_instantiation,TMPL_MULTIMODAL_ROUTE_HI_DEVA_19
PILOT_T2_TR_000958,,SFAM_REALTIME_STATUS_QUERY_013,FAM_REALTIME_STATUS_QUERY_013,PARA_REALTIME_STATUS_QUERY_12_1,T2_MEDIUM_V1,realtime_status_query,REJECT_UNSUPPORTED_REALTIME,Please tell: क्या विमको नगर से आने वाली ट्रेन अभी लेट चल रही है लाइव स्थिति बताएं? (ताज़ा F13) #2,hi,Deva,CS0,N0,"{""origin"": ""विमको नगर"", ""transport_mode"": ""ट्रेन""}","{""origin_id"": ""METRO_WIMCO_NAGAR""}",REQUIRES_REALTIME_DATA,template_instantiation,TMPL_REALTIME_STATUS_QUERY_HI_DEVA_12
PILOT_T2_TR_000959,,SFAM_INTERCHANGE_TRANSFER_007,FAM_INTERCHANGE_TRANSFER_007,PARA_INTERCHANGE_TRANSFER_6_3,T2_MEDIUM_V1,interchange_query,GET_INTERCHANGE_DETAILS,Transfer walking time and directions at Vadapalani multimodal terminal (F7),hi-en,Latn,CS3,N0,"{""station"": ""Vadapalani"", ""facility_type"": ""interchange""}","{""station_id"": ""METRO_VADAPALANI""}",ANSWERABLE_AFTER_MANUAL_VERIFICATION,template_instantiation,TMPL_INTERCHANGE_TRANSFER_HINGLISH_LATN_6
PILOT_T2_TR_000960,,SFAM_NEAREST_TRANSPORT_001,FAM_NEAREST_TRANSPORT_001,PARA_NEAREST_TRANSPORT_0_1,T2_MEDIUM_V1,nearest_transport,FIND_NEAREST_STATION,Transit query: मरीना बीच के सबसे निकटतम मेट्रो स्टेशन या बस स्टॉप कौन सा है? (निकट F1) #5,hi,Deva,CS0,N0,"{""landmark"": ""मरीना बीच"", ""transport_mode"": ""मेट्रो या बस""}","{""place_id"": ""OSM_POI_12137617372""}",ANSWERABLE_NOW,template_instantiation,TMPL_NEAREST_TRANSPORT_HI_DEVA_0
PILOT_T2_TR_000961,,SFAM_MODE_AVAILABILITY_012,FAM_MODE_AVAILABILITY_012,PARA_MODE_AVAILABILITY_11_1,T2_MEDIUM_V1,service_availability,CHECK_SERVICE_AVAILABILITY,क्या थाउजेंड लाइट्स से वालाजाबाद के लिए कोई सार्वजनिक बस या ट्रेन उपलब्ध है? (उपलब्धता F12),hi,Deva,CS0,N1,"{""origin"": ""थाउजेंड लाइट्स"", ""destination"": ""वालाजाबाद"", ""transport_mode"": ""सार्वजनिक बस या ट्रेन""}","{""origin_id"": ""METRO_THOUSAND_LIGHTS"", ""destination_id"": ""BUS_261716087""}",ANSWERABLE_WITH_PROVISIONAL_DATA,template_instantiation,TMPL_MODE_AVAILABILITY_HI_DEVA_11
PILOT_T2_TR_000962,,SFAM_STATION_ACCESSIBILITY_009,FAM_STATION_ACCESSIBILITY_009,PARA_STATION_ACCESSIBILITY_8_1,T2_MEDIUM_V1,accessibility,GET_ACCESSIBILITY_INFO,Could you specify क्या तिरुमंगलम स्टेशन पर दिव्यांग यात्रियों के लिए व्हीलचेयर रैंप उपलब्ध है? (सुलभता F9)? #3,hi,Deva,CS0,N0,"{""station"": ""तिरुमंगलम"", ""accessibility_feature"": ""wheelchair"", ""transport_mode"": ""मेट्रो""}","{""station_id"": ""METRO_THIRUMANGALAM""}",ANSWERABLE_NOW,template_instantiation,TMPL_STATION_ACCESSIBILITY_HI_DEVA_8
PILOT_T2_TR_000963,,SFAM_ROUTE_STOP_MEMBERSHIP_011,FAM_ROUTE_STOP_MEMBERSHIP_011,PARA_ROUTE_STOP_MEMBERSHIP_10_0,T2_MEDIUM_V1,route_stops,CHECK_STOP_ON_ROUTE,Does bus route 11 R make a scheduled halt at Kalpakkam? [chk F11],en,Latn,CS0,N0,"{""route_number"": ""11 R"", ""stop"": ""Kalpakkam"", ""transport_mode"": ""bus""}","{""route_id"": ""GTFS_ROUTE_23728"", ""stop_id"": ""BUS_30143150""}",ANSWERABLE_WITH_PROVISIONAL_DATA,template_instantiation,TMPL_ROUTE_STOP_MEMBERSHIP_EN_10
PILOT_T2_TR_000964,,SFAM_SERVICE_FREQUENCY_005,FAM_SERVICE_FREQUENCY_005,PARA_SERVICE_FREQUENCY_4_3,T2_MEDIUM_V1,service_timing,GET_SERVICE_FREQUENCY,Peak hour frequency and normal headway between CMBT and Thousand Lights (F5),hi-en,Latn,CS3,N1,"{""origin"": ""CMBT"", ""destination"": ""Thousand Lights"", ""timing_type"": ""frequency"", ""transport_mode"": ""metro""}","{""origin_id"": ""METRO_PURATCHI_THALAIVI_DR_J_JAYALALITHAA_CMBT"", ""destination_id"": ""METRO_THOUSAND_LIGHTS""}",ANSWERABLE_NOW,template_instantiation,TMPL_SERVICE_FREQUENCY_HINGLISH_LATN_4
PILOT_T2_TR_000965,,SFAM_MULTIMODAL_ROUTE_020,FAM_MULTIMODAL_ROUTE_020,PARA_MULTIMODAL_ROUTE_19_0,T2_MEDIUM_V1,route_query,PLAN_MULTIMODAL_ROUTE,Please tell: What is the combined bus and metro route from Velachery to Vadapalani? [plan F20] #2,en,Latn,CS0,N0,"{""origin"": ""Velachery"", ""destination"": ""Vadapalani"", ""transport_mode"": ""multimodal""}","{""origin_id"": ""BUS_1764308008"", ""destination_id"": ""METRO_VADAPALANI""}",ANSWERABLE_WITH_PROVISIONAL_DATA,template_instantiation,TMPL_MULTIMODAL_ROUTE_EN_19
PILOT_T2_TR_000966,,SFAM_STATION_ACCESSIBILITY_013,FAM_STATION_ACCESSIBILITY_013,PARA_STATION_ACCESSIBILITY_12_1,T2_MEDIUM_V1,accessibility,GET_ACCESSIBILITY_INFO,Quick check: क्या विमको नगर स्टेशन पर दिव्यांग यात्रियों के लिए व्हीलचेयर रैंप उपलब्ध है? (सुलभता F13) #4,hi,Deva,CS0,N0,"{""station"": ""विमको नगर"", ""accessibility_feature"": ""wheelchair"", ""transport_mode"": ""मेट्रो""}","{""station_id"": ""METRO_WIMCO_NAGAR""}",ANSWERABLE_NOW,template_instantiation,TMPL_STATION_ACCESSIBILITY_HI_DEVA_12
PILOT_T2_TR_000967,,SFAM_REALTIME_STATUS_QUERY_001,FAM_REALTIME_STATUS_QUERY_001,PARA_REALTIME_STATUS_QUERY_0_4,T2_MEDIUM_V1,realtime_status_query,REJECT_UNSUPPORTED_REALTIME,Airport se metro live delay status aur real time position tracking F1,hi-en,Deva+Latn,CS4,N0,"{""origin"": ""Airport"", ""transport_mode"": ""metro""}","{""origin_id"": ""METRO_CHENNAI_INTERNATIONAL_AIRPORT""}",REQUIRES_REALTIME_DATA,template_instantiation,TMPL_REALTIME_STATUS_QUERY_MIXED_SCRIPT_CS_0
PILOT_T2_TR_000968,,SFAM_REALTIME_STATUS_QUERY_001,FAM_REALTIME_STATUS_QUERY_001,PARA_REALTIME_STATUS_QUERY_0_2,T2_MEDIUM_V1,realtime_status_query,REJECT_UNSUPPORTED_REALTIME,Quick check: Bus 21G ka real time current gps location update kahan pahuncha? [track F1] #4,hi,Latn,CS0,N0,"{""route_number"": ""21G"", ""transport_mode"": ""bus""}","{""route_id"": ""GTFS_ROUTE_8458""}",REQUIRES_REALTIME_DATA,template_instantiation,TMPL_REALTIME_STATUS_QUERY_HI_LATN_0
PILOT_T2_TR_000969,,SFAM_POINT_TO_POINT_ROUTE_015,FAM_POINT_TO_POINT_ROUTE_015,PARA_POINT_TO_POINT_ROUTE_14_2,T2_MEDIUM_V1,route_query,PLAN_ROUTE,little mount se chennai central metro se travel kaise kare? [tarika F15],hi,Latn,CS0,N1,"{""origin"": ""little mount"", ""destination"": ""chennai central"", ""transport_mode"": ""metro""}","{""origin_id"": ""METRO_LITTLE_MOUNT"", ""destination_id"": ""METRO_PURATCHI_THALAIVAR_DR__M_G_RAMACHANDRAN_CENTRAL""}",ANSWERABLE_WITH_PROVISIONAL_DATA,template_instantiation,TMPL_POINT_TO_POINT_ROUTE_HI_LATN_14
PILOT_T2_TR_000970,,SFAM_REALTIME_STATUS_QUERY_009,FAM_REALTIME_STATUS_QUERY_009,PARA_REALTIME_STATUS_QUERY_8_2,T2_MEDIUM_V1,realtime_status_query,REJECT_UNSUPPORTED_REALTIME,Bus 29A ka real time current gps location update kahan pahuncha? [track F9],hi,Latn,CS0,N0,"{""route_number"": ""29A"", ""transport_mode"": ""bus""}","{""route_id"": ""GTFS_ROUTE_18751""}",REQUIRES_REALTIME_DATA,template_instantiation,TMPL_REALTIME_STATUS_QUERY_HI_LATN_8
PILOT_T2_TR_000971,,SFAM_STATION_ACCESSIBILITY_005,FAM_STATION_ACCESSIBILITY_005,PARA_STATION_ACCESSIBILITY_4_0,T2_MEDIUM_V1,accessibility,GET_ACCESSIBILITY_INFO,"Hello assistant, Are wheelchair ramp provisions available for differently abled passengers at CMBT? [a11y F5] #7",en,Latn,CS0,N1,"{""station"": ""CMBT"", ""accessibility_feature"": ""wheelchair"", ""transport_mode"": ""metro""}","{""station_id"": ""METRO_PURATCHI_THALAIVI_DR_J_JAYALALITHAA_CMBT""}",ANSWERABLE_NOW,template_instantiation,TMPL_STATION_ACCESSIBILITY_EN_4
PILOT_T2_TR_000972,,SFAM_REALTIME_STATUS_QUERY_019,FAM_REALTIME_STATUS_QUERY_019,PARA_REALTIME_STATUS_QUERY_18_4,T2_MEDIUM_V1,realtime_status_query,REJECT_UNSUPPORTED_REALTIME,Kilpauk se metro live delay status aur real time position tracking F19,hi-en,Deva+Latn,CS4,N2,"{""origin"": ""Kilpauk"", ""transport_mode"": ""metro""}","{""origin_id"": ""METRO_KILPAUK""}",REQUIRES_REALTIME_DATA,template_instantiation,TMPL_REALTIME_STATUS_QUERY_MIXED_SCRIPT_CS_18
PILOT_T2_TR_000973,,SFAM_SCHEDULED_DEPARTURE_016,FAM_SCHEDULED_DEPARTURE_016,PARA_SCHEDULED_DEPARTURE_15_3,T2_MEDIUM_V1,service_timing,GET_SCHEDULED_DEPARTURES,Saidapet station se kal 8 baje train schedule kya hoga (F16),hi-en,Latn,CS3,N0,"{""origin"": ""Saidapet"", ""temporal_relative"": ""kal"", ""resolved_temporal_offset"": ""UNRESOLVED_TEMPORAL_AMBIGUITY"", ""time"": ""8 baje"", ""temporal_ambiguity"": true, ""dual_candidates"": [""08:00:00"", ""20:00:00""]}","{""origin_id"": ""METRO_SAIDAPET""}",ANSWERABLE_NOW,template_instantiation,TMPL_SCHEDULED_DEPARTURE_HINGLISH_LATN_15
PILOT_T2_TR_000974,,SFAM_INTERCHANGE_TRANSFER_009,FAM_INTERCHANGE_TRANSFER_009,PARA_INTERCHANGE_TRANSFER_8_1,T2_MEDIUM_V1,interchange_query,GET_INTERCHANGE_DETAILS,Quick check: तिरुमंगलम इंटरचेंज पर दूसरी लाइन में ट्रांसफर करने का मार्ग क्या है? (बदलाव F9) #4,hi,Deva,CS0,N0,"{""station"": ""तिरुमंगलम"", ""facility_type"": ""इंटरचेंज""}","{""station_id"": ""METRO_THIRUMANGALAM""}",ANSWERABLE_AFTER_MANUAL_VERIFICATION,template_instantiation,TMPL_INTERCHANGE_TRANSFER_HI_DEVA_8
PILOT_T2_TR_000975,,SFAM_OUT_OF_SCOPE_017,FAM_OUT_OF_SCOPE_017,PARA_OUT_OF_SCOPE_16_4,T2_MEDIUM_V1,out_of_scope,REJECT_OUT_OF_SCOPE,Please tell: St. Thomas Mount ke pass hotel reservation aur movie ticket booking service F17 #2,hi-en,Deva+Latn,CS4,N0,"{""station"": ""St. Thomas Mount""}","{""station_id"": ""METRO_ST__THOMAS_MOUNT""}",OUT_OF_SCOPE,template_instantiation,TMPL_OUT_OF_SCOPE_MIXED_SCRIPT_CS_16
PILOT_T2_TR_000976,,SFAM_MODE_AVAILABILITY_005,FAM_MODE_AVAILABILITY_005,PARA_MODE_AVAILABILITY_4_4,T2_MEDIUM_V1,service_availability,CHECK_SERVICE_AVAILABILITY,Please tell: क्या CMBT से Besant Nagar transport line active hai mode info F5 #2,hi-en,Deva+Latn,CS4,N0,"{""origin"": ""CMBT"", ""destination"": ""Besant Nagar"", ""transport_mode"": ""transport""}","{""origin_id"": ""METRO_PURATCHI_THALAIVI_DR_J_JAYALALITHAA_CMBT"", ""destination_id"": ""BUS_417750654""}",ANSWERABLE_WITH_PROVISIONAL_DATA,template_instantiation,TMPL_MODE_AVAILABILITY_MIXED_SCRIPT_CS_4
PILOT_T2_TR_000977,,SFAM_STATION_ACCESSIBILITY_020,FAM_STATION_ACCESSIBILITY_020,PARA_STATION_ACCESSIBILITY_19_1,T2_MEDIUM_V1,accessibility,GET_ACCESSIBILITY_INFO,क्या पचैयप्पा कॉलेज स्टेशन पर दिव्यांग यात्रियों के लिए एस्केलेटर उपलब्ध है? (सुलभता F20),hi,Deva,CS0,N1,"{""station"": ""पचैयप्पा कॉलेज"", ""accessibility_feature"": ""escalator"", ""transport_mode"": ""मेट्रो""}","{""station_id"": ""METRO_PACHAIYAPPA_S_COLLEGE""}",ANSWERABLE_NOW,template_instantiation,TMPL_STATION_ACCESSIBILITY_HI_DEVA_19
PILOT_T2_TR_000978,,SFAM_MULTIMODAL_ROUTE_010,FAM_MULTIMODAL_ROUTE_010,PARA_MULTIMODAL_ROUTE_9_3,T2_MEDIUM_V1,route_query,PLAN_MULTIMODAL_ROUTE,Can you give combined bus and train route from Karunguzhi to St. Thomas Mount (F10)?,hi-en,Latn,CS3,N0,"{""origin"": ""Karunguzhi"", ""destination"": ""St. Thomas Mount"", ""transport_mode"": ""bus and train""}","{""origin_id"": ""BUS_5274698920"", ""destination_id"": ""METRO_ST__THOMAS_MOUNT""}",ANSWERABLE_WITH_PROVISIONAL_DATA,template_instantiation,TMPL_MULTIMODAL_ROUTE_HINGLISH_LATN_9
PILOT_T2_TR_000979,,SFAM_NEAREST_TRANSPORT_005,FAM_NEAREST_TRANSPORT_005,PARA_NEAREST_TRANSPORT_4_3,T2_MEDIUM_V1,nearest_transport,FIND_NEAREST_STATION,"Excuse me, Find closest public transport access point near Maruthi Hospital (F5) #6",hi-en,Latn,CS3,N0,"{""landmark"": ""Maruthi Hospital"", ""transport_mode"": ""public transport""}","{""place_id"": ""OSM_POI_7820652140""}",ANSWERABLE_NOW,template_instantiation,TMPL_NEAREST_TRANSPORT_HINGLISH_LATN_4
PILOT_T2_TR_000980,,SFAM_STATION_FACILITIES_002,FAM_STATION_FACILITIES_002,PARA_STATION_FACILITIES_1_3,T2_MEDIUM_V1,station_facilities,GET_STATION_FACILITY,"Excuse me, Does Chennai Central station premises include operational two-wheeler bike parking (F2)? #6",hi-en,Latn,CS3,N0,"{""station"": ""Chennai Central"", ""facility_type"": ""two_wheeler_parking"", ""transport_mode"": ""metro""}","{""station_id"": ""METRO_PURATCHI_THALAIVAR_DR__M_G_RAMACHANDRAN_CENTRAL""}",ANSWERABLE_NOW,template_instantiation,TMPL_STATION_FACILITIES_HINGLISH_LATN_1
PILOT_T2_TR_000981,,SFAM_OUT_OF_SCOPE_008,FAM_OUT_OF_SCOPE_008,PARA_OUT_OF_SCOPE_7_0,T2_MEDIUM_V1,out_of_scope,REJECT_OUT_OF_SCOPE,Could you specify Book a private cab taxi ride from High Court to Little Mount. [cab F8]? #3,en,Latn,CS0,N0,"{""origin"": ""High Court"", ""destination"": ""Little Mount""}","{""origin_id"": ""METRO_HIGHCOURT"", ""destination_id"": ""METRO_LITTLE_MOUNT""}",OUT_OF_SCOPE,template_instantiation,TMPL_OUT_OF_SCOPE_EN_7
PILOT_T2_TR_000982,,SFAM_POINT_TO_POINT_ROUTE_006,FAM_POINT_TO_POINT_ROUTE_006,PARA_POINT_TO_POINT_ROUTE_5_2,T2_MEDIUM_V1,route_query,PLAN_ROUTE,Please tell: koyambedu se wimco nagar depot metro se travel kaise kare? [tarika F6] #2,hi,Latn,CS0,N0,"{""origin"": ""koyambedu"", ""destination"": ""wimco nagar depot"", ""transport_mode"": ""metro""}","{""origin_id"": ""METRO_KOYAMBEDU"", ""destination_id"": ""METRO_WIMCO_NAGAR""}",ANSWERABLE_WITH_PROVISIONAL_DATA,template_instantiation,TMPL_POINT_TO_POINT_ROUTE_HI_LATN_5
PILOT_T2_TR_000983,,SFAM_FIRST_AND_LAST_SERVICE_016,FAM_FIRST_AND_LAST_SERVICE_016,PARA_FIRST_AND_LAST_SERVICE_15_3,T2_MEDIUM_V1,service_timing,GET_FIRST_LAST_SERVICE,First train and last train operational hours between Saidapet and Guindy (F16),hi-en,Latn,CS3,N0,"{""origin"": ""Saidapet"", ""destination"": ""Guindy"", ""timing_type"": ""first_last"", ""transport_mode"": ""train""}","{""origin_id"": ""METRO_SAIDAPET"", ""destination_id"": ""METRO_GUINDY""}",ANSWERABLE_NOW,template_instantiation,TMPL_FIRST_AND_LAST_SERVICE_HINGLISH_LATN_15
PILOT_T2_TR_000984,,SFAM_NEAREST_TRANSPORT_014,FAM_NEAREST_TRANSPORT_014,PARA_NEAREST_TRANSPORT_13_0,T2_MEDIUM_V1,nearest_transport,FIND_NEAREST_STATION,Which is the nearest metro station or transit stop to Maritime Institute? [loc F14],en,Latn,CS0,N0,"{""landmark"": ""Maritime Institute"", ""transport_mode"": ""metro""}","{""place_id"": ""OSM_POI_314081186""}",ANSWERABLE_NOW,template_instantiation,TMPL_NEAREST_TRANSPORT_EN_13
PILOT_T2_TR_000985,,SFAM_MODE_AVAILABILITY_019,FAM_MODE_AVAILABILITY_019,PARA_MODE_AVAILABILITY_18_1,T2_MEDIUM_V1,service_availability,CHECK_SERVICE_AVAILABILITY,Could you specify क्या किल्पौक से अडयार के लिए कोई सार्वजनिक बस या ट्रेन उपलब्ध है? (उपलब्धता F19)? #3,hi,Deva,CS0,N0,"{""origin"": ""किल्पौक"", ""destination"": ""अडयार"", ""transport_mode"": ""सार्वजनिक बस या ट्रेन""}","{""origin_id"": ""METRO_KILPAUK"", ""destination_id"": ""BUS_2587520213""}",ANSWERABLE_WITH_PROVISIONAL_DATA,template_instantiation,TMPL_MODE_AVAILABILITY_HI_DEVA_18
PILOT_T2_TR_000986,,SFAM_STATION_FACILITIES_001,FAM_STATION_FACILITIES_001,PARA_STATION_FACILITIES_0_1,T2_MEDIUM_V1,station_facilities,GET_STATION_FACILITY,क्या एयरपोर्ट मेट्रो स्टेशन पर कार पार्किंग की व्यवस्था उपलब्ध है? (सुविधा F1),hi,Deva,CS0,N0,"{""station"": ""एयरपोर्ट"", ""facility_type"": ""parking"", ""transport_mode"": ""मेट्रो""}","{""station_id"": ""METRO_CHENNAI_INTERNATIONAL_AIRPORT""}",ANSWERABLE_NOW,template_instantiation,TMPL_STATION_FACILITIES_HI_DEVA_0
PILOT_T2_TR_000987,,SFAM_FARE_CALCULATION_011,FAM_FARE_CALCULATION_011,PARA_FARE_CALCULATION_10_0,T2_MEDIUM_V1,fare_query,CALCULATE_FARE,"Excuse me, What is the single-journey ticket fare from Egmore to Nehru Park on metro? [fare F11] #6",en,Latn,CS0,N0,"{""origin"": ""Egmore"", ""destination"": ""Nehru Park"", ""fare_type"": ""token"", ""transport_mode"": ""metro""}","{""origin_id"": ""METRO_EGMORE"", ""destination_id"": ""METRO_NEHRU_PARK""}",ANSWERABLE_NOW,template_instantiation,TMPL_FARE_CALCULATION_EN_10
PILOT_T2_TR_000988,,SFAM_ROUTE_STOP_SEQUENCE_011,FAM_ROUTE_STOP_SEQUENCE_011,PARA_ROUTE_STOP_SEQUENCE_10_0,T2_MEDIUM_V1,route_stops,LIST_ROUTE_STOPS,List every intermediate stop along route 11 R in order. [seq F11],en,Latn,CS0,N0,"{""route_number"": ""11 R"", ""transport_mode"": ""bus""}","{""route_id"": ""GTFS_ROUTE_23728""}",ANSWERABLE_WITH_PROVISIONAL_DATA,template_instantiation,TMPL_ROUTE_STOP_SEQUENCE_EN_10
PILOT_T2_TR_000989,,SFAM_STATION_FACILITIES_001,FAM_STATION_FACILITIES_001,PARA_STATION_FACILITIES_0_0,T2_MEDIUM_V1,station_facilities,GET_STATION_FACILITY,Please tell: Is car parking facility available at Airport metro station? [fac F1] #2,en,Latn,CS0,N0,"{""station"": ""Airport"", ""facility_type"": ""parking"", ""transport_mode"": ""metro""}","{""station_id"": ""METRO_CHENNAI_INTERNATIONAL_AIRPORT""}",ANSWERABLE_NOW,template_instantiation,TMPL_STATION_FACILITIES_EN_0
PILOT_T2_TR_000990,,SFAM_INTERCHANGE_TRANSFER_020,FAM_INTERCHANGE_TRANSFER_020,PARA_INTERCHANGE_TRANSFER_19_0,T2_MEDIUM_V1,interchange_query,GET_INTERCHANGE_DETAILS,Quick check: How do I switch lines to connect towards Vadapalani at Pachaiyappa College interchange? [xfer F20] #4,en,Latn,CS0,N0,"{""station"": ""Pachaiyappa College"", ""destination"": ""Vadapalani"", ""facility_type"": ""interchange""}","{""station_id"": ""METRO_PACHAIYAPPA_S_COLLEGE"", ""destination_id"": ""METRO_VADAPALANI""}",ANSWERABLE_AFTER_MANUAL_VERIFICATION,template_instantiation,TMPL_INTERCHANGE_TRANSFER_EN_19
PILOT_T2_TR_000991,,SFAM_NEAREST_TRANSPORT_013,FAM_NEAREST_TRANSPORT_013,PARA_NEAREST_TRANSPORT_12_1,T2_MEDIUM_V1,nearest_transport,FIND_NEAREST_STATION,Could you specify ग्रेट लेक्स संस्थान के सबसे निकटतम मेट्रो स्टेशन या बस स्टॉप कौन सा है? (निकट F13)? #3,hi,Deva,CS0,N0,"{""landmark"": ""ग्रेट लेक्स संस्थान"", ""transport_mode"": ""मेट्रो या बस""}","{""place_id"": ""OSM_POI_577328882""}",ANSWERABLE_NOW,template_instantiation,TMPL_NEAREST_TRANSPORT_HI_DEVA_12
PILOT_T2_TR_000992,,SFAM_NEAREST_TRANSPORT_010,FAM_NEAREST_TRANSPORT_010,PARA_NEAREST_TRANSPORT_9_0,T2_MEDIUM_V1,nearest_transport,FIND_NEAREST_STATION,"Excuse me, Which is the nearest metro station or transit stop to Padalam Hospital? [loc F10] #6",en,Latn,CS0,N0,"{""landmark"": ""Padalam Hospital"", ""transport_mode"": ""metro""}","{""place_id"": ""OSM_POI_7257518724""}",ANSWERABLE_NOW,template_instantiation,TMPL_NEAREST_TRANSPORT_EN_9
PILOT_T2_TR_000993,,SFAM_OUT_OF_SCOPE_018,FAM_OUT_OF_SCOPE_018,PARA_OUT_OF_SCOPE_17_1,T2_MEDIUM_V1,out_of_scope,REJECT_OUT_OF_SCOPE,नेहरू पार्क के निकटतम सबसे अच्छे रेस्टोरेंट और भोजनालय की सूची दें। (बाहर F18),hi,Deva,CS0,N1,"{""station"": ""नेहरू पार्क""}","{""station_id"": ""METRO_NEHRU_PARK""}",OUT_OF_SCOPE,template_instantiation,TMPL_OUT_OF_SCOPE_HI_DEVA_17
PILOT_T2_TR_000994,,SFAM_STATION_FACILITIES_016,FAM_STATION_FACILITIES_016,PARA_STATION_FACILITIES_15_3,T2_MEDIUM_V1,station_facilities,GET_STATION_FACILITY,Please tell: Does Saidapet station premises include operational bicycle parking stand (F16)? #2,hi-en,Latn,CS3,N0,"{""station"": ""Saidapet"", ""facility_type"": ""bicycle_stand"", ""transport_mode"": ""metro""}","{""station_id"": ""METRO_SAIDAPET""}",ANSWERABLE_NOW,template_instantiation,TMPL_STATION_FACILITIES_HINGLISH_LATN_15
PILOT_T2_TR_000995,,SFAM_TICKETING_AND_PASSES_018,FAM_TICKETING_AND_PASSES_018,PARA_TICKETING_AND_PASSES_17_2,T2_MEDIUM_V1,ticketing_rules,GET_TICKETING_POLICY,ncmc card recharge karne ka guidelines aur validity rule bataye. [card F18],hi,Latn,CS0,N0,"{""ticket_type"": ""ncmc_card"", ""transport_mode"": ""transit""}",{},ANSWERABLE_NOW,template_instantiation,TMPL_TICKETING_AND_PASSES_HI_LATN_17
PILOT_T2_TR_000996,,SFAM_TICKETING_AND_PASSES_018,FAM_TICKETING_AND_PASSES_018,PARA_TICKETING_AND_PASSES_17_2,T2_MEDIUM_V1,ticketing_rules,GET_TICKETING_POLICY,Could you specify ncmc card recharge karne ka guidelines aur validity rule bataye. [card F18]? #3,hi,Latn,CS0,N0,"{""ticket_type"": ""ncmc_card"", ""transport_mode"": ""transit""}",{},ANSWERABLE_NOW,template_instantiation,TMPL_TICKETING_AND_PASSES_HI_LATN_17
PILOT_T2_TR_000997,,SFAM_REALTIME_STATUS_QUERY_017,FAM_REALTIME_STATUS_QUERY_017,PARA_REALTIME_STATUS_QUERY_16_3,T2_MEDIUM_V1,realtime_status_query,REJECT_UNSUPPORTED_REALTIME,"Excuse me, Live crowd density and train arrival countdown at St. Thomas Mount right now (F17) #6",hi-en,Latn,CS3,N1,"{""station"": ""St. Thomas Mount"", ""transport_mode"": ""metro""}","{""station_id"": ""METRO_ST__THOMAS_MOUNT""}",REQUIRES_REALTIME_DATA,template_instantiation,TMPL_REALTIME_STATUS_QUERY_HINGLISH_LATN_16
PILOT_T2_TR_000998,,SFAM_FARE_CALCULATION_013,FAM_FARE_CALCULATION_013,PARA_FARE_CALCULATION_12_0,T2_MEDIUM_V1,fare_query,CALCULATE_FARE,Could you specify What is the single-journey ticket fare from Wimco Nagar Depot to Pachaiyappa College on metro? [fare F13]? #3,en,Latn,CS0,N0,"{""origin"": ""Wimco Nagar Depot"", ""destination"": ""Pachaiyappa College"", ""fare_type"": ""token"", ""transport_mode"": ""metro""}","{""origin_id"": ""METRO_WIMCO_NAGAR"", ""destination_id"": ""METRO_PACHAIYAPPA_S_COLLEGE""}",ANSWERABLE_NOW,template_instantiation,TMPL_FARE_CALCULATION_EN_12
PILOT_T2_TR_000999,,SFAM_TICKETING_AND_PASSES_015,FAM_TICKETING_AND_PASSES_015,PARA_TICKETING_AND_PASSES_14_0,T2_MEDIUM_V1,ticketing_rules,GET_TICKETING_POLICY,Could you specify What are the rules and procedure to purchase a WhatsApp QR Ticket for commuters? [pass F15]? #3,en,Latn,CS0,N0,"{""ticket_type"": ""qr_ticket"", ""transport_mode"": ""transit""}",{},ANSWERABLE_NOW,template_instantiation,TMPL_TICKETING_AND_PASSES_EN_14
PILOT_T2_TR_001000,,SFAM_STATION_FACILITIES_015,FAM_STATION_FACILITIES_015,PARA_STATION_FACILITIES_14_1,T2_MEDIUM_V1,station_facilities,GET_STATION_FACILITY,"Excuse me, क्या लिटिल माउंट मेट्रो स्टेशन पर ईवी चार्जिंग की व्यवस्था उपलब्ध है? (सुविधा F15) #6",hi,Deva,CS0,N0,"{""station"": ""लिटिल माउंट"", ""facility_type"": ""ev_charging"", ""transport_mode"": ""मेट्रो""}","{""station_id"": ""METRO_LITTLE_MOUNT""}",ANSWERABLE_NOW,template_instantiation,TMPL_STATION_FACILITIES_HI_DEVA_14
PILOT_T2_TR_001001,,SFAM_TICKETING_AND_PASSES_017,FAM_TICKETING_AND_PASSES_017,PARA_TICKETING_AND_PASSES_16_0,T2_MEDIUM_V1,ticketing_rules,GET_TICKETING_POLICY,Quick check: What are the rules and procedure to purchase a Student Concession Card for commuters? [pass F17] #4,en,Latn,CS0,N0,"{""ticket_type"": ""student_pass"", ""transport_mode"": ""transit""}",{},ANSWERABLE_NOW,template_instantiation,TMPL_TICKETING_AND_PASSES_EN_16
PILOT_T2_TR_001002,,SFAM_TICKETING_AND_PASSES_003,FAM_TICKETING_AND_PASSES_003,PARA_TICKETING_AND_PASSES_2_0,T2_MEDIUM_V1,ticketing_rules,GET_TICKETING_POLICY,Quick check: What are the rules and procedure to purchase a WhatsApp QR Ticket for commuters? [pass F3] #4,en,Latn,CS0,N0,"{""ticket_type"": ""qr_ticket"", ""transport_mode"": ""transit""}",{},ANSWERABLE_NOW,template_instantiation,TMPL_TICKETING_AND_PASSES_EN_2
PILOT_T2_TR_001003,,SFAM_NEAREST_TRANSPORT_017,FAM_NEAREST_TRANSPORT_017,PARA_NEAREST_TRANSPORT_16_2,T2_MEDIUM_V1,nearest_transport,FIND_NEAREST_STATION,mother child hospital se closest walking distance metro transit point kaunsa hai? [paas F17],hi,Latn,CS0,N0,"{""landmark"": ""mother child hospital"", ""transport_mode"": ""metro""}","{""place_id"": ""OSM_POI_7257518731""}",ANSWERABLE_NOW,template_instantiation,TMPL_NEAREST_TRANSPORT_HI_LATN_16
PILOT_T2_TR_001004,,SFAM_STATION_ACCESSIBILITY_002,FAM_STATION_ACCESSIBILITY_002,PARA_STATION_ACCESSIBILITY_1_3,T2_MEDIUM_V1,accessibility,GET_ACCESSIBILITY_INFO,"Excuse me, Verification of accessible passenger elevator lift support at Chennai Central metro (F2) #6",hi-en,Latn,CS3,N0,"{""station"": ""Chennai Central"", ""accessibility_feature"": ""lift"", ""transport_mode"": ""metro""}","{""station_id"": ""METRO_PURATCHI_THALAIVAR_DR__M_G_RAMACHANDRAN_CENTRAL""}",ANSWERABLE_NOW,template_instantiation,TMPL_STATION_ACCESSIBILITY_HINGLISH_LATN_1
PILOT_T2_TR_001005,,SFAM_NEAREST_TRANSPORT_005,FAM_NEAREST_TRANSPORT_005,PARA_NEAREST_TRANSPORT_4_0,T2_MEDIUM_V1,nearest_transport,FIND_NEAREST_STATION,Could you specify Which is the nearest metro station or transit stop to Maruthi Hospital? [loc F5]? #3,en,Latn,CS0,N0,"{""landmark"": ""Maruthi Hospital"", ""transport_mode"": ""metro""}","{""place_id"": ""OSM_POI_7820652140""}",ANSWERABLE_NOW,template_instantiation,TMPL_NEAREST_TRANSPORT_EN_4
PILOT_T2_TR_001006,,SFAM_OUT_OF_SCOPE_003,FAM_OUT_OF_SCOPE_003,PARA_OUT_OF_SCOPE_2_2,T2_MEDIUM_V1,out_of_scope,REJECT_OUT_OF_SCOPE,Please tell: guindy airport terminal ke flight delay timings check kijiye. [bahar F3] #2,hi,Latn,CS0,N0,"{""station"": ""guindy""}","{""station_id"": ""METRO_GUINDY""}",OUT_OF_SCOPE,template_instantiation,TMPL_OUT_OF_SCOPE_HI_LATN_2
PILOT_T2_TR_001007,,SFAM_TICKETING_AND_PASSES_011,FAM_TICKETING_AND_PASSES_011,PARA_TICKETING_AND_PASSES_10_2,T2_MEDIUM_V1,ticketing_rules,GET_TICKETING_POLICY,Please tell: student pass recharge karne ka guidelines aur validity rule bataye. [card F11] #2,hi,Latn,CS0,N1,"{""ticket_type"": ""student_pass"", ""transport_mode"": ""transit""}",{},ANSWERABLE_NOW,template_instantiation,TMPL_TICKETING_AND_PASSES_HI_LATN_10
PILOT_T2_TR_001008,,SFAM_STATION_ACCESSIBILITY_011,FAM_STATION_ACCESSIBILITY_011,PARA_STATION_ACCESSIBILITY_10_3,T2_MEDIUM_V1,accessibility,GET_ACCESSIBILITY_INFO,Please tell: Verification of accessible tactile floor paths support at Egmore metro (F11) #2,hi-en,Latn,CS3,N0,"{""station"": ""Egmore"", ""accessibility_feature"": ""tactile_path"", ""transport_mode"": ""metro""}","{""station_id"": ""METRO_EGMORE""}",ANSWERABLE_NOW,template_instantiation,TMPL_STATION_ACCESSIBILITY_HINGLISH_LATN_10
PILOT_T2_TR_001009,,SFAM_FARE_CALCULATION_008,FAM_FARE_CALCULATION_008,PARA_FARE_CALCULATION_7_0,T2_MEDIUM_V1,fare_query,CALCULATE_FARE,What is the single-journey ticket fare from High Court to Little Mount on metro? [fare F8],en,Latn,CS0,N0,"{""origin"": ""High Court"", ""destination"": ""Little Mount"", ""fare_type"": ""token"", ""transport_mode"": ""metro""}","{""origin_id"": ""METRO_HIGHCOURT"", ""destination_id"": ""METRO_LITTLE_MOUNT""}",ANSWERABLE_NOW,template_instantiation,TMPL_FARE_CALCULATION_EN_7
PILOT_T2_TR_001010,,SFAM_FARE_CALCULATION_015,FAM_FARE_CALCULATION_015,PARA_FARE_CALCULATION_14_0,T2_MEDIUM_V1,fare_query,CALCULATE_FARE,Transit query: What is the single-journey ticket fare from Little Mount to Chennai Central on metro? [fare F15] #5,en,Latn,CS0,N0,"{""origin"": ""Little Mount"", ""destination"": ""Chennai Central"", ""fare_type"": ""token"", ""transport_mode"": ""metro""}","{""origin_id"": ""METRO_LITTLE_MOUNT"", ""destination_id"": ""METRO_PURATCHI_THALAIVAR_DR__M_G_RAMACHANDRAN_CENTRAL""}",ANSWERABLE_NOW,template_instantiation,TMPL_FARE_CALCULATION_EN_14
PILOT_T2_TR_001011,,SFAM_STATION_ACCESSIBILITY_016,FAM_STATION_ACCESSIBILITY_016,PARA_STATION_ACCESSIBILITY_15_0,T2_MEDIUM_V1,accessibility,GET_ACCESSIBILITY_INFO,Are escalator stairs provisions available for differently abled passengers at Saidapet? [a11y F16],en,Latn,CS0,N0,"{""station"": ""Saidapet"", ""accessibility_feature"": ""escalator"", ""transport_mode"": ""metro""}","{""station_id"": ""METRO_SAIDAPET""}",ANSWERABLE_NOW,template_instantiation,TMPL_STATION_ACCESSIBILITY_EN_15
PILOT_T2_TR_001012,,SFAM_STATION_ACCESSIBILITY_002,FAM_STATION_ACCESSIBILITY_002,PARA_STATION_ACCESSIBILITY_1_0,T2_MEDIUM_V1,accessibility,GET_ACCESSIBILITY_INFO,Could you specify Are passenger elevator lift provisions available for differently abled passengers at Chennai Central? [a11y F2]? #3,en,Latn,CS0,N0,"{""station"": ""Chennai Central"", ""accessibility_feature"": ""lift"", ""transport_mode"": ""metro""}","{""station_id"": ""METRO_PURATCHI_THALAIVAR_DR__M_G_RAMACHANDRAN_CENTRAL""}",ANSWERABLE_NOW,template_instantiation,TMPL_STATION_ACCESSIBILITY_EN_1
PILOT_T2_TR_001013,,SFAM_FARE_CALCULATION_002,FAM_FARE_CALCULATION_002,PARA_FARE_CALCULATION_1_1,T2_MEDIUM_V1,fare_query,CALCULATE_FARE,"Excuse me, चेन्नई सेंट्रल से तिरुमंगलम तक का मेट्रो का टोकन किराया कितना रुपया है? (किराया F2) #6",hi,Deva,CS0,N0,"{""origin"": ""चेन्नई सेंट्रल"", ""destination"": ""तिरुमंगलम"", ""fare_type"": ""टोकन"", ""transport_mode"": ""मेट्रो""}","{""origin_id"": ""METRO_PURATCHI_THALAIVAR_DR__M_G_RAMACHANDRAN_CENTRAL"", ""destination_id"": ""METRO_THIRUMANGALAM""}",ANSWERABLE_NOW,template_instantiation,TMPL_FARE_CALCULATION_HI_DEVA_1
PILOT_T2_TR_001014,,SFAM_POINT_TO_POINT_ROUTE_001,FAM_POINT_TO_POINT_ROUTE_001,PARA_POINT_TO_POINT_ROUTE_0_3,T2_MEDIUM_V1,route_query,PLAN_ROUTE,Could you specify Airport to High Court metro ride ka best direct route bataiye (F1)? #3,hi-en,Latn,CS3,N0,"{""origin"": ""Airport"", ""destination"": ""High Court"", ""transport_mode"": ""metro""}","{""origin_id"": ""METRO_CHENNAI_INTERNATIONAL_AIRPORT"", ""destination_id"": ""METRO_HIGHCOURT""}",ANSWERABLE_WITH_PROVISIONAL_DATA,template_instantiation,TMPL_POINT_TO_POINT_ROUTE_HINGLISH_LATN_0
PILOT_T2_TR_001015,,SFAM_STATION_ACCESSIBILITY_014,FAM_STATION_ACCESSIBILITY_014,PARA_STATION_ACCESSIBILITY_13_3,T2_MEDIUM_V1,accessibility,GET_ACCESSIBILITY_INFO,Verification of accessible passenger elevator lift support at Washermenpet metro (F14),hi-en,Latn,CS3,N0,"{""station"": ""Washermenpet"", ""accessibility_feature"": ""lift"", ""transport_mode"": ""metro""}","{""station_id"": ""METRO_WASHERMENPET""}",ANSWERABLE_NOW,template_instantiation,TMPL_STATION_ACCESSIBILITY_HINGLISH_LATN_13
PILOT_T2_TR_001016,,SFAM_STATION_FACILITIES_014,FAM_STATION_FACILITIES_014,PARA_STATION_FACILITIES_13_2,T2_MEDIUM_V1,station_facilities,GET_STATION_FACILITY,Could you specify kya washermenpet station par passenger bike parking service available hai? [amenity F14]? #3,hi,Latn,CS0,N0,"{""station"": ""washermenpet"", ""facility_type"": ""two_wheeler_parking"", ""transport_mode"": ""metro""}","{""station_id"": ""METRO_WASHERMENPET""}",ANSWERABLE_NOW,template_instantiation,TMPL_STATION_FACILITIES_HI_LATN_13
PILOT_T2_TR_001017,,SFAM_INTERCHANGE_TRANSFER_020,FAM_INTERCHANGE_TRANSFER_020,PARA_INTERCHANGE_TRANSFER_19_3,T2_MEDIUM_V1,interchange_query,GET_INTERCHANGE_DETAILS,Please tell: Transfer walking time and directions at Pachaiyappa College multimodal terminal (F20) #2,hi-en,Latn,CS3,N0,"{""station"": ""Pachaiyappa College"", ""facility_type"": ""interchange""}","{""station_id"": ""METRO_PACHAIYAPPA_S_COLLEGE""}",ANSWERABLE_AFTER_MANUAL_VERIFICATION,template_instantiation,TMPL_INTERCHANGE_TRANSFER_HINGLISH_LATN_19
PILOT_T2_TR_001018,,SFAM_FIRST_AND_LAST_SERVICE_016,FAM_FIRST_AND_LAST_SERVICE_016,PARA_FIRST_AND_LAST_SERVICE_15_4,T2_MEDIUM_V1,service_timing,GET_FIRST_LAST_SERVICE,Saidapet से Guindy ki last service aur first train timing information F16,hi-en,Deva+Latn,CS4,N0,"{""origin"": ""Saidapet"", ""destination"": ""Guindy"", ""timing_type"": ""first_last"", ""transport_mode"": ""train""}","{""origin_id"": ""METRO_SAIDAPET"", ""destination_id"": ""METRO_GUINDY""}",ANSWERABLE_NOW,template_instantiation,TMPL_FIRST_AND_LAST_SERVICE_MIXED_SCRIPT_CS_15
PILOT_T2_TR_001019,,SFAM_MODE_AVAILABILITY_001,FAM_MODE_AVAILABILITY_001,PARA_MODE_AVAILABILITY_0_3,T2_MEDIUM_V1,service_availability,CHECK_SERVICE_AVAILABILITY,Could you specify Is public transit operational connecting Airport and Tambaram (F1)?? #3,hi-en,Latn,CS3,N1,"{""origin"": ""Airport"", ""destination"": ""Tambaram"", ""transport_mode"": ""public transit""}","{""origin_id"": ""METRO_CHENNAI_INTERNATIONAL_AIRPORT"", ""destination_id"": ""BUS_5304399879""}",ANSWERABLE_WITH_PROVISIONAL_DATA,template_instantiation,TMPL_MODE_AVAILABILITY_HINGLISH_LATN_0
PILOT_T2_TR_001020,,SFAM_TICKETING_AND_PASSES_007,FAM_TICKETING_AND_PASSES_007,PARA_TICKETING_AND_PASSES_6_3,T2_MEDIUM_V1,ticketing_rules,GET_TICKETING_POLICY,Could you specify How can regular passengers apply for and renew Monthly Season Pass (F7)?? #3,hi-en,Latn,CS3,N0,"{""ticket_type"": ""monthly_pass"", ""transport_mode"": ""transit""}",{},ANSWERABLE_NOW,template_instantiation,TMPL_TICKETING_AND_PASSES_HINGLISH_LATN_6
PILOT_T2_TR_001021,,SFAM_FARE_CALCULATION_013,FAM_FARE_CALCULATION_013,PARA_FARE_CALCULATION_12_4,T2_MEDIUM_V1,fare_query,CALCULATE_FARE,Wimco Nagar Depot से Pachaiyappa College metro travel ka discounted smart card fare kya hai F13,hi-en,Deva+Latn,CS4,N0,"{""origin"": ""Wimco Nagar Depot"", ""destination"": ""Pachaiyappa College"", ""ticket_type"": ""smart_card"", ""transport_mode"": ""metro""}","{""origin_id"": ""METRO_WIMCO_NAGAR"", ""destination_id"": ""METRO_PACHAIYAPPA_S_COLLEGE""}",ANSWERABLE_NOW,template_instantiation,TMPL_FARE_CALCULATION_MIXED_SCRIPT_CS_12
PILOT_T2_TR_001022,,SFAM_ROUTE_STOP_MEMBERSHIP_003,FAM_ROUTE_STOP_MEMBERSHIP_003,PARA_ROUTE_STOP_MEMBERSHIP_2_2,T2_MEDIUM_V1,route_stops,CHECK_STOP_ON_ROUTE,Please tell: kya bus 102A ka adyar par stoppage hai confirm kare? [check F3] #2,hi,Latn,CS0,N0,"{""route_number"": ""102A"", ""stop"": ""adyar"", ""transport_mode"": ""bus""}","{""route_id"": ""GTFS_ROUTE_10248"", ""stop_id"": ""BUS_2587520213""}",ANSWERABLE_WITH_PROVISIONAL_DATA,template_instantiation,TMPL_ROUTE_STOP_MEMBERSHIP_HI_LATN_2
PILOT_T2_TR_001023,,SFAM_ROUTE_STOP_SEQUENCE_001,FAM_ROUTE_STOP_SEQUENCE_001,PARA_ROUTE_STOP_SEQUENCE_0_3,T2_MEDIUM_V1,route_stops,LIST_ROUTE_STOPS,Could you specify Full stop order details for bus number 21G please provide (F1)? #3,hi-en,Latn,CS3,N0,"{""route_number"": ""21G"", ""transport_mode"": ""bus""}","{""route_id"": ""GTFS_ROUTE_8458""}",ANSWERABLE_WITH_PROVISIONAL_DATA,template_instantiation,TMPL_ROUTE_STOP_SEQUENCE_HINGLISH_LATN_0
PILOT_T2_TR_001024,,SFAM_NEAREST_TRANSPORT_012,FAM_NEAREST_TRANSPORT_012,PARA_NEAREST_TRANSPORT_11_1,T2_MEDIUM_V1,nearest_transport,FIND_NEAREST_STATION,Could you specify आईआईटी मद्रास के सबसे निकटतम मेट्रो स्टेशन या बस स्टॉप कौन सा है? (निकट F12)? #3,hi,Deva,CS0,N0,"{""landmark"": ""आईआईटी मद्रास"", ""transport_mode"": ""मेट्रो या बस""}","{""place_id"": ""OSM_POI_11013406019""}",ANSWERABLE_NOW,template_instantiation,TMPL_NEAREST_TRANSPORT_HI_DEVA_11
PILOT_T2_TR_001025,,SFAM_TICKETING_AND_PASSES_012,FAM_TICKETING_AND_PASSES_012,PARA_TICKETING_AND_PASSES_11_3,T2_MEDIUM_V1,ticketing_rules,GET_TICKETING_POLICY,"Excuse me, How can regular passengers apply for and renew National Common Mobility Card (F12)? #6",hi-en,Latn,CS3,N2,"{""ticket_type"": ""ncmc_card"", ""transport_mode"": ""transit""}",{},ANSWERABLE_NOW,template_instantiation,TMPL_TICKETING_AND_PASSES_HINGLISH_LATN_11
PILOT_T2_TR_001026,,SFAM_INTERCHANGE_TRANSFER_011,FAM_INTERCHANGE_TRANSFER_011,PARA_INTERCHANGE_TRANSFER_10_3,T2_MEDIUM_V1,interchange_query,GET_INTERCHANGE_DETAILS,Please tell: Transfer walking time and directions at Egmore multimodal terminal (F11) #2,hi-en,Latn,CS3,N0,"{""station"": ""Egmore"", ""facility_type"": ""interchange""}","{""station_id"": ""METRO_EGMORE""}",ANSWERABLE_AFTER_MANUAL_VERIFICATION,template_instantiation,TMPL_INTERCHANGE_TRANSFER_HINGLISH_LATN_10
PILOT_T2_TR_001027,,SFAM_SERVICE_FREQUENCY_002,FAM_SERVICE_FREQUENCY_002,PARA_SERVICE_FREQUENCY_1_3,T2_MEDIUM_V1,service_timing,GET_SERVICE_FREQUENCY,Could you specify Peak hour frequency and normal headway between Chennai Central and Thirumangalam (F2)? #3,hi-en,Latn,CS3,N2,"{""origin"": ""Chennai Central"", ""destination"": ""Thirumangalam"", ""timing_type"": ""frequency"", ""transport_mode"": ""metro""}","{""origin_id"": ""METRO_PURATCHI_THALAIVAR_DR__M_G_RAMACHANDRAN_CENTRAL"", ""destination_id"": ""METRO_THIRUMANGALAM""}",ANSWERABLE_NOW,template_instantiation,TMPL_SERVICE_FREQUENCY_HINGLISH_LATN_1
PILOT_T2_TR_001028,,SFAM_STATION_FACILITIES_005,FAM_STATION_FACILITIES_005,PARA_STATION_FACILITIES_4_4,T2_MEDIUM_V1,station_facilities,GET_STATION_FACILITY,क्या CMBT station par passengers ke liye car parking accessible hai F5,hi-en,Deva+Latn,CS4,N0,"{""station"": ""CMBT"", ""facility_type"": ""parking"", ""transport_mode"": ""metro""}","{""station_id"": ""METRO_PURATCHI_THALAIVI_DR_J_JAYALALITHAA_CMBT""}",ANSWERABLE_NOW,template_instantiation,TMPL_STATION_FACILITIES_MIXED_SCRIPT_CS_4
PILOT_T2_TR_001029,,SFAM_FARE_CALCULATION_017,FAM_FARE_CALCULATION_017,PARA_FARE_CALCULATION_16_4,T2_MEDIUM_V1,fare_query,CALCULATE_FARE,St. Thomas Mount से Alandur metro travel ka discounted smart card fare kya hai F17,hi-en,Deva+Latn,CS4,N2,"{""origin"": ""St. Thomas Mount"", ""destination"": ""Alandur"", ""ticket_type"": ""smart_card"", ""transport_mode"": ""metro""}","{""origin_id"": ""METRO_ST__THOMAS_MOUNT"", ""destination_id"": ""METRO_ARIGNAR_ANNA_ALANDUR""}",ANSWERABLE_NOW,template_instantiation,TMPL_FARE_CALCULATION_MIXED_SCRIPT_CS_16
PILOT_T2_TR_001030,,SFAM_ROUTE_STOP_SEQUENCE_003,FAM_ROUTE_STOP_SEQUENCE_003,PARA_ROUTE_STOP_SEQUENCE_2_0,T2_MEDIUM_V1,route_stops,LIST_ROUTE_STOPS,Please tell: List every intermediate stop along route 102A in order. [seq F3] #2,en,Latn,CS0,N0,"{""route_number"": ""102A"", ""transport_mode"": ""bus""}","{""route_id"": ""GTFS_ROUTE_10248""}",ANSWERABLE_WITH_PROVISIONAL_DATA,template_instantiation,TMPL_ROUTE_STOP_SEQUENCE_EN_2
PILOT_T2_TR_001031,,SFAM_STATION_FACILITIES_002,FAM_STATION_FACILITIES_002,PARA_STATION_FACILITIES_1_0,T2_MEDIUM_V1,station_facilities,GET_STATION_FACILITY,Is two-wheeler bike parking facility available at Chennai Central metro station? [fac F2],en,Latn,CS0,N0,"{""station"": ""Chennai Central"", ""facility_type"": ""two_wheeler_parking"", ""transport_mode"": ""metro""}","{""station_id"": ""METRO_PURATCHI_THALAIVAR_DR__M_G_RAMACHANDRAN_CENTRAL""}",ANSWERABLE_NOW,template_instantiation,TMPL_STATION_FACILITIES_EN_1
PILOT_T2_TR_001032,,SFAM_MULTIMODAL_ROUTE_013,FAM_MULTIMODAL_ROUTE_013,PARA_MULTIMODAL_ROUTE_12_1,T2_MEDIUM_V1,route_query,PLAN_MULTIMODAL_ROUTE,नेलवॉय से पचैयप्पा कॉलेज बस और मेट्रो मिलाकर सबसे तेज़ मार्ग कौन सा है? (योजना F13),hi,Deva,CS0,N0,"{""origin"": ""नेलवॉय"", ""destination"": ""पचैयप्पा कॉलेज"", ""transport_mode"": ""बस और मेट्रो""}","{""origin_id"": ""BUS_469106564"", ""destination_id"": ""METRO_PACHAIYAPPA_S_COLLEGE""}",ANSWERABLE_WITH_PROVISIONAL_DATA,template_instantiation,TMPL_MULTIMODAL_ROUTE_HI_DEVA_12
PILOT_T2_TR_001033,,SFAM_MULTIMODAL_ROUTE_007,FAM_MULTIMODAL_ROUTE_007,PARA_MULTIMODAL_ROUTE_6_0,T2_MEDIUM_V1,route_query,PLAN_MULTIMODAL_ROUTE,Please tell: What is the combined bus and metro route from Thiruvanmiyur to Washermenpet? [plan F7] #2,en,Latn,CS0,N0,"{""origin"": ""Thiruvanmiyur"", ""destination"": ""Washermenpet"", ""transport_mode"": ""multimodal""}","{""origin_id"": ""BUS_3247310920"", ""destination_id"": ""METRO_WASHERMENPET""}",ANSWERABLE_WITH_PROVISIONAL_DATA,template_instantiation,TMPL_MULTIMODAL_ROUTE_EN_6
PILOT_T2_TR_001034,,SFAM_STATION_FACILITIES_001,FAM_STATION_FACILITIES_001,PARA_STATION_FACILITIES_0_1,T2_MEDIUM_V1,station_facilities,GET_STATION_FACILITY,Could you specify क्या एयरपोर्ट मेट्रो स्टेशन पर कार पार्किंग की व्यवस्था उपलब्ध है? (सुविधा F1)? #3,hi,Deva,CS0,N0,"{""station"": ""एयरपोर्ट"", ""facility_type"": ""parking"", ""transport_mode"": ""मेट्रो""}","{""station_id"": ""METRO_CHENNAI_INTERNATIONAL_AIRPORT""}",ANSWERABLE_NOW,template_instantiation,TMPL_STATION_FACILITIES_HI_DEVA_0
PILOT_T2_TR_001035,,SFAM_NEAREST_TRANSPORT_020,FAM_NEAREST_TRANSPORT_020,PARA_NEAREST_TRANSPORT_19_3,T2_MEDIUM_V1,nearest_transport,FIND_NEAREST_STATION,Please tell: Find closest public transport access point near Padalam Hospital (F20) #2,hi-en,Latn,CS3,N0,"{""landmark"": ""Padalam Hospital"", ""transport_mode"": ""public transport""}","{""place_id"": ""OSM_POI_7257518724""}",ANSWERABLE_NOW,template_instantiation,TMPL_NEAREST_TRANSPORT_HINGLISH_LATN_19
PILOT_T2_TR_001036,,SFAM_SERVICE_FREQUENCY_016,FAM_SERVICE_FREQUENCY_016,PARA_SERVICE_FREQUENCY_15_3,T2_MEDIUM_V1,service_timing,GET_SERVICE_FREQUENCY,Please tell: Peak hour frequency and normal headway between Saidapet and Guindy (F16) #2,hi-en,Latn,CS3,N1,"{""origin"": ""Saidapet"", ""destination"": ""Guindy"", ""timing_type"": ""frequency"", ""transport_mode"": ""metro""}","{""origin_id"": ""METRO_SAIDAPET"", ""destination_id"": ""METRO_GUINDY""}",ANSWERABLE_NOW,template_instantiation,TMPL_SERVICE_FREQUENCY_HINGLISH_LATN_15
PILOT_T2_TR_001037,,SFAM_STATION_ACCESSIBILITY_013,FAM_STATION_ACCESSIBILITY_013,PARA_STATION_ACCESSIBILITY_12_4,T2_MEDIUM_V1,accessibility,GET_ACCESSIBILITY_INFO,Please tell: Wimco Nagar Depot station par handicapped passengers ke liye wheelchair ramp support status F13 #2,hi-en,Deva+Latn,CS4,N0,"{""station"": ""Wimco Nagar Depot"", ""accessibility_feature"": ""wheelchair"", ""transport_mode"": ""metro""}","{""station_id"": ""METRO_WIMCO_NAGAR""}",ANSWERABLE_NOW,template_instantiation,TMPL_STATION_ACCESSIBILITY_MIXED_SCRIPT_CS_12
PILOT_T2_TR_001038,,SFAM_FARE_CALCULATION_005,FAM_FARE_CALCULATION_005,PARA_FARE_CALCULATION_4_2,T2_MEDIUM_V1,fare_query,CALCULATE_FARE,cmbt se thousand lights metro ride ka standard ticket cost kitna hoga? [kiraya F5],hi,Latn,CS0,N0,"{""origin"": ""cmbt"", ""destination"": ""thousand lights"", ""transport_mode"": ""metro""}","{""origin_id"": ""METRO_PURATCHI_THALAIVI_DR_J_JAYALALITHAA_CMBT"", ""destination_id"": ""METRO_THOUSAND_LIGHTS""}",ANSWERABLE_NOW,template_instantiation,TMPL_FARE_CALCULATION_HI_LATN_4
PILOT_T2_TR_001039,,SFAM_MULTIMODAL_ROUTE_001,FAM_MULTIMODAL_ROUTE_001,PARA_MULTIMODAL_ROUTE_0_2,T2_MEDIUM_V1,route_query,PLAN_MULTIMODAL_ROUTE,tambaram se high court bus aur metro switch karke shortest transit kya hai? [opt F1],hi,Latn,CS0,N0,"{""origin"": ""tambaram"", ""destination"": ""high court"", ""transport_mode"": ""bus aur metro""}","{""origin_id"": ""BUS_5304399879"", ""destination_id"": ""METRO_HIGHCOURT""}",ANSWERABLE_WITH_PROVISIONAL_DATA,template_instantiation,TMPL_MULTIMODAL_ROUTE_HI_LATN_0
PILOT_T2_TR_001040,,SFAM_OUT_OF_SCOPE_008,FAM_OUT_OF_SCOPE_008,PARA_OUT_OF_SCOPE_7_1,T2_MEDIUM_V1,out_of_scope,REJECT_OUT_OF_SCOPE,Please tell: हाई कोर्ट के निकटतम सबसे अच्छे रेस्टोरेंट और भोजनालय की सूची दें। (बाहर F8) #2,hi,Deva,CS0,N0,"{""station"": ""हाई कोर्ट""}","{""station_id"": ""METRO_HIGHCOURT""}",OUT_OF_SCOPE,template_instantiation,TMPL_OUT_OF_SCOPE_HI_DEVA_7
PILOT_T2_TR_001041,,SFAM_NEAREST_TRANSPORT_004,FAM_NEAREST_TRANSPORT_004,PARA_NEAREST_TRANSPORT_3_1,T2_MEDIUM_V1,nearest_transport,FIND_NEAREST_STATION,"Hello assistant, मैरीटाइम संस्थान के सबसे निकटतम मेट्रो स्टेशन या बस स्टॉप कौन सा है? (निकट F4) #7",hi,Deva,CS0,N1,"{""landmark"": ""मैरीटाइम संस्थान"", ""transport_mode"": ""मेट्रो या बस""}","{""place_id"": ""OSM_POI_314081186""}",ANSWERABLE_NOW,template_instantiation,TMPL_NEAREST_TRANSPORT_HI_DEVA_3
PILOT_T2_TR_001042,,SFAM_REALTIME_STATUS_QUERY_003,FAM_REALTIME_STATUS_QUERY_003,PARA_REALTIME_STATUS_QUERY_2_3,T2_MEDIUM_V1,realtime_status_query,REJECT_UNSUPPORTED_REALTIME,Transit query: Live crowd density and train arrival countdown at Guindy right now (F3) #5,hi-en,Latn,CS3,N0,"{""station"": ""Guindy"", ""transport_mode"": ""metro""}","{""station_id"": ""METRO_GUINDY""}",REQUIRES_REALTIME_DATA,template_instantiation,TMPL_REALTIME_STATUS_QUERY_HINGLISH_LATN_2
PILOT_T2_TR_001043,,SFAM_FIRST_AND_LAST_SERVICE_016,FAM_FIRST_AND_LAST_SERVICE_016,PARA_FIRST_AND_LAST_SERVICE_15_0,T2_MEDIUM_V1,service_timing,GET_FIRST_LAST_SERVICE,Please tell: What time does the earliest and latest train depart Saidapet for Guindy? [hrs F16] #2,en,Latn,CS0,N0,"{""origin"": ""Saidapet"", ""destination"": ""Guindy"", ""timing_type"": ""first_last"", ""transport_mode"": ""metro""}","{""origin_id"": ""METRO_SAIDAPET"", ""destination_id"": ""METRO_GUINDY""}",ANSWERABLE_NOW,template_instantiation,TMPL_FIRST_AND_LAST_SERVICE_EN_15
PILOT_T2_TR_001044,,SFAM_OUT_OF_SCOPE_006,FAM_OUT_OF_SCOPE_006,PARA_OUT_OF_SCOPE_5_0,T2_MEDIUM_V1,out_of_scope,REJECT_OUT_OF_SCOPE,Book a private cab taxi ride from Koyambedu to Wimco Nagar Depot. [cab F6],en,Latn,CS0,N0,"{""origin"": ""Koyambedu"", ""destination"": ""Wimco Nagar Depot""}","{""origin_id"": ""METRO_KOYAMBEDU"", ""destination_id"": ""METRO_WIMCO_NAGAR""}",OUT_OF_SCOPE,template_instantiation,TMPL_OUT_OF_SCOPE_EN_5
PILOT_T2_TR_001045,,SFAM_STATION_ACCESSIBILITY_014,FAM_STATION_ACCESSIBILITY_014,PARA_STATION_ACCESSIBILITY_13_0,T2_MEDIUM_V1,accessibility,GET_ACCESSIBILITY_INFO,Please tell: Are passenger elevator lift provisions available for differently abled passengers at Washermenpet? [a11y F14] #2,en,Latn,CS0,N0,"{""station"": ""Washermenpet"", ""accessibility_feature"": ""lift"", ""transport_mode"": ""metro""}","{""station_id"": ""METRO_WASHERMENPET""}",ANSWERABLE_NOW,template_instantiation,TMPL_STATION_ACCESSIBILITY_EN_13
PILOT_T2_TR_001046,,SFAM_STATION_FACILITIES_015,FAM_STATION_FACILITIES_015,PARA_STATION_FACILITIES_14_1,T2_MEDIUM_V1,station_facilities,GET_STATION_FACILITY,Quick check: क्या लिटिल माउंट मेट्रो स्टेशन पर ईवी चार्जिंग की व्यवस्था उपलब्ध है? (सुविधा F15) #4,hi,Deva,CS0,N0,"{""station"": ""लिटिल माउंट"", ""facility_type"": ""ev_charging"", ""transport_mode"": ""मेट्रो""}","{""station_id"": ""METRO_LITTLE_MOUNT""}",ANSWERABLE_NOW,template_instantiation,TMPL_STATION_FACILITIES_HI_DEVA_14
PILOT_T2_TR_001047,,SFAM_ROUTE_STOP_MEMBERSHIP_002,FAM_ROUTE_STOP_MEMBERSHIP_002,PARA_ROUTE_STOP_MEMBERSHIP_1_1,T2_MEDIUM_V1,route_stops,CHECK_STOP_ON_ROUTE,क्या बस 102 ब्रॉडवे स्टॉप पर रुकती है? (जांच F2),hi,Deva,CS0,N0,"{""route_number"": ""102"", ""stop"": ""ब्रॉडवे"", ""transport_mode"": ""बस""}","{""route_id"": ""GTFS_ROUTE_16861"", ""stop_id"": ""BUS_27618346""}",ANSWERABLE_WITH_PROVISIONAL_DATA,template_instantiation,TMPL_ROUTE_STOP_MEMBERSHIP_HI_DEVA_1
PILOT_T2_TR_001048,,SFAM_REALTIME_STATUS_QUERY_020,FAM_REALTIME_STATUS_QUERY_020,PARA_REALTIME_STATUS_QUERY_19_2,T2_MEDIUM_V1,realtime_status_query,REJECT_UNSUPPORTED_REALTIME,Bus 23C ka real time current gps location update kahan pahuncha? [track F20],hi,Latn,CS0,N0,"{""route_number"": ""23C"", ""transport_mode"": ""bus""}","{""route_id"": ""GTFS_ROUTE_10214""}",REQUIRES_REALTIME_DATA,template_instantiation,TMPL_REALTIME_STATUS_QUERY_HI_LATN_19
PILOT_T2_TR_001049,,SFAM_OUT_OF_SCOPE_020,FAM_OUT_OF_SCOPE_020,PARA_OUT_OF_SCOPE_19_0,T2_MEDIUM_V1,out_of_scope,REJECT_OUT_OF_SCOPE,Quick check: Book a private cab taxi ride from Pachaiyappa College to Vadapalani. [cab F20] #4,en,Latn,CS0,N0,"{""origin"": ""Pachaiyappa College"", ""destination"": ""Vadapalani""}","{""origin_id"": ""METRO_PACHAIYAPPA_S_COLLEGE"", ""destination_id"": ""METRO_VADAPALANI""}",OUT_OF_SCOPE,template_instantiation,TMPL_OUT_OF_SCOPE_EN_19
PILOT_T2_TR_001050,,SFAM_FARE_CALCULATION_009,FAM_FARE_CALCULATION_009,PARA_FARE_CALCULATION_8_0,T2_MEDIUM_V1,fare_query,CALCULATE_FARE,Transit query: What is the single-journey ticket fare from Thirumangalam to Saidapet on metro? [fare F9] #5,en,Latn,CS0,N0,"{""origin"": ""Thirumangalam"", ""destination"": ""Saidapet"", ""fare_type"": ""token"", ""transport_mode"": ""metro""}","{""origin_id"": ""METRO_THIRUMANGALAM"", ""destination_id"": ""METRO_SAIDAPET""}",ANSWERABLE_NOW,template_instantiation,TMPL_FARE_CALCULATION_EN_8
PILOT_T2_TR_001051,,SFAM_MODE_AVAILABILITY_005,FAM_MODE_AVAILABILITY_005,PARA_MODE_AVAILABILITY_4_2,T2_MEDIUM_V1,service_availability,CHECK_SERVICE_AVAILABILITY,Quick check: cmbt se besant nagar tak direct transit options available hain kya? [suvidha F5] #4,hi,Latn,CS0,N0,"{""origin"": ""cmbt"", ""destination"": ""besant nagar"", ""transport_mode"": ""any""}","{""origin_id"": ""METRO_PURATCHI_THALAIVI_DR_J_JAYALALITHAA_CMBT"", ""destination_id"": ""BUS_417750654""}",ANSWERABLE_WITH_PROVISIONAL_DATA,template_instantiation,TMPL_MODE_AVAILABILITY_HI_LATN_4
PILOT_T2_TR_001052,,SFAM_POINT_TO_POINT_ROUTE_019,FAM_POINT_TO_POINT_ROUTE_019,PARA_POINT_TO_POINT_ROUTE_18_3,T2_MEDIUM_V1,route_query,PLAN_ROUTE,Kilpauk to Koyambedu metro ride ka best direct route bataiye (F19),hi-en,Latn,CS3,N0,"{""origin"": ""Kilpauk"", ""destination"": ""Koyambedu"", ""transport_mode"": ""metro""}","{""origin_id"": ""METRO_KILPAUK"", ""destination_id"": ""METRO_KOYAMBEDU""}",ANSWERABLE_WITH_PROVISIONAL_DATA,template_instantiation,TMPL_POINT_TO_POINT_ROUTE_HINGLISH_LATN_18
PILOT_T2_TR_001053,,SFAM_FARE_CALCULATION_012,FAM_FARE_CALCULATION_012,PARA_FARE_CALCULATION_11_1,T2_MEDIUM_V1,fare_query,CALCULATE_FARE,Please tell: थाउजेंड लाइट्स से किल्पौक तक का मेट्रो का टोकन किराया कितना रुपया है? (किराया F12) #2,hi,Deva,CS0,N0,"{""origin"": ""थाउजेंड लाइट्स"", ""destination"": ""किल्पौक"", ""fare_type"": ""टोकन"", ""transport_mode"": ""मेट्रो""}","{""origin_id"": ""METRO_THOUSAND_LIGHTS"", ""destination_id"": ""METRO_KILPAUK""}",ANSWERABLE_NOW,template_instantiation,TMPL_FARE_CALCULATION_HI_DEVA_11
PILOT_T2_TR_001054,,SFAM_ROUTE_STOP_SEQUENCE_002,FAM_ROUTE_STOP_SEQUENCE_002,PARA_ROUTE_STOP_SEQUENCE_1_4,T2_MEDIUM_V1,route_stops,LIST_ROUTE_STOPS,Route 102 bus के सभी stops ka sequence display karein data F2,hi-en,Deva+Latn,CS4,N0,"{""route_number"": ""102"", ""transport_mode"": ""bus""}","{""route_id"": ""GTFS_ROUTE_16861""}",ANSWERABLE_WITH_PROVISIONAL_DATA,template_instantiation,TMPL_ROUTE_STOP_SEQUENCE_MIXED_SCRIPT_CS_1
PILOT_T2_TR_001055,,SFAM_REALTIME_STATUS_QUERY_009,FAM_REALTIME_STATUS_QUERY_009,PARA_REALTIME_STATUS_QUERY_8_4,T2_MEDIUM_V1,realtime_status_query,REJECT_UNSUPPORTED_REALTIME,Thirumangalam se metro live delay status aur real time position tracking F9,hi-en,Deva+Latn,CS4,N0,"{""origin"": ""Thirumangalam"", ""transport_mode"": ""metro""}","{""origin_id"": ""METRO_THIRUMANGALAM""}",REQUIRES_REALTIME_DATA,template_instantiation,TMPL_REALTIME_STATUS_QUERY_MIXED_SCRIPT_CS_8
PILOT_T2_TR_001056,,SFAM_INTERCHANGE_TRANSFER_012,FAM_INTERCHANGE_TRANSFER_012,PARA_INTERCHANGE_TRANSFER_11_0,T2_MEDIUM_V1,interchange_query,GET_INTERCHANGE_DETAILS,How do I switch lines to connect towards Kilpauk at Thousand Lights interchange? [xfer F12],en,Latn,CS0,N0,"{""station"": ""Thousand Lights"", ""destination"": ""Kilpauk"", ""facility_type"": ""interchange""}","{""station_id"": ""METRO_THOUSAND_LIGHTS"", ""destination_id"": ""METRO_KILPAUK""}",ANSWERABLE_AFTER_MANUAL_VERIFICATION,template_instantiation,TMPL_INTERCHANGE_TRANSFER_EN_11
PILOT_T2_TR_001057,,SFAM_FIRST_AND_LAST_SERVICE_002,FAM_FIRST_AND_LAST_SERVICE_002,PARA_FIRST_AND_LAST_SERVICE_1_3,T2_MEDIUM_V1,service_timing,GET_FIRST_LAST_SERVICE,Could you specify First train and last train operational hours between Chennai Central and Thirumangalam (F2)? #3,hi-en,Latn,CS3,N2,"{""origin"": ""Chennai Central"", ""destination"": ""Thirumangalam"", ""timing_type"": ""first_last"", ""transport_mode"": ""train""}","{""origin_id"": ""METRO_PURATCHI_THALAIVAR_DR__M_G_RAMACHANDRAN_CENTRAL"", ""destination_id"": ""METRO_THIRUMANGALAM""}",ANSWERABLE_NOW,template_instantiation,TMPL_FIRST_AND_LAST_SERVICE_HINGLISH_LATN_1
PILOT_T2_TR_001058,,SFAM_STATION_FACILITIES_017,FAM_STATION_FACILITIES_017,PARA_STATION_FACILITIES_16_1,T2_MEDIUM_V1,station_facilities,GET_STATION_FACILITY,Please tell: क्या सेंट थॉमस माउंट मेट्रो स्टेशन पर कार पार्किंग की व्यवस्था उपलब्ध है? (सुविधा F17) #2,hi,Deva,CS0,N0,"{""station"": ""सेंट थॉमस माउंट"", ""facility_type"": ""parking"", ""transport_mode"": ""मेट्रो""}","{""station_id"": ""METRO_ST__THOMAS_MOUNT""}",ANSWERABLE_NOW,template_instantiation,TMPL_STATION_FACILITIES_HI_DEVA_16
PILOT_T2_TR_001059,,SFAM_FARE_CALCULATION_002,FAM_FARE_CALCULATION_002,PARA_FARE_CALCULATION_1_1,T2_MEDIUM_V1,fare_query,CALCULATE_FARE,Transit query: चेन्नई सेंट्रल से तिरुमंगलम तक का मेट्रो का टोकन किराया कितना रुपया है? (किराया F2) #5,hi,Deva,CS0,N0,"{""origin"": ""चेन्नई सेंट्रल"", ""destination"": ""तिरुमंगलम"", ""fare_type"": ""टोकन"", ""transport_mode"": ""मेट्रो""}","{""origin_id"": ""METRO_PURATCHI_THALAIVAR_DR__M_G_RAMACHANDRAN_CENTRAL"", ""destination_id"": ""METRO_THIRUMANGALAM""}",ANSWERABLE_NOW,template_instantiation,TMPL_FARE_CALCULATION_HI_DEVA_1
PILOT_T2_TR_001060,,SFAM_REALTIME_STATUS_QUERY_014,FAM_REALTIME_STATUS_QUERY_014,PARA_REALTIME_STATUS_QUERY_13_3,T2_MEDIUM_V1,realtime_status_query,REJECT_UNSUPPORTED_REALTIME,Could you specify Live crowd density and train arrival countdown at Washermenpet right now (F14)? #3,hi-en,Latn,CS3,N0,"{""station"": ""Washermenpet"", ""transport_mode"": ""metro""}","{""station_id"": ""METRO_WASHERMENPET""}",REQUIRES_REALTIME_DATA,template_instantiation,TMPL_REALTIME_STATUS_QUERY_HINGLISH_LATN_13
PILOT_T2_TR_001061,,SFAM_INTERCHANGE_TRANSFER_009,FAM_INTERCHANGE_TRANSFER_009,PARA_INTERCHANGE_TRANSFER_8_4,T2_MEDIUM_V1,interchange_query,GET_INTERCHANGE_DETAILS,Please tell: Thirumangalam interchange par line switch connection point details check F9 #2,hi-en,Deva+Latn,CS4,N0,"{""station"": ""Thirumangalam"", ""facility_type"": ""interchange""}","{""station_id"": ""METRO_THIRUMANGALAM""}",ANSWERABLE_AFTER_MANUAL_VERIFICATION,template_instantiation,TMPL_INTERCHANGE_TRANSFER_MIXED_SCRIPT_CS_8
PILOT_T2_TR_001062,,SFAM_NEAREST_TRANSPORT_007,FAM_NEAREST_TRANSPORT_007,PARA_NEAREST_TRANSPORT_6_4,T2_MEDIUM_V1,nearest_transport,FIND_NEAREST_STATION,Could you specify Mother Child Hospital ke pass nearest metro stop connection distance bataye F7? #3,hi-en,Deva+Latn,CS4,N0,"{""landmark"": ""Mother Child Hospital"", ""transport_mode"": ""metro""}","{""place_id"": ""OSM_POI_7257518731""}",ANSWERABLE_NOW,template_instantiation,TMPL_NEAREST_TRANSPORT_MIXED_SCRIPT_CS_6
PILOT_T2_TR_001063,,SFAM_ROUTE_STOP_MEMBERSHIP_013,FAM_ROUTE_STOP_MEMBERSHIP_013,PARA_ROUTE_STOP_MEMBERSHIP_12_3,T2_MEDIUM_V1,route_stops,CHECK_STOP_ON_ROUTE,Please tell: Verify if Nelvoy bus stop is covered by route 15 CT8 (F13) #2,hi-en,Latn,CS3,N0,"{""route_number"": ""15 CT8"", ""stop"": ""Nelvoy"", ""transport_mode"": ""bus""}","{""route_id"": ""GTFS_ROUTE_20494"", ""stop_id"": ""BUS_469106564""}",ANSWERABLE_WITH_PROVISIONAL_DATA,template_instantiation,TMPL_ROUTE_STOP_MEMBERSHIP_HINGLISH_LATN_12
PILOT_T2_TR_001064,,SFAM_STATION_FACILITIES_020,FAM_STATION_FACILITIES_020,PARA_STATION_FACILITIES_19_1,T2_MEDIUM_V1,station_facilities,GET_STATION_FACILITY,क्या पचैयप्पा कॉलेज मेट्रो स्टेशन पर साइकिल स्टैंड की व्यवस्था उपलब्ध है? (सुविधा F20),hi,Deva,CS0,N1,"{""station"": ""पचैयप्पा कॉलेज"", ""facility_type"": ""bicycle_stand"", ""transport_mode"": ""मेट्रो""}","{""station_id"": ""METRO_PACHAIYAPPA_S_COLLEGE""}",ANSWERABLE_NOW,template_instantiation,TMPL_STATION_FACILITIES_HI_DEVA_19
PILOT_T2_TR_001065,,SFAM_ROUTE_STOP_MEMBERSHIP_019,FAM_ROUTE_STOP_MEMBERSHIP_019,PARA_ROUTE_STOP_MEMBERSHIP_18_0,T2_MEDIUM_V1,route_stops,CHECK_STOP_ON_ROUTE,Could you specify Does bus route 570 make a scheduled halt at Adyar? [chk F19]? #3,en,Latn,CS0,N0,"{""route_number"": ""570"", ""stop"": ""Adyar"", ""transport_mode"": ""bus""}","{""route_id"": ""GTFS_ROUTE_17967"", ""stop_id"": ""BUS_2587520213""}",ANSWERABLE_WITH_PROVISIONAL_DATA,template_instantiation,TMPL_ROUTE_STOP_MEMBERSHIP_EN_18
PILOT_T2_TR_001066,,SFAM_POINT_TO_POINT_ROUTE_017,FAM_POINT_TO_POINT_ROUTE_017,PARA_POINT_TO_POINT_ROUTE_16_4,T2_MEDIUM_V1,route_query,PLAN_ROUTE,St. Thomas Mount से Alandur direct metro connection bataye route plan F17,hi-en,Deva+Latn,CS4,N0,"{""origin"": ""St. Thomas Mount"", ""destination"": ""Alandur"", ""transport_mode"": ""metro""}","{""origin_id"": ""METRO_ST__THOMAS_MOUNT"", ""destination_id"": ""METRO_ARIGNAR_ANNA_ALANDUR""}",ANSWERABLE_WITH_PROVISIONAL_DATA,template_instantiation,TMPL_POINT_TO_POINT_ROUTE_MIXED_SCRIPT_CS_16
PILOT_T2_TR_001067,,SFAM_FARE_CALCULATION_004,FAM_FARE_CALCULATION_004,PARA_FARE_CALCULATION_3_4,T2_MEDIUM_V1,fare_query,CALCULATE_FARE,Alandur से Egmore metro travel ka discounted smart card fare kya hai F4,hi-en,Deva+Latn,CS4,N0,"{""origin"": ""Alandur"", ""destination"": ""Egmore"", ""ticket_type"": ""smart_card"", ""transport_mode"": ""metro""}","{""origin_id"": ""METRO_ARIGNAR_ANNA_ALANDUR"", ""destination_id"": ""METRO_EGMORE""}",ANSWERABLE_NOW,template_instantiation,TMPL_FARE_CALCULATION_MIXED_SCRIPT_CS_3
PILOT_T2_TR_001068,,SFAM_SERVICE_FREQUENCY_014,FAM_SERVICE_FREQUENCY_014,PARA_SERVICE_FREQUENCY_13_4,T2_MEDIUM_V1,service_timing,GET_SERVICE_FREQUENCY,Washermenpet से Airport trains kitni frequency se run karti hain interval F14,hi-en,Deva+Latn,CS4,N0,"{""origin"": ""Washermenpet"", ""destination"": ""Airport"", ""timing_type"": ""frequency"", ""transport_mode"": ""metro""}","{""origin_id"": ""METRO_WASHERMENPET"", ""destination_id"": ""METRO_CHENNAI_INTERNATIONAL_AIRPORT""}",ANSWERABLE_NOW,template_instantiation,TMPL_SERVICE_FREQUENCY_MIXED_SCRIPT_CS_13
PILOT_T2_TR_001069,,SFAM_STATION_ACCESSIBILITY_016,FAM_STATION_ACCESSIBILITY_016,PARA_STATION_ACCESSIBILITY_15_3,T2_MEDIUM_V1,accessibility,GET_ACCESSIBILITY_INFO,Verification of accessible escalator stairs support at Saidapet metro (F16),hi-en,Latn,CS3,N0,"{""station"": ""Saidapet"", ""accessibility_feature"": ""escalator"", ""transport_mode"": ""metro""}","{""station_id"": ""METRO_SAIDAPET""}",ANSWERABLE_NOW,template_instantiation,TMPL_STATION_ACCESSIBILITY_HINGLISH_LATN_15
PILOT_T2_TR_001070,,SFAM_STATION_FACILITIES_010,FAM_STATION_FACILITIES_010,PARA_STATION_FACILITIES_9_1,T2_MEDIUM_V1,station_facilities,GET_STATION_FACILITY,"Excuse me, क्या अन्ना नगर टावर मेट्रो स्टेशन पर बाइक पार्किंग की व्यवस्था उपलब्ध है? (सुविधा F10) #6",hi,Deva,CS0,N0,"{""station"": ""अन्ना नगर टावर"", ""facility_type"": ""two_wheeler_parking"", ""transport_mode"": ""मेट्रो""}","{""station_id"": ""METRO_ANNA_NAGAR_TOWER""}",ANSWERABLE_NOW,template_instantiation,TMPL_STATION_FACILITIES_HI_DEVA_9
PILOT_T2_TR_001071,,SFAM_INTERCHANGE_TRANSFER_012,FAM_INTERCHANGE_TRANSFER_012,PARA_INTERCHANGE_TRANSFER_11_1,T2_MEDIUM_V1,interchange_query,GET_INTERCHANGE_DETAILS,Transit query: थाउजेंड लाइट्स इंटरचेंज पर दूसरी लाइन में ट्रांसफर करने का मार्ग क्या है? (बदलाव F12) #5,hi,Deva,CS0,N2,"{""station"": ""थाउजेंड लाइट्स"", ""facility_type"": ""इंटरचेंज""}","{""station_id"": ""METRO_THOUSAND_LIGHTS""}",ANSWERABLE_AFTER_MANUAL_VERIFICATION,template_instantiation,TMPL_INTERCHANGE_TRANSFER_HI_DEVA_11
PILOT_T2_TR_001072,,SFAM_NEAREST_TRANSPORT_001,FAM_NEAREST_TRANSPORT_001,PARA_NEAREST_TRANSPORT_0_1,T2_MEDIUM_V1,nearest_transport,FIND_NEAREST_STATION,"Hello assistant, मरीना बीच के सबसे निकटतम मेट्रो स्टेशन या बस स्टॉप कौन सा है? (निकट F1) #7",hi,Deva,CS0,N1,"{""landmark"": ""मरीना बीच"", ""transport_mode"": ""मेट्रो या बस""}","{""place_id"": ""OSM_POI_12137617372""}",ANSWERABLE_NOW,template_instantiation,TMPL_NEAREST_TRANSPORT_HI_DEVA_0
PILOT_T2_TR_001073,,SFAM_STATION_ACCESSIBILITY_016,FAM_STATION_ACCESSIBILITY_016,PARA_STATION_ACCESSIBILITY_15_2,T2_MEDIUM_V1,accessibility,GET_ACCESSIBILITY_INFO,Could you specify kya saidapet metro station me wheelchair disabled ke liye escalator hai? [barrier-free F16]? #3,hi,Latn,CS0,N0,"{""station"": ""saidapet"", ""accessibility_feature"": ""escalator"", ""transport_mode"": ""metro""}","{""station_id"": ""METRO_SAIDAPET""}",ANSWERABLE_NOW,template_instantiation,TMPL_STATION_ACCESSIBILITY_HI_LATN_15
PILOT_T2_TR_001074,,SFAM_OUT_OF_SCOPE_003,FAM_OUT_OF_SCOPE_003,PARA_OUT_OF_SCOPE_2_0,T2_MEDIUM_V1,out_of_scope,REJECT_OUT_OF_SCOPE,Transit query: Book a private cab taxi ride from Guindy to Anna Nagar Tower. [cab F3] #5,en,Latn,CS0,N0,"{""origin"": ""Guindy"", ""destination"": ""Anna Nagar Tower""}","{""origin_id"": ""METRO_GUINDY"", ""destination_id"": ""METRO_ANNA_NAGAR_TOWER""}",OUT_OF_SCOPE,template_instantiation,TMPL_OUT_OF_SCOPE_EN_2
PILOT_T2_TR_001075,,SFAM_OUT_OF_SCOPE_005,FAM_OUT_OF_SCOPE_005,PARA_OUT_OF_SCOPE_4_1,T2_MEDIUM_V1,out_of_scope,REJECT_OUT_OF_SCOPE,Quick check: सीएमबीटी के निकटतम सबसे अच्छे रेस्टोरेंट और भोजनालय की सूची दें। (बाहर F5) #4,hi,Deva,CS0,N2,"{""station"": ""सीएमबीटी""}","{""station_id"": ""METRO_PURATCHI_THALAIVI_DR_J_JAYALALITHAA_CMBT""}",OUT_OF_SCOPE,template_instantiation,TMPL_OUT_OF_SCOPE_HI_DEVA_4
PILOT_T2_TR_001076,,SFAM_INTERCHANGE_TRANSFER_015,FAM_INTERCHANGE_TRANSFER_015,PARA_INTERCHANGE_TRANSFER_14_1,T2_MEDIUM_V1,interchange_query,GET_INTERCHANGE_DETAILS,Please tell: लिटिल माउंट इंटरचेंज पर दूसरी लाइन में ट्रांसफर करने का मार्ग क्या है? (बदलाव F15) #2,hi,Deva,CS0,N0,"{""station"": ""लिटिल माउंट"", ""facility_type"": ""इंटरचेंज""}","{""station_id"": ""METRO_LITTLE_MOUNT""}",ANSWERABLE_AFTER_MANUAL_VERIFICATION,template_instantiation,TMPL_INTERCHANGE_TRANSFER_HI_DEVA_14
PILOT_T2_TR_001077,,SFAM_REALTIME_STATUS_QUERY_001,FAM_REALTIME_STATUS_QUERY_001,PARA_REALTIME_STATUS_QUERY_0_0,T2_MEDIUM_V1,realtime_status_query,REJECT_UNSUPPORTED_REALTIME,Could you specify Where is bus 21G right now and what is its live location? [live F1]? #3,en,Latn,CS0,N0,"{""route_number"": ""21G"", ""transport_mode"": ""bus""}","{""route_id"": ""GTFS_ROUTE_8458""}",REQUIRES_REALTIME_DATA,template_instantiation,TMPL_REALTIME_STATUS_QUERY_EN_0
PILOT_T2_TR_001078,,SFAM_REALTIME_STATUS_QUERY_016,FAM_REALTIME_STATUS_QUERY_016,PARA_REALTIME_STATUS_QUERY_15_1,T2_MEDIUM_V1,realtime_status_query,REJECT_UNSUPPORTED_REALTIME,Transit query: क्या साइदापेट से आने वाली ट्रेन अभी लेट चल रही है लाइव स्थिति बताएं? (ताज़ा F16) #5,hi,Deva,CS0,N2,"{""origin"": ""साइदापेट"", ""transport_mode"": ""ट्रेन""}","{""origin_id"": ""METRO_SAIDAPET""}",REQUIRES_REALTIME_DATA,template_instantiation,TMPL_REALTIME_STATUS_QUERY_HI_DEVA_15
PILOT_T2_TR_001079,,SFAM_REALTIME_STATUS_QUERY_008,FAM_REALTIME_STATUS_QUERY_008,PARA_REALTIME_STATUS_QUERY_7_0,T2_MEDIUM_V1,realtime_status_query,REJECT_UNSUPPORTED_REALTIME,Transit query: Where is bus 47A right now and what is its live location? [live F8] #5,en,Latn,CS0,N0,"{""route_number"": ""47A"", ""transport_mode"": ""bus""}","{""route_id"": ""GTFS_ROUTE_19412""}",REQUIRES_REALTIME_DATA,template_instantiation,TMPL_REALTIME_STATUS_QUERY_EN_7
PILOT_T2_TR_001080,,SFAM_REALTIME_STATUS_QUERY_009,FAM_REALTIME_STATUS_QUERY_009,PARA_REALTIME_STATUS_QUERY_8_1,T2_MEDIUM_V1,realtime_status_query,REJECT_UNSUPPORTED_REALTIME,क्या तिरुमंगलम से आने वाली ट्रेन अभी लेट चल रही है लाइव स्थिति बताएं? (ताज़ा F9),hi,Deva,CS0,N1,"{""origin"": ""तिरुमंगलम"", ""transport_mode"": ""ट्रेन""}","{""origin_id"": ""METRO_THIRUMANGALAM""}",REQUIRES_REALTIME_DATA,template_instantiation,TMPL_REALTIME_STATUS_QUERY_HI_DEVA_8
PILOT_T2_TR_001081,,SFAM_POINT_TO_POINT_ROUTE_018,FAM_POINT_TO_POINT_ROUTE_018,PARA_POINT_TO_POINT_ROUTE_17_0,T2_MEDIUM_V1,route_query,PLAN_ROUTE,Please tell: How do I commute from Nehru Park to CMBT by metro? [pattern F18] #2,en,Latn,CS0,N0,"{""origin"": ""Nehru Park"", ""destination"": ""CMBT"", ""transport_mode"": ""metro""}","{""origin_id"": ""METRO_NEHRU_PARK"", ""destination_id"": ""METRO_PURATCHI_THALAIVI_DR_J_JAYALALITHAA_CMBT""}",ANSWERABLE_WITH_PROVISIONAL_DATA,template_instantiation,TMPL_POINT_TO_POINT_ROUTE_EN_17
PILOT_T2_TR_001082,,SFAM_TICKETING_AND_PASSES_012,FAM_TICKETING_AND_PASSES_012,PARA_TICKETING_AND_PASSES_11_1,T2_MEDIUM_V1,ticketing_rules,GET_TICKETING_POLICY,Please tell: यात्रियों के लिए एनसीएमसी कार्ड प्राप्त करने के नियम और प्रक्रिया क्या हैं? (पास F12) #2,hi,Deva,CS0,N0,"{""ticket_type"": ""ncmc_card"", ""transport_mode"": ""पारगमन""}",{},ANSWERABLE_NOW,template_instantiation,TMPL_TICKETING_AND_PASSES_HI_DEVA_11
PILOT_T2_TR_001083,,SFAM_REALTIME_STATUS_QUERY_013,FAM_REALTIME_STATUS_QUERY_013,PARA_REALTIME_STATUS_QUERY_12_1,T2_MEDIUM_V1,realtime_status_query,REJECT_UNSUPPORTED_REALTIME,Could you specify क्या विमको नगर से आने वाली ट्रेन अभी लेट चल रही है लाइव स्थिति बताएं? (ताज़ा F13)? #3,hi,Deva,CS0,N0,"{""origin"": ""विमको नगर"", ""transport_mode"": ""ट्रेन""}","{""origin_id"": ""METRO_WIMCO_NAGAR""}",REQUIRES_REALTIME_DATA,template_instantiation,TMPL_REALTIME_STATUS_QUERY_HI_DEVA_12
PILOT_T2_TR_001084,,SFAM_FARE_CALCULATION_008,FAM_FARE_CALCULATION_008,PARA_FARE_CALCULATION_7_3,T2_MEDIUM_V1,fare_query,CALCULATE_FARE,Transit query: Calculate fare for travel between High Court and Little Mount stations (F8) #5,hi-en,Latn,CS3,N1,"{""origin"": ""High Court"", ""destination"": ""Little Mount"", ""transport_mode"": ""metro""}","{""origin_id"": ""METRO_HIGHCOURT"", ""destination_id"": ""METRO_LITTLE_MOUNT""}",ANSWERABLE_NOW,template_instantiation,TMPL_FARE_CALCULATION_HINGLISH_LATN_7
PILOT_T2_TR_001085,,SFAM_OUT_OF_SCOPE_014,FAM_OUT_OF_SCOPE_014,PARA_OUT_OF_SCOPE_13_0,T2_MEDIUM_V1,out_of_scope,REJECT_OUT_OF_SCOPE,Book a private cab taxi ride from Washermenpet to Airport. [cab F14],en,Latn,CS0,N0,"{""origin"": ""Washermenpet"", ""destination"": ""Airport""}","{""origin_id"": ""METRO_WASHERMENPET"", ""destination_id"": ""METRO_CHENNAI_INTERNATIONAL_AIRPORT""}",OUT_OF_SCOPE,template_instantiation,TMPL_OUT_OF_SCOPE_EN_13
PILOT_T2_TR_001086,,SFAM_STATION_FACILITIES_020,FAM_STATION_FACILITIES_020,PARA_STATION_FACILITIES_19_3,T2_MEDIUM_V1,station_facilities,GET_STATION_FACILITY,"Excuse me, Does Pachaiyappa College station premises include operational bicycle parking stand (F20)? #6",hi-en,Latn,CS3,N1,"{""station"": ""Pachaiyappa College"", ""facility_type"": ""bicycle_stand"", ""transport_mode"": ""metro""}","{""station_id"": ""METRO_PACHAIYAPPA_S_COLLEGE""}",ANSWERABLE_NOW,template_instantiation,TMPL_STATION_FACILITIES_HINGLISH_LATN_19
PILOT_T2_TR_001087,,SFAM_FARE_CALCULATION_014,FAM_FARE_CALCULATION_014,PARA_FARE_CALCULATION_13_0,T2_MEDIUM_V1,fare_query,CALCULATE_FARE,Quick check: What is the single-journey ticket fare from Washermenpet to Airport on metro? [fare F14] #4,en,Latn,CS0,N0,"{""origin"": ""Washermenpet"", ""destination"": ""Airport"", ""fare_type"": ""token"", ""transport_mode"": ""metro""}","{""origin_id"": ""METRO_WASHERMENPET"", ""destination_id"": ""METRO_CHENNAI_INTERNATIONAL_AIRPORT""}",ANSWERABLE_NOW,template_instantiation,TMPL_FARE_CALCULATION_EN_13
PILOT_T2_TR_001088,,SFAM_STATION_FACILITIES_002,FAM_STATION_FACILITIES_002,PARA_STATION_FACILITIES_1_3,T2_MEDIUM_V1,station_facilities,GET_STATION_FACILITY,Could you specify Does Chennai Central station premises include operational two-wheeler bike parking (F2)?? #3,hi-en,Latn,CS3,N1,"{""station"": ""Chennai Central"", ""facility_type"": ""two_wheeler_parking"", ""transport_mode"": ""metro""}","{""station_id"": ""METRO_PURATCHI_THALAIVAR_DR__M_G_RAMACHANDRAN_CENTRAL""}",ANSWERABLE_NOW,template_instantiation,TMPL_STATION_FACILITIES_HINGLISH_LATN_1
PILOT_T2_TR_001089,,SFAM_OUT_OF_SCOPE_005,FAM_OUT_OF_SCOPE_005,PARA_OUT_OF_SCOPE_4_3,T2_MEDIUM_V1,out_of_scope,REJECT_OUT_OF_SCOPE,Please tell: What is the general weather rain forecast in Chennai near Maruthi Hospital today (F5)? #2,hi-en,Latn,CS3,N0,"{""landmark"": ""Maruthi Hospital""}","{""place_id"": ""OSM_POI_7820652140""}",OUT_OF_SCOPE,template_instantiation,TMPL_OUT_OF_SCOPE_HINGLISH_LATN_4
PILOT_T2_TR_001090,,SFAM_STATION_ACCESSIBILITY_005,FAM_STATION_ACCESSIBILITY_005,PARA_STATION_ACCESSIBILITY_4_2,T2_MEDIUM_V1,accessibility,GET_ACCESSIBILITY_INFO,kya cmbt metro station me wheelchair disabled ke liye wheelchair accessibility hai? [barrier-free F5],hi,Latn,CS0,N0,"{""station"": ""cmbt"", ""accessibility_feature"": ""wheelchair"", ""transport_mode"": ""metro""}","{""station_id"": ""METRO_PURATCHI_THALAIVI_DR_J_JAYALALITHAA_CMBT""}",ANSWERABLE_NOW,template_instantiation,TMPL_STATION_ACCESSIBILITY_HI_LATN_4
PILOT_T2_TR_001091,,SFAM_POINT_TO_POINT_ROUTE_007,FAM_POINT_TO_POINT_ROUTE_007,PARA_POINT_TO_POINT_ROUTE_6_4,T2_MEDIUM_V1,route_query,PLAN_ROUTE,Vadapalani से Washermenpet direct metro connection bataye route plan F7,hi-en,Deva+Latn,CS4,N0,"{""origin"": ""Vadapalani"", ""destination"": ""Washermenpet"", ""transport_mode"": ""metro""}","{""origin_id"": ""METRO_VADAPALANI"", ""destination_id"": ""METRO_WASHERMENPET""}",ANSWERABLE_WITH_PROVISIONAL_DATA,template_instantiation,TMPL_POINT_TO_POINT_ROUTE_MIXED_SCRIPT_CS_6
PILOT_T2_TR_001092,,SFAM_FARE_CALCULATION_007,FAM_FARE_CALCULATION_007,PARA_FARE_CALCULATION_6_2,T2_MEDIUM_V1,fare_query,CALCULATE_FARE,vadapalani se washermenpet metro ride ka standard ticket cost kitna hoga? [kiraya F7],hi,Latn,CS0,N0,"{""origin"": ""vadapalani"", ""destination"": ""washermenpet"", ""transport_mode"": ""metro""}","{""origin_id"": ""METRO_VADAPALANI"", ""destination_id"": ""METRO_WASHERMENPET""}",ANSWERABLE_NOW,template_instantiation,TMPL_FARE_CALCULATION_HI_LATN_6
PILOT_T2_TR_001093,,SFAM_STATION_FACILITIES_005,FAM_STATION_FACILITIES_005,PARA_STATION_FACILITIES_4_0,T2_MEDIUM_V1,station_facilities,GET_STATION_FACILITY,Could you specify Is car parking facility available at CMBT metro station? [fac F5]? #3,en,Latn,CS0,N0,"{""station"": ""CMBT"", ""facility_type"": ""parking"", ""transport_mode"": ""metro""}","{""station_id"": ""METRO_PURATCHI_THALAIVI_DR_J_JAYALALITHAA_CMBT""}",ANSWERABLE_NOW,template_instantiation,TMPL_STATION_FACILITIES_EN_4
PILOT_T2_TR_001094,,SFAM_NEAREST_TRANSPORT_007,FAM_NEAREST_TRANSPORT_007,PARA_NEAREST_TRANSPORT_6_0,T2_MEDIUM_V1,nearest_transport,FIND_NEAREST_STATION,"Excuse me, Which is the nearest metro station or transit stop to Mother Child Hospital? [loc F7] #6",en,Latn,CS0,N0,"{""landmark"": ""Mother Child Hospital"", ""transport_mode"": ""metro""}","{""place_id"": ""OSM_POI_7257518731""}",ANSWERABLE_NOW,template_instantiation,TMPL_NEAREST_TRANSPORT_EN_6
PILOT_T2_TR_001095,,SFAM_TICKETING_AND_PASSES_020,FAM_TICKETING_AND_PASSES_020,PARA_TICKETING_AND_PASSES_19_1,T2_MEDIUM_V1,ticketing_rules,GET_TICKETING_POLICY,Please tell: यात्रियों के लिए स्मार्ट कार्ड प्राप्त करने के नियम और प्रक्रिया क्या हैं? (पास F20) #2,hi,Deva,CS0,N0,"{""ticket_type"": ""smart_card"", ""transport_mode"": ""पारगमन""}",{},ANSWERABLE_NOW,template_instantiation,TMPL_TICKETING_AND_PASSES_HI_DEVA_19
PILOT_T2_TR_001096,,SFAM_STATION_ACCESSIBILITY_009,FAM_STATION_ACCESSIBILITY_009,PARA_STATION_ACCESSIBILITY_8_1,T2_MEDIUM_V1,accessibility,GET_ACCESSIBILITY_INFO,"Excuse me, क्या तिरुमंगलम स्टेशन पर दिव्यांग यात्रियों के लिए व्हीलचेयर रैंप उपलब्ध है? (सुलभता F9) #6",hi,Deva,CS0,N0,"{""station"": ""तिरुमंगलम"", ""accessibility_feature"": ""wheelchair"", ""transport_mode"": ""मेट्रो""}","{""station_id"": ""METRO_THIRUMANGALAM""}",ANSWERABLE_NOW,template_instantiation,TMPL_STATION_ACCESSIBILITY_HI_DEVA_8
PILOT_T2_TR_001097,,SFAM_MODE_AVAILABILITY_019,FAM_MODE_AVAILABILITY_019,PARA_MODE_AVAILABILITY_18_3,T2_MEDIUM_V1,service_availability,CHECK_SERVICE_AVAILABILITY,Transit query: Is public transit operational connecting Kilpauk and Adyar (F19)? #5,hi-en,Latn,CS3,N0,"{""origin"": ""Kilpauk"", ""destination"": ""Adyar"", ""transport_mode"": ""public transit""}","{""origin_id"": ""METRO_KILPAUK"", ""destination_id"": ""BUS_2587520213""}",ANSWERABLE_WITH_PROVISIONAL_DATA,template_instantiation,TMPL_MODE_AVAILABILITY_HINGLISH_LATN_18
PILOT_T2_TR_001098,,SFAM_STATION_ACCESSIBILITY_013,FAM_STATION_ACCESSIBILITY_013,PARA_STATION_ACCESSIBILITY_12_2,T2_MEDIUM_V1,accessibility,GET_ACCESSIBILITY_INFO,Quick check: kya wimco nagar depot metro station me wheelchair disabled ke liye wheelchair accessibility hai? [barrier-free F13] #4,hi,Latn,CS0,N0,"{""station"": ""wimco nagar depot"", ""accessibility_feature"": ""wheelchair"", ""transport_mode"": ""metro""}","{""station_id"": ""METRO_WIMCO_NAGAR""}",ANSWERABLE_NOW,template_instantiation,TMPL_STATION_ACCESSIBILITY_HI_LATN_12
PILOT_T2_TR_001099,,SFAM_FARE_CALCULATION_013,FAM_FARE_CALCULATION_013,PARA_FARE_CALCULATION_12_2,T2_MEDIUM_V1,fare_query,CALCULATE_FARE,Please tell: wimco nagar depot se pachaiyappa college metro ride ka standard ticket cost kitna hoga? [kiraya F13] #2,hi,Latn,CS0,N1,"{""origin"": ""wimco nagar depot"", ""destination"": ""pachaiyappa college"", ""transport_mode"": ""metro""}","{""origin_id"": ""METRO_WIMCO_NAGAR"", ""destination_id"": ""METRO_PACHAIYAPPA_S_COLLEGE""}",ANSWERABLE_NOW,template_instantiation,TMPL_FARE_CALCULATION_HI_LATN_12
PILOT_T2_TR_001100,,SFAM_SERVICE_FREQUENCY_014,FAM_SERVICE_FREQUENCY_014,PARA_SERVICE_FREQUENCY_13_0,T2_MEDIUM_V1,service_timing,GET_SERVICE_FREQUENCY,How many minutes between trains on the line connecting Washermenpet and Airport? [freq F14],en,Latn,CS0,N0,"{""origin"": ""Washermenpet"", ""destination"": ""Airport"", ""timing_type"": ""frequency"", ""transport_mode"": ""metro""}","{""origin_id"": ""METRO_WASHERMENPET"", ""destination_id"": ""METRO_CHENNAI_INTERNATIONAL_AIRPORT""}",ANSWERABLE_NOW,template_instantiation,TMPL_SERVICE_FREQUENCY_EN_13
PILOT_T2_TR_001101,,SFAM_OUT_OF_SCOPE_005,FAM_OUT_OF_SCOPE_005,PARA_OUT_OF_SCOPE_4_2,T2_MEDIUM_V1,out_of_scope,REJECT_OUT_OF_SCOPE,cmbt airport terminal ke flight delay timings check kijiye. [bahar F5],hi,Latn,CS0,N0,"{""station"": ""cmbt""}","{""station_id"": ""METRO_PURATCHI_THALAIVI_DR_J_JAYALALITHAA_CMBT""}",OUT_OF_SCOPE,template_instantiation,TMPL_OUT_OF_SCOPE_HI_LATN_4
PILOT_T2_TR_001102,,SFAM_POINT_TO_POINT_ROUTE_019,FAM_POINT_TO_POINT_ROUTE_019,PARA_POINT_TO_POINT_ROUTE_18_0,T2_MEDIUM_V1,route_query,PLAN_ROUTE,Please tell: How do I commute from Kilpauk to Koyambedu by metro? [pattern F19] #2,en,Latn,CS0,N0,"{""origin"": ""Kilpauk"", ""destination"": ""Koyambedu"", ""transport_mode"": ""metro""}","{""origin_id"": ""METRO_KILPAUK"", ""destination_id"": ""METRO_KOYAMBEDU""}",ANSWERABLE_WITH_PROVISIONAL_DATA,template_instantiation,TMPL_POINT_TO_POINT_ROUTE_EN_18
PILOT_T2_TR_001103,,SFAM_OUT_OF_SCOPE_005,FAM_OUT_OF_SCOPE_005,PARA_OUT_OF_SCOPE_4_2,T2_MEDIUM_V1,out_of_scope,REJECT_OUT_OF_SCOPE,Please tell: cmbt airport terminal ke flight delay timings check kijiye. [bahar F5] #2,hi,Latn,CS0,N0,"{""station"": ""cmbt""}","{""station_id"": ""METRO_PURATCHI_THALAIVI_DR_J_JAYALALITHAA_CMBT""}",OUT_OF_SCOPE,template_instantiation,TMPL_OUT_OF_SCOPE_HI_LATN_4
PILOT_T2_TR_001104,,SFAM_POINT_TO_POINT_ROUTE_002,FAM_POINT_TO_POINT_ROUTE_002,PARA_POINT_TO_POINT_ROUTE_1_0,T2_MEDIUM_V1,route_query,PLAN_ROUTE,Quick check: How do I commute from Chennai Central to Thirumangalam by metro? [pattern F2] #4,en,Latn,CS0,N0,"{""origin"": ""Chennai Central"", ""destination"": ""Thirumangalam"", ""transport_mode"": ""metro""}","{""origin_id"": ""METRO_PURATCHI_THALAIVAR_DR__M_G_RAMACHANDRAN_CENTRAL"", ""destination_id"": ""METRO_THIRUMANGALAM""}",ANSWERABLE_WITH_PROVISIONAL_DATA,template_instantiation,TMPL_POINT_TO_POINT_ROUTE_EN_1
PILOT_T2_TR_001105,,SFAM_POINT_TO_POINT_ROUTE_011,FAM_POINT_TO_POINT_ROUTE_011,PARA_POINT_TO_POINT_ROUTE_10_2,T2_MEDIUM_V1,route_query,PLAN_ROUTE,egmore se nehru park metro se travel kaise kare? [tarika F11],hi,Latn,CS0,N1,"{""origin"": ""egmore"", ""destination"": ""nehru park"", ""transport_mode"": ""metro""}","{""origin_id"": ""METRO_EGMORE"", ""destination_id"": ""METRO_NEHRU_PARK""}",ANSWERABLE_WITH_PROVISIONAL_DATA,template_instantiation,TMPL_POINT_TO_POINT_ROUTE_HI_LATN_10
PILOT_T2_TR_001106,,SFAM_FARE_CALCULATION_005,FAM_FARE_CALCULATION_005,PARA_FARE_CALCULATION_4_1,T2_MEDIUM_V1,fare_query,CALCULATE_FARE,Could you specify सीएमबीटी से थाउजेंड लाइट्स तक का मेट्रो का टोकन किराया कितना रुपया है? (किराया F5)? #3,hi,Deva,CS0,N0,"{""origin"": ""सीएमबीटी"", ""destination"": ""थाउजेंड लाइट्स"", ""fare_type"": ""टोकन"", ""transport_mode"": ""मेट्रो""}","{""origin_id"": ""METRO_PURATCHI_THALAIVI_DR_J_JAYALALITHAA_CMBT"", ""destination_id"": ""METRO_THOUSAND_LIGHTS""}",ANSWERABLE_NOW,template_instantiation,TMPL_FARE_CALCULATION_HI_DEVA_4
PILOT_T2_TR_001107,,SFAM_MODE_AVAILABILITY_008,FAM_MODE_AVAILABILITY_008,PARA_MODE_AVAILABILITY_7_2,T2_MEDIUM_V1,service_availability,CHECK_SERVICE_AVAILABILITY,high court se mylapore tak direct transit options available hain kya? [suvidha F8],hi,Latn,CS0,N0,"{""origin"": ""high court"", ""destination"": ""mylapore"", ""transport_mode"": ""any""}","{""origin_id"": ""METRO_HIGHCOURT"", ""destination_id"": ""BUS_410614381""}",ANSWERABLE_WITH_PROVISIONAL_DATA,template_instantiation,TMPL_MODE_AVAILABILITY_HI_LATN_7
PILOT_T2_TR_001108,,SFAM_STATION_ACCESSIBILITY_002,FAM_STATION_ACCESSIBILITY_002,PARA_STATION_ACCESSIBILITY_1_0,T2_MEDIUM_V1,accessibility,GET_ACCESSIBILITY_INFO,Quick check: Are passenger elevator lift provisions available for differently abled passengers at Chennai Central? [a11y F2] #4,en,Latn,CS0,N0,"{""station"": ""Chennai Central"", ""accessibility_feature"": ""lift"", ""transport_mode"": ""metro""}","{""station_id"": ""METRO_PURATCHI_THALAIVAR_DR__M_G_RAMACHANDRAN_CENTRAL""}",ANSWERABLE_NOW,template_instantiation,TMPL_STATION_ACCESSIBILITY_EN_1
PILOT_T2_TR_001109,,SFAM_INTERCHANGE_TRANSFER_012,FAM_INTERCHANGE_TRANSFER_012,PARA_INTERCHANGE_TRANSFER_11_3,T2_MEDIUM_V1,interchange_query,GET_INTERCHANGE_DETAILS,Transit query: Transfer walking time and directions at Thousand Lights multimodal terminal (F12) #5,hi-en,Latn,CS3,N1,"{""station"": ""Thousand Lights"", ""facility_type"": ""interchange""}","{""station_id"": ""METRO_THOUSAND_LIGHTS""}",ANSWERABLE_AFTER_MANUAL_VERIFICATION,template_instantiation,TMPL_INTERCHANGE_TRANSFER_HINGLISH_LATN_11
PILOT_T2_TR_001110,,SFAM_STATION_ACCESSIBILITY_011,FAM_STATION_ACCESSIBILITY_011,PARA_STATION_ACCESSIBILITY_10_2,T2_MEDIUM_V1,accessibility,GET_ACCESSIBILITY_INFO,kya egmore metro station me wheelchair disabled ke liye tactile paths for blind hai? [barrier-free F11],hi,Latn,CS0,N0,"{""station"": ""egmore"", ""accessibility_feature"": ""tactile_path"", ""transport_mode"": ""metro""}","{""station_id"": ""METRO_EGMORE""}",ANSWERABLE_NOW,template_instantiation,TMPL_STATION_ACCESSIBILITY_HI_LATN_10
PILOT_T2_TR_001111,,SFAM_FARE_CALCULATION_009,FAM_FARE_CALCULATION_009,PARA_FARE_CALCULATION_8_1,T2_MEDIUM_V1,fare_query,CALCULATE_FARE,Quick check: तिरुमंगलम से साइदापेट तक का मेट्रो का टोकन किराया कितना रुपया है? (किराया F9) #4,hi,Deva,CS0,N0,"{""origin"": ""तिरुमंगलम"", ""destination"": ""साइदापेट"", ""fare_type"": ""टोकन"", ""transport_mode"": ""मेट्रो""}","{""origin_id"": ""METRO_THIRUMANGALAM"", ""destination_id"": ""METRO_SAIDAPET""}",ANSWERABLE_NOW,template_instantiation,TMPL_FARE_CALCULATION_HI_DEVA_8
PILOT_T2_TR_001112,,SFAM_POINT_TO_POINT_ROUTE_018,FAM_POINT_TO_POINT_ROUTE_018,PARA_POINT_TO_POINT_ROUTE_17_3,T2_MEDIUM_V1,route_query,PLAN_ROUTE,Please tell: Nehru Park to CMBT metro ride ka best direct route bataiye (F18) #2,hi-en,Latn,CS3,N0,"{""origin"": ""Nehru Park"", ""destination"": ""CMBT"", ""transport_mode"": ""metro""}","{""origin_id"": ""METRO_NEHRU_PARK"", ""destination_id"": ""METRO_PURATCHI_THALAIVI_DR_J_JAYALALITHAA_CMBT""}",ANSWERABLE_WITH_PROVISIONAL_DATA,template_instantiation,TMPL_POINT_TO_POINT_ROUTE_HINGLISH_LATN_17
PILOT_T2_TR_001113,,SFAM_REALTIME_STATUS_QUERY_003,FAM_REALTIME_STATUS_QUERY_003,PARA_REALTIME_STATUS_QUERY_2_3,T2_MEDIUM_V1,realtime_status_query,REJECT_UNSUPPORTED_REALTIME,Please tell: Live crowd density and train arrival countdown at Guindy right now (F3) #2,hi-en,Latn,CS3,N0,"{""station"": ""Guindy"", ""transport_mode"": ""metro""}","{""station_id"": ""METRO_GUINDY""}",REQUIRES_REALTIME_DATA,template_instantiation,TMPL_REALTIME_STATUS_QUERY_HINGLISH_LATN_2
PILOT_T2_TR_001114,,SFAM_FARE_CALCULATION_005,FAM_FARE_CALCULATION_005,PARA_FARE_CALCULATION_4_4,T2_MEDIUM_V1,fare_query,CALCULATE_FARE,Please tell: CMBT से Thousand Lights metro travel ka discounted smart card fare kya hai F5 #2,hi-en,Deva+Latn,CS4,N0,"{""origin"": ""CMBT"", ""destination"": ""Thousand Lights"", ""ticket_type"": ""smart_card"", ""transport_mode"": ""metro""}","{""origin_id"": ""METRO_PURATCHI_THALAIVI_DR_J_JAYALALITHAA_CMBT"", ""destination_id"": ""METRO_THOUSAND_LIGHTS""}",ANSWERABLE_NOW,template_instantiation,TMPL_FARE_CALCULATION_MIXED_SCRIPT_CS_4
PILOT_T2_TR_001115,,SFAM_ROUTE_STOP_SEQUENCE_017,FAM_ROUTE_STOP_SEQUENCE_017,PARA_ROUTE_STOP_SEQUENCE_16_1,T2_MEDIUM_V1,route_stops,LIST_ROUTE_STOPS,Could you specify बस रूट 102 के सभी ठहरावों की क्रमबद्ध सूची दिखाएं। (क्रम F17)? #3,hi,Deva,CS0,N0,"{""route_number"": ""102"", ""transport_mode"": ""बस""}","{""route_id"": ""GTFS_ROUTE_16861""}",ANSWERABLE_WITH_PROVISIONAL_DATA,template_instantiation,TMPL_ROUTE_STOP_SEQUENCE_HI_DEVA_16
PILOT_T2_TR_001116,,SFAM_SCHEDULED_DEPARTURE_001,FAM_SCHEDULED_DEPARTURE_001,PARA_SCHEDULED_DEPARTURE_0_0,T2_MEDIUM_V1,service_timing,GET_SCHEDULED_DEPARTURES,Show metro departure timetable at bare 8 o'clock from Airport [sched F1],en,Latn,CS0,N0,"{""origin"": ""Airport"", ""time"": ""8 o'clock"", ""temporal_ambiguity"": true, ""dual_candidates"": [""08:00:00"", ""20:00:00""]}","{""origin_id"": ""METRO_CHENNAI_INTERNATIONAL_AIRPORT""}",ANSWERABLE_NOW,template_instantiation,TMPL_SCHEDULED_DEPARTURE_EN_0
PILOT_T2_TR_001117,,SFAM_TICKETING_AND_PASSES_005,FAM_TICKETING_AND_PASSES_005,PARA_TICKETING_AND_PASSES_4_4,T2_MEDIUM_V1,ticketing_rules,GET_TICKETING_POLICY,Please tell: Commuter Student Concession Card ke application aur terms ki complete details F5 #2,hi-en,Deva+Latn,CS4,N0,"{""ticket_type"": ""student_pass"", ""transport_mode"": ""transit""}",{},ANSWERABLE_NOW,template_instantiation,TMPL_TICKETING_AND_PASSES_MIXED_SCRIPT_CS_4
PILOT_T2_TR_001118,,SFAM_REALTIME_STATUS_QUERY_011,FAM_REALTIME_STATUS_QUERY_011,PARA_REALTIME_STATUS_QUERY_10_0,T2_MEDIUM_V1,realtime_status_query,REJECT_UNSUPPORTED_REALTIME,"Excuse me, Where is bus 11 R right now and what is its live location? [live F11] #6",en,Latn,CS0,N0,"{""route_number"": ""11 R"", ""transport_mode"": ""bus""}","{""route_id"": ""GTFS_ROUTE_23728""}",REQUIRES_REALTIME_DATA,template_instantiation,TMPL_REALTIME_STATUS_QUERY_EN_10
PILOT_T2_TR_001119,,SFAM_REALTIME_STATUS_QUERY_011,FAM_REALTIME_STATUS_QUERY_011,PARA_REALTIME_STATUS_QUERY_10_2,T2_MEDIUM_V1,realtime_status_query,REJECT_UNSUPPORTED_REALTIME,Please tell: Bus 11 R ka real time current gps location update kahan pahuncha? [track F11] #2,hi,Latn,CS0,N1,"{""route_number"": ""11 R"", ""transport_mode"": ""bus""}","{""route_id"": ""GTFS_ROUTE_23728""}",REQUIRES_REALTIME_DATA,template_instantiation,TMPL_REALTIME_STATUS_QUERY_HI_LATN_10
PILOT_T2_TR_001120,,SFAM_INTERCHANGE_TRANSFER_018,FAM_INTERCHANGE_TRANSFER_018,PARA_INTERCHANGE_TRANSFER_17_2,T2_MEDIUM_V1,interchange_query,GET_INTERCHANGE_DETAILS,Could you specify nehru park hub par metro line change karke cmbt kaise jaye? [platform F18]? #3,hi,Latn,CS0,N0,"{""station"": ""nehru park"", ""destination"": ""cmbt"", ""facility_type"": ""interchange""}","{""station_id"": ""METRO_NEHRU_PARK"", ""destination_id"": ""METRO_PURATCHI_THALAIVI_DR_J_JAYALALITHAA_CMBT""}",ANSWERABLE_AFTER_MANUAL_VERIFICATION,template_instantiation,TMPL_INTERCHANGE_TRANSFER_HI_LATN_17
PILOT_T2_TR_001121,,SFAM_TICKETING_AND_PASSES_004,FAM_TICKETING_AND_PASSES_004,PARA_TICKETING_AND_PASSES_3_3,T2_MEDIUM_V1,ticketing_rules,GET_TICKETING_POLICY,Quick check: How can regular passengers apply for and renew Tourist One-Day Pass (F4)? #4,hi-en,Latn,CS3,N2,"{""ticket_type"": ""tourist_card"", ""transport_mode"": ""transit""}",{},ANSWERABLE_NOW,template_instantiation,TMPL_TICKETING_AND_PASSES_HINGLISH_LATN_3
PILOT_T2_TR_001122,,SFAM_FARE_CALCULATION_009,FAM_FARE_CALCULATION_009,PARA_FARE_CALCULATION_8_2,T2_MEDIUM_V1,fare_query,CALCULATE_FARE,Quick check: thirumangalam se saidapet metro ride ka standard ticket cost kitna hoga? [kiraya F9] #4,hi,Latn,CS0,N0,"{""origin"": ""thirumangalam"", ""destination"": ""saidapet"", ""transport_mode"": ""metro""}","{""origin_id"": ""METRO_THIRUMANGALAM"", ""destination_id"": ""METRO_SAIDAPET""}",ANSWERABLE_NOW,template_instantiation,TMPL_FARE_CALCULATION_HI_LATN_8
PILOT_T2_TR_001123,,SFAM_STATION_ACCESSIBILITY_014,FAM_STATION_ACCESSIBILITY_014,PARA_STATION_ACCESSIBILITY_13_4,T2_MEDIUM_V1,accessibility,GET_ACCESSIBILITY_INFO,Please tell: Washermenpet station par handicapped passengers ke liye passenger elevator lift support status F14 #2,hi-en,Deva+Latn,CS4,N0,"{""station"": ""Washermenpet"", ""accessibility_feature"": ""lift"", ""transport_mode"": ""metro""}","{""station_id"": ""METRO_WASHERMENPET""}",ANSWERABLE_NOW,template_instantiation,TMPL_STATION_ACCESSIBILITY_MIXED_SCRIPT_CS_13
PILOT_T2_TR_001124,,SFAM_OUT_OF_SCOPE_013,FAM_OUT_OF_SCOPE_013,PARA_OUT_OF_SCOPE_12_4,T2_MEDIUM_V1,out_of_scope,REJECT_OUT_OF_SCOPE,Wimco Nagar Depot ke pass hotel reservation aur movie ticket booking service F13,hi-en,Deva+Latn,CS4,N0,"{""station"": ""Wimco Nagar Depot""}","{""station_id"": ""METRO_WIMCO_NAGAR""}",OUT_OF_SCOPE,template_instantiation,TMPL_OUT_OF_SCOPE_MIXED_SCRIPT_CS_12
PILOT_T2_TR_001125,,SFAM_FARE_CALCULATION_009,FAM_FARE_CALCULATION_009,PARA_FARE_CALCULATION_8_0,T2_MEDIUM_V1,fare_query,CALCULATE_FARE,"Excuse me, What is the single-journey ticket fare from Thirumangalam to Saidapet on metro? [fare F9] #6",en,Latn,CS0,N0,"{""origin"": ""Thirumangalam"", ""destination"": ""Saidapet"", ""fare_type"": ""token"", ""transport_mode"": ""metro""}","{""origin_id"": ""METRO_THIRUMANGALAM"", ""destination_id"": ""METRO_SAIDAPET""}",ANSWERABLE_NOW,template_instantiation,TMPL_FARE_CALCULATION_EN_8
PILOT_T2_TR_001126,,SFAM_MODE_AVAILABILITY_009,FAM_MODE_AVAILABILITY_009,PARA_MODE_AVAILABILITY_8_2,T2_MEDIUM_V1,service_availability,CHECK_SERVICE_AVAILABILITY,thirumangalam se madurantakam tak direct transit options available hain kya? [suvidha F9],hi,Latn,CS0,N0,"{""origin"": ""thirumangalam"", ""destination"": ""madurantakam"", ""transport_mode"": ""any""}","{""origin_id"": ""METRO_THIRUMANGALAM"", ""destination_id"": ""BUS_5306412986""}",ANSWERABLE_WITH_PROVISIONAL_DATA,template_instantiation,TMPL_MODE_AVAILABILITY_HI_LATN_8
PILOT_T2_TR_001127,,SFAM_MULTIMODAL_ROUTE_016,FAM_MULTIMODAL_ROUTE_016,PARA_MULTIMODAL_ROUTE_15_0,T2_MEDIUM_V1,route_query,PLAN_MULTIMODAL_ROUTE,What is the combined bus and metro route from Pudupattinam to Guindy? [plan F16],en,Latn,CS0,N0,"{""origin"": ""Pudupattinam"", ""destination"": ""Guindy"", ""transport_mode"": ""multimodal""}","{""origin_id"": ""BUS_3616510666"", ""destination_id"": ""METRO_GUINDY""}",ANSWERABLE_WITH_PROVISIONAL_DATA,template_instantiation,TMPL_MULTIMODAL_ROUTE_EN_15
PILOT_T2_TR_001128,,SFAM_STATION_ACCESSIBILITY_020,FAM_STATION_ACCESSIBILITY_020,PARA_STATION_ACCESSIBILITY_19_3,T2_MEDIUM_V1,accessibility,GET_ACCESSIBILITY_INFO,Could you specify Verification of accessible escalator stairs support at Pachaiyappa College metro (F20)? #3,hi-en,Latn,CS3,N0,"{""station"": ""Pachaiyappa College"", ""accessibility_feature"": ""escalator"", ""transport_mode"": ""metro""}","{""station_id"": ""METRO_PACHAIYAPPA_S_COLLEGE""}",ANSWERABLE_NOW,template_instantiation,TMPL_STATION_ACCESSIBILITY_HINGLISH_LATN_19
PILOT_T2_TR_001129,,SFAM_MULTIMODAL_ROUTE_005,FAM_MULTIMODAL_ROUTE_005,PARA_MULTIMODAL_ROUTE_4_0,T2_MEDIUM_V1,route_query,PLAN_MULTIMODAL_ROUTE,Could you specify What is the combined bus and metro route from Besant Nagar to Thousand Lights? [plan F5]? #3,en,Latn,CS0,N0,"{""origin"": ""Besant Nagar"", ""destination"": ""Thousand Lights"", ""transport_mode"": ""multimodal""}","{""origin_id"": ""BUS_417750654"", ""destination_id"": ""METRO_THOUSAND_LIGHTS""}",ANSWERABLE_WITH_PROVISIONAL_DATA,template_instantiation,TMPL_MULTIMODAL_ROUTE_EN_4
PILOT_T2_TR_001130,,SFAM_FARE_CALCULATION_011,FAM_FARE_CALCULATION_011,PARA_FARE_CALCULATION_10_1,T2_MEDIUM_V1,fare_query,CALCULATE_FARE,Quick check: एग्मोर से नेहरू पार्क तक का मेट्रो का टोकन किराया कितना रुपया है? (किराया F11) #4,hi,Deva,CS0,N0,"{""origin"": ""एग्मोर"", ""destination"": ""नेहरू पार्क"", ""fare_type"": ""टोकन"", ""transport_mode"": ""मेट्रो""}","{""origin_id"": ""METRO_EGMORE"", ""destination_id"": ""METRO_NEHRU_PARK""}",ANSWERABLE_NOW,template_instantiation,TMPL_FARE_CALCULATION_HI_DEVA_10
PILOT_T2_TR_001131,,SFAM_ROUTE_STOP_SEQUENCE_002,FAM_ROUTE_STOP_SEQUENCE_002,PARA_ROUTE_STOP_SEQUENCE_1_0,T2_MEDIUM_V1,route_stops,LIST_ROUTE_STOPS,Please tell: List every intermediate stop along route 102 in order. [seq F2] #2,en,Latn,CS0,N0,"{""route_number"": ""102"", ""transport_mode"": ""bus""}","{""route_id"": ""GTFS_ROUTE_16861""}",ANSWERABLE_WITH_PROVISIONAL_DATA,template_instantiation,TMPL_ROUTE_STOP_SEQUENCE_EN_1
PILOT_T2_TR_001132,,SFAM_STATION_ACCESSIBILITY_002,FAM_STATION_ACCESSIBILITY_002,PARA_STATION_ACCESSIBILITY_1_1,T2_MEDIUM_V1,accessibility,GET_ACCESSIBILITY_INFO,Transit query: क्या चेन्नई सेंट्रल स्टेशन पर दिव्यांग यात्रियों के लिए यात्री लिफ्ट उपलब्ध है? (सुलभता F2) #5,hi,Deva,CS0,N0,"{""station"": ""चेन्नई सेंट्रल"", ""accessibility_feature"": ""lift"", ""transport_mode"": ""मेट्रो""}","{""station_id"": ""METRO_PURATCHI_THALAIVAR_DR__M_G_RAMACHANDRAN_CENTRAL""}",ANSWERABLE_NOW,template_instantiation,TMPL_STATION_ACCESSIBILITY_HI_DEVA_1
PILOT_T2_TR_001133,,SFAM_REALTIME_STATUS_QUERY_016,FAM_REALTIME_STATUS_QUERY_016,PARA_REALTIME_STATUS_QUERY_15_3,T2_MEDIUM_V1,realtime_status_query,REJECT_UNSUPPORTED_REALTIME,Please tell: Live crowd density and train arrival countdown at Saidapet right now (F16) #2,hi-en,Latn,CS3,N0,"{""station"": ""Saidapet"", ""transport_mode"": ""metro""}","{""station_id"": ""METRO_SAIDAPET""}",REQUIRES_REALTIME_DATA,template_instantiation,TMPL_REALTIME_STATUS_QUERY_HINGLISH_LATN_15
PILOT_T2_TR_001134,,SFAM_POINT_TO_POINT_ROUTE_003,FAM_POINT_TO_POINT_ROUTE_003,PARA_POINT_TO_POINT_ROUTE_2_1,T2_MEDIUM_V1,route_query,PLAN_ROUTE,गिंडी से अन्ना नगर टावर मेट्रो से जाने का रास्ता क्या है? (प्रारूप F3),hi,Deva,CS0,N0,"{""origin"": ""गिंडी"", ""destination"": ""अन्ना नगर टावर"", ""transport_mode"": ""मेट्रो""}","{""origin_id"": ""METRO_GUINDY"", ""destination_id"": ""METRO_ANNA_NAGAR_TOWER""}",ANSWERABLE_WITH_PROVISIONAL_DATA,template_instantiation,TMPL_POINT_TO_POINT_ROUTE_HI_DEVA_2
PILOT_T2_TR_001135,,SFAM_TICKETING_AND_PASSES_020,FAM_TICKETING_AND_PASSES_020,PARA_TICKETING_AND_PASSES_19_2,T2_MEDIUM_V1,ticketing_rules,GET_TICKETING_POLICY,smart card recharge karne ka guidelines aur validity rule bataye. [card F20],hi,Latn,CS0,N0,"{""ticket_type"": ""smart_card"", ""transport_mode"": ""transit""}",{},ANSWERABLE_NOW,template_instantiation,TMPL_TICKETING_AND_PASSES_HI_LATN_19
PILOT_T2_TR_001136,,SFAM_MODE_AVAILABILITY_002,FAM_MODE_AVAILABILITY_002,PARA_MODE_AVAILABILITY_1_1,T2_MEDIUM_V1,service_availability,CHECK_SERVICE_AVAILABILITY,Quick check: क्या चेन्नई सेंट्रल से ब्रॉडवे के लिए कोई सार्वजनिक बस या ट्रेन उपलब्ध है? (उपलब्धता F2) #4,hi,Deva,CS0,N2,"{""origin"": ""चेन्नई सेंट्रल"", ""destination"": ""ब्रॉडवे"", ""transport_mode"": ""सार्वजनिक बस या ट्रेन""}","{""origin_id"": ""METRO_PURATCHI_THALAIVAR_DR__M_G_RAMACHANDRAN_CENTRAL"", ""destination_id"": ""BUS_27618346""}",ANSWERABLE_WITH_PROVISIONAL_DATA,template_instantiation,TMPL_MODE_AVAILABILITY_HI_DEVA_1
PILOT_T2_TR_001137,,SFAM_OUT_OF_SCOPE_017,FAM_OUT_OF_SCOPE_017,PARA_OUT_OF_SCOPE_16_3,T2_MEDIUM_V1,out_of_scope,REJECT_OUT_OF_SCOPE,Transit query: What is the general weather rain forecast in Chennai near Mother Child Hospital today (F17)? #5,hi-en,Latn,CS3,N0,"{""landmark"": ""Mother Child Hospital""}","{""place_id"": ""OSM_POI_7257518731""}",OUT_OF_SCOPE,template_instantiation,TMPL_OUT_OF_SCOPE_HINGLISH_LATN_16
PILOT_T2_TR_001138,,SFAM_MODE_AVAILABILITY_001,FAM_MODE_AVAILABILITY_001,PARA_MODE_AVAILABILITY_0_4,T2_MEDIUM_V1,service_availability,CHECK_SERVICE_AVAILABILITY,क्या Airport से Tambaram transport line active hai mode info F1,hi-en,Deva+Latn,CS4,N0,"{""origin"": ""Airport"", ""destination"": ""Tambaram"", ""transport_mode"": ""transport""}","{""origin_id"": ""METRO_CHENNAI_INTERNATIONAL_AIRPORT"", ""destination_id"": ""BUS_5304399879""}",ANSWERABLE_WITH_PROVISIONAL_DATA,template_instantiation,TMPL_MODE_AVAILABILITY_MIXED_SCRIPT_CS_0
PILOT_T2_TR_001139,,SFAM_FARE_CALCULATION_013,FAM_FARE_CALCULATION_013,PARA_FARE_CALCULATION_12_2,T2_MEDIUM_V1,fare_query,CALCULATE_FARE,Quick check: wimco nagar depot se pachaiyappa college metro ride ka standard ticket cost kitna hoga? [kiraya F13] #4,hi,Latn,CS0,N0,"{""origin"": ""wimco nagar depot"", ""destination"": ""pachaiyappa college"", ""transport_mode"": ""metro""}","{""origin_id"": ""METRO_WIMCO_NAGAR"", ""destination_id"": ""METRO_PACHAIYAPPA_S_COLLEGE""}",ANSWERABLE_NOW,template_instantiation,TMPL_FARE_CALCULATION_HI_LATN_12
PILOT_T2_TR_001140,,SFAM_NEAREST_TRANSPORT_014,FAM_NEAREST_TRANSPORT_014,PARA_NEAREST_TRANSPORT_13_0,T2_MEDIUM_V1,nearest_transport,FIND_NEAREST_STATION,"Excuse me, Which is the nearest metro station or transit stop to Maritime Institute? [loc F14] #6",en,Latn,CS0,N0,"{""landmark"": ""Maritime Institute"", ""transport_mode"": ""metro""}","{""place_id"": ""OSM_POI_314081186""}",ANSWERABLE_NOW,template_instantiation,TMPL_NEAREST_TRANSPORT_EN_13
PILOT_T2_TR_001141,,SFAM_SERVICE_FREQUENCY_003,FAM_SERVICE_FREQUENCY_003,PARA_SERVICE_FREQUENCY_2_2,T2_MEDIUM_V1,service_timing,GET_SERVICE_FREQUENCY,Please tell: guindy to anna nagar tower metro service ka regular interval headway kya hai? [interval F3] #2,hi,Latn,CS0,N0,"{""origin"": ""guindy"", ""destination"": ""anna nagar tower"", ""timing_type"": ""frequency"", ""transport_mode"": ""metro""}","{""origin_id"": ""METRO_GUINDY"", ""destination_id"": ""METRO_ANNA_NAGAR_TOWER""}",ANSWERABLE_NOW,template_instantiation,TMPL_SERVICE_FREQUENCY_HI_LATN_2
PILOT_T2_TR_001142,,SFAM_TICKETING_AND_PASSES_020,FAM_TICKETING_AND_PASSES_020,PARA_TICKETING_AND_PASSES_19_3,T2_MEDIUM_V1,ticketing_rules,GET_TICKETING_POLICY,Transit query: How can regular passengers apply for and renew Smart Card (F20)? #5,hi-en,Latn,CS3,N0,"{""ticket_type"": ""smart_card"", ""transport_mode"": ""transit""}",{},ANSWERABLE_NOW,template_instantiation,TMPL_TICKETING_AND_PASSES_HINGLISH_LATN_19
PILOT_T2_TR_001143,,SFAM_MODE_AVAILABILITY_013,FAM_MODE_AVAILABILITY_013,PARA_MODE_AVAILABILITY_12_1,T2_MEDIUM_V1,service_availability,CHECK_SERVICE_AVAILABILITY,Please tell: क्या विमको नगर से नेलवॉय के लिए कोई सार्वजनिक बस या ट्रेन उपलब्ध है? (उपलब्धता F13) #2,hi,Deva,CS0,N0,"{""origin"": ""विमको नगर"", ""destination"": ""नेलवॉय"", ""transport_mode"": ""सार्वजनिक बस या ट्रेन""}","{""origin_id"": ""METRO_WIMCO_NAGAR"", ""destination_id"": ""BUS_469106564""}",ANSWERABLE_WITH_PROVISIONAL_DATA,template_instantiation,TMPL_MODE_AVAILABILITY_HI_DEVA_12
PILOT_T2_TR_001144,,SFAM_NEAREST_TRANSPORT_010,FAM_NEAREST_TRANSPORT_010,PARA_NEAREST_TRANSPORT_9_1,T2_MEDIUM_V1,nearest_transport,FIND_NEAREST_STATION,Quick check: पडलम अस्पताल के सबसे निकटतम मेट्रो स्टेशन या बस स्टॉप कौन सा है? (निकट F10) #4,hi,Deva,CS0,N0,"{""landmark"": ""पडलम अस्पताल"", ""transport_mode"": ""मेट्रो या बस""}","{""place_id"": ""OSM_POI_7257518724""}",ANSWERABLE_NOW,template_instantiation,TMPL_NEAREST_TRANSPORT_HI_DEVA_9
PILOT_T2_TR_001145,,SFAM_STATION_FACILITIES_015,FAM_STATION_FACILITIES_015,PARA_STATION_FACILITIES_14_0,T2_MEDIUM_V1,station_facilities,GET_STATION_FACILITY,Transit query: Is EV vehicle charging facility available at Little Mount metro station? [fac F15] #5,en,Latn,CS0,N0,"{""station"": ""Little Mount"", ""facility_type"": ""ev_charging"", ""transport_mode"": ""metro""}","{""station_id"": ""METRO_LITTLE_MOUNT""}",ANSWERABLE_NOW,template_instantiation,TMPL_STATION_FACILITIES_EN_14
PILOT_T2_TR_001146,,SFAM_OUT_OF_SCOPE_005,FAM_OUT_OF_SCOPE_005,PARA_OUT_OF_SCOPE_4_1,T2_MEDIUM_V1,out_of_scope,REJECT_OUT_OF_SCOPE,सीएमबीटी के निकटतम सबसे अच्छे रेस्टोरेंट और भोजनालय की सूची दें। (बाहर F5),hi,Deva,CS0,N0,"{""station"": ""सीएमबीटी""}","{""station_id"": ""METRO_PURATCHI_THALAIVI_DR_J_JAYALALITHAA_CMBT""}",OUT_OF_SCOPE,template_instantiation,TMPL_OUT_OF_SCOPE_HI_DEVA_4
PILOT_T2_TR_001147,,SFAM_TICKETING_AND_PASSES_007,FAM_TICKETING_AND_PASSES_007,PARA_TICKETING_AND_PASSES_6_0,T2_MEDIUM_V1,ticketing_rules,GET_TICKETING_POLICY,Quick check: What are the rules and procedure to purchase a Monthly Season Pass for commuters? [pass F7] #4,en,Latn,CS0,N0,"{""ticket_type"": ""monthly_pass"", ""transport_mode"": ""transit""}",{},ANSWERABLE_NOW,template_instantiation,TMPL_TICKETING_AND_PASSES_EN_6
PILOT_T2_TR_001148,,SFAM_MODE_AVAILABILITY_017,FAM_MODE_AVAILABILITY_017,PARA_MODE_AVAILABILITY_16_3,T2_MEDIUM_V1,service_availability,CHECK_SERVICE_AVAILABILITY,Could you specify Is public transit operational connecting St. Thomas Mount and Tambaram (F17)?? #3,hi-en,Latn,CS3,N0,"{""origin"": ""St. Thomas Mount"", ""destination"": ""Tambaram"", ""transport_mode"": ""public transit""}","{""origin_id"": ""METRO_ST__THOMAS_MOUNT"", ""destination_id"": ""BUS_5304399879""}",ANSWERABLE_WITH_PROVISIONAL_DATA,template_instantiation,TMPL_MODE_AVAILABILITY_HINGLISH_LATN_16
PILOT_T2_TR_001149,,SFAM_FARE_CALCULATION_015,FAM_FARE_CALCULATION_015,PARA_FARE_CALCULATION_14_2,T2_MEDIUM_V1,fare_query,CALCULATE_FARE,Please tell: little mount se chennai central metro ride ka standard ticket cost kitna hoga? [kiraya F15] #2,hi,Latn,CS0,N1,"{""origin"": ""little mount"", ""destination"": ""chennai central"", ""transport_mode"": ""metro""}","{""origin_id"": ""METRO_LITTLE_MOUNT"", ""destination_id"": ""METRO_PURATCHI_THALAIVAR_DR__M_G_RAMACHANDRAN_CENTRAL""}",ANSWERABLE_NOW,template_instantiation,TMPL_FARE_CALCULATION_HI_LATN_14
PILOT_T2_TR_001150,,SFAM_SERVICE_FREQUENCY_020,FAM_SERVICE_FREQUENCY_020,PARA_SERVICE_FREQUENCY_19_0,T2_MEDIUM_V1,service_timing,GET_SERVICE_FREQUENCY,How many minutes between trains on the line connecting Pachaiyappa College and Vadapalani? [freq F20],en,Latn,CS0,N0,"{""origin"": ""Pachaiyappa College"", ""destination"": ""Vadapalani"", ""timing_type"": ""frequency"", ""transport_mode"": ""metro""}","{""origin_id"": ""METRO_PACHAIYAPPA_S_COLLEGE"", ""destination_id"": ""METRO_VADAPALANI""}",ANSWERABLE_NOW,template_instantiation,TMPL_SERVICE_FREQUENCY_EN_19
PILOT_T2_TR_001151,,SFAM_REALTIME_STATUS_QUERY_017,FAM_REALTIME_STATUS_QUERY_017,PARA_REALTIME_STATUS_QUERY_16_0,T2_MEDIUM_V1,realtime_status_query,REJECT_UNSUPPORTED_REALTIME,Please tell: Where is bus 102 right now and what is its live location? [live F17] #2,en,Latn,CS0,N0,"{""route_number"": ""102"", ""transport_mode"": ""bus""}","{""route_id"": ""GTFS_ROUTE_16861""}",REQUIRES_REALTIME_DATA,template_instantiation,TMPL_REALTIME_STATUS_QUERY_EN_16
PILOT_T2_TR_001152,,SFAM_FARE_CALCULATION_002,FAM_FARE_CALCULATION_002,PARA_FARE_CALCULATION_1_0,T2_MEDIUM_V1,fare_query,CALCULATE_FARE,"Hello assistant, What is the single-journey ticket fare from Chennai Central to Thirumangalam on metro? [fare F2] #7",en,Latn,CS0,N1,"{""origin"": ""Chennai Central"", ""destination"": ""Thirumangalam"", ""fare_type"": ""token"", ""transport_mode"": ""metro""}","{""origin_id"": ""METRO_PURATCHI_THALAIVAR_DR__M_G_RAMACHANDRAN_CENTRAL"", ""destination_id"": ""METRO_THIRUMANGALAM""}",ANSWERABLE_NOW,template_instantiation,TMPL_FARE_CALCULATION_EN_1
PILOT_T2_TR_001153,,SFAM_STATION_FACILITIES_015,FAM_STATION_FACILITIES_015,PARA_STATION_FACILITIES_14_2,T2_MEDIUM_V1,station_facilities,GET_STATION_FACILITY,Quick check: kya little mount station par passenger ev charging station service available hai? [amenity F15] #4,hi,Latn,CS0,N0,"{""station"": ""little mount"", ""facility_type"": ""ev_charging"", ""transport_mode"": ""metro""}","{""station_id"": ""METRO_LITTLE_MOUNT""}",ANSWERABLE_NOW,template_instantiation,TMPL_STATION_FACILITIES_HI_LATN_14
PILOT_T2_TR_001154,,SFAM_MULTIMODAL_ROUTE_016,FAM_MULTIMODAL_ROUTE_016,PARA_MULTIMODAL_ROUTE_15_1,T2_MEDIUM_V1,route_query,PLAN_MULTIMODAL_ROUTE,Could you specify पुदुपट्टिनम से गिंडी बस और मेट्रो मिलाकर सबसे तेज़ मार्ग कौन सा है? (योजना F16)? #3,hi,Deva,CS0,N0,"{""origin"": ""पुदुपट्टिनम"", ""destination"": ""गिंडी"", ""transport_mode"": ""बस और मेट्रो""}","{""origin_id"": ""BUS_3616510666"", ""destination_id"": ""METRO_GUINDY""}",ANSWERABLE_WITH_PROVISIONAL_DATA,template_instantiation,TMPL_MULTIMODAL_ROUTE_HI_DEVA_15
PILOT_T2_TR_001155,,SFAM_POINT_TO_POINT_ROUTE_015,FAM_POINT_TO_POINT_ROUTE_015,PARA_POINT_TO_POINT_ROUTE_14_2,T2_MEDIUM_V1,route_query,PLAN_ROUTE,Please tell: little mount se chennai central metro se travel kaise kare? [tarika F15] #2,hi,Latn,CS0,N0,"{""origin"": ""little mount"", ""destination"": ""chennai central"", ""transport_mode"": ""metro""}","{""origin_id"": ""METRO_LITTLE_MOUNT"", ""destination_id"": ""METRO_PURATCHI_THALAIVAR_DR__M_G_RAMACHANDRAN_CENTRAL""}",ANSWERABLE_WITH_PROVISIONAL_DATA,template_instantiation,TMPL_POINT_TO_POINT_ROUTE_HI_LATN_14
PILOT_T2_TR_001156,,SFAM_REALTIME_STATUS_QUERY_008,FAM_REALTIME_STATUS_QUERY_008,PARA_REALTIME_STATUS_QUERY_7_4,T2_MEDIUM_V1,realtime_status_query,REJECT_UNSUPPORTED_REALTIME,High Court se metro live delay status aur real time position tracking F8,hi-en,Deva+Latn,CS4,N0,"{""origin"": ""High Court"", ""transport_mode"": ""metro""}","{""origin_id"": ""METRO_HIGHCOURT""}",REQUIRES_REALTIME_DATA,template_instantiation,TMPL_REALTIME_STATUS_QUERY_MIXED_SCRIPT_CS_7
PILOT_T2_TR_001157,,SFAM_STATION_FACILITIES_013,FAM_STATION_FACILITIES_013,PARA_STATION_FACILITIES_12_1,T2_MEDIUM_V1,station_facilities,GET_STATION_FACILITY,Quick check: क्या विमको नगर मेट्रो स्टेशन पर कार पार्किंग की व्यवस्था उपलब्ध है? (सुविधा F13) #4,hi,Deva,CS0,N0,"{""station"": ""विमको नगर"", ""facility_type"": ""parking"", ""transport_mode"": ""मेट्रो""}","{""station_id"": ""METRO_WIMCO_NAGAR""}",ANSWERABLE_NOW,template_instantiation,TMPL_STATION_FACILITIES_HI_DEVA_12
PILOT_T2_TR_001158,,SFAM_SERVICE_FREQUENCY_003,FAM_SERVICE_FREQUENCY_003,PARA_SERVICE_FREQUENCY_2_3,T2_MEDIUM_V1,service_timing,GET_SERVICE_FREQUENCY,Please tell: Peak hour frequency and normal headway between Guindy and Anna Nagar Tower (F3) #2,hi-en,Latn,CS3,N0,"{""origin"": ""Guindy"", ""destination"": ""Anna Nagar Tower"", ""timing_type"": ""frequency"", ""transport_mode"": ""metro""}","{""origin_id"": ""METRO_GUINDY"", ""destination_id"": ""METRO_ANNA_NAGAR_TOWER""}",ANSWERABLE_NOW,template_instantiation,TMPL_SERVICE_FREQUENCY_HINGLISH_LATN_2
PILOT_T2_TR_001159,,SFAM_FARE_CALCULATION_002,FAM_FARE_CALCULATION_002,PARA_FARE_CALCULATION_1_3,T2_MEDIUM_V1,fare_query,CALCULATE_FARE,Could you specify Calculate fare for travel between Chennai Central and Thirumangalam stations (F2)? #3,hi-en,Latn,CS3,N1,"{""origin"": ""Chennai Central"", ""destination"": ""Thirumangalam"", ""transport_mode"": ""metro""}","{""origin_id"": ""METRO_PURATCHI_THALAIVAR_DR__M_G_RAMACHANDRAN_CENTRAL"", ""destination_id"": ""METRO_THIRUMANGALAM""}",ANSWERABLE_NOW,template_instantiation,TMPL_FARE_CALCULATION_HINGLISH_LATN_1
PILOT_T2_TR_001160,,SFAM_OUT_OF_SCOPE_020,FAM_OUT_OF_SCOPE_020,PARA_OUT_OF_SCOPE_19_0,T2_MEDIUM_V1,out_of_scope,REJECT_OUT_OF_SCOPE,Book a private cab taxi ride from Pachaiyappa College to Vadapalani. [cab F20],en,Latn,CS0,N0,"{""origin"": ""Pachaiyappa College"", ""destination"": ""Vadapalani""}","{""origin_id"": ""METRO_PACHAIYAPPA_S_COLLEGE"", ""destination_id"": ""METRO_VADAPALANI""}",OUT_OF_SCOPE,template_instantiation,TMPL_OUT_OF_SCOPE_EN_19
PILOT_T2_TR_001161,,SFAM_STATION_ACCESSIBILITY_011,FAM_STATION_ACCESSIBILITY_011,PARA_STATION_ACCESSIBILITY_10_0,T2_MEDIUM_V1,accessibility,GET_ACCESSIBILITY_INFO,"Excuse me, Are tactile floor paths provisions available for differently abled passengers at Egmore? [a11y F11] #6",en,Latn,CS0,N0,"{""station"": ""Egmore"", ""accessibility_feature"": ""tactile_path"", ""transport_mode"": ""metro""}","{""station_id"": ""METRO_EGMORE""}",ANSWERABLE_NOW,template_instantiation,TMPL_STATION_ACCESSIBILITY_EN_10
PILOT_T2_TR_001162,,SFAM_POINT_TO_POINT_ROUTE_005,FAM_POINT_TO_POINT_ROUTE_005,PARA_POINT_TO_POINT_ROUTE_4_4,T2_MEDIUM_V1,route_query,PLAN_ROUTE,CMBT से Thousand Lights direct metro connection bataye route plan F5,hi-en,Deva+Latn,CS4,N0,"{""origin"": ""CMBT"", ""destination"": ""Thousand Lights"", ""transport_mode"": ""metro""}","{""origin_id"": ""METRO_PURATCHI_THALAIVI_DR_J_JAYALALITHAA_CMBT"", ""destination_id"": ""METRO_THOUSAND_LIGHTS""}",ANSWERABLE_WITH_PROVISIONAL_DATA,template_instantiation,TMPL_POINT_TO_POINT_ROUTE_MIXED_SCRIPT_CS_4
PILOT_T2_TR_001163,,SFAM_TICKETING_AND_PASSES_018,FAM_TICKETING_AND_PASSES_018,PARA_TICKETING_AND_PASSES_17_1,T2_MEDIUM_V1,ticketing_rules,GET_TICKETING_POLICY,Transit query: यात्रियों के लिए एनसीएमसी कार्ड प्राप्त करने के नियम और प्रक्रिया क्या हैं? (पास F18) #5,hi,Deva,CS0,N2,"{""ticket_type"": ""ncmc_card"", ""transport_mode"": ""पारगमन""}",{},ANSWERABLE_NOW,template_instantiation,TMPL_TICKETING_AND_PASSES_HI_DEVA_17
PILOT_T2_TR_001164,,SFAM_POINT_TO_POINT_ROUTE_014,FAM_POINT_TO_POINT_ROUTE_014,PARA_POINT_TO_POINT_ROUTE_13_0,T2_MEDIUM_V1,route_query,PLAN_ROUTE,How do I commute from Washermenpet to Airport by metro? [pattern F14],en,Latn,CS0,N0,"{""origin"": ""Washermenpet"", ""destination"": ""Airport"", ""transport_mode"": ""metro""}","{""origin_id"": ""METRO_WASHERMENPET"", ""destination_id"": ""METRO_CHENNAI_INTERNATIONAL_AIRPORT""}",ANSWERABLE_WITH_PROVISIONAL_DATA,template_instantiation,TMPL_POINT_TO_POINT_ROUTE_EN_13
PILOT_T2_TR_001165,,SFAM_TICKETING_AND_PASSES_015,FAM_TICKETING_AND_PASSES_015,PARA_TICKETING_AND_PASSES_14_3,T2_MEDIUM_V1,ticketing_rules,GET_TICKETING_POLICY,Transit query: How can regular passengers apply for and renew WhatsApp QR Ticket (F15)? #5,hi-en,Latn,CS3,N1,"{""ticket_type"": ""qr_ticket"", ""transport_mode"": ""transit""}",{},ANSWERABLE_NOW,template_instantiation,TMPL_TICKETING_AND_PASSES_HINGLISH_LATN_14
PILOT_T2_TR_001166,,SFAM_MODE_AVAILABILITY_009,FAM_MODE_AVAILABILITY_009,PARA_MODE_AVAILABILITY_8_2,T2_MEDIUM_V1,service_availability,CHECK_SERVICE_AVAILABILITY,Quick check: thirumangalam se madurantakam tak direct transit options available hain kya? [suvidha F9] #4,hi,Latn,CS0,N0,"{""origin"": ""thirumangalam"", ""destination"": ""madurantakam"", ""transport_mode"": ""any""}","{""origin_id"": ""METRO_THIRUMANGALAM"", ""destination_id"": ""BUS_5306412986""}",ANSWERABLE_WITH_PROVISIONAL_DATA,template_instantiation,TMPL_MODE_AVAILABILITY_HI_LATN_8
PILOT_T2_TR_001167,,SFAM_FARE_CALCULATION_008,FAM_FARE_CALCULATION_008,PARA_FARE_CALCULATION_7_1,T2_MEDIUM_V1,fare_query,CALCULATE_FARE,Could you specify हाई कोर्ट से लिटिल माउंट तक का मेट्रो का टोकन किराया कितना रुपया है? (किराया F8)? #3,hi,Deva,CS0,N0,"{""origin"": ""हाई कोर्ट"", ""destination"": ""लिटिल माउंट"", ""fare_type"": ""टोकन"", ""transport_mode"": ""मेट्रो""}","{""origin_id"": ""METRO_HIGHCOURT"", ""destination_id"": ""METRO_LITTLE_MOUNT""}",ANSWERABLE_NOW,template_instantiation,TMPL_FARE_CALCULATION_HI_DEVA_7
PILOT_T2_TR_001168,,SFAM_INTERCHANGE_TRANSFER_012,FAM_INTERCHANGE_TRANSFER_012,PARA_INTERCHANGE_TRANSFER_11_1,T2_MEDIUM_V1,interchange_query,GET_INTERCHANGE_DETAILS,Please tell: थाउजेंड लाइट्स इंटरचेंज पर दूसरी लाइन में ट्रांसफर करने का मार्ग क्या है? (बदलाव F12) #2,hi,Deva,CS0,N0,"{""station"": ""थाउजेंड लाइट्स"", ""facility_type"": ""इंटरचेंज""}","{""station_id"": ""METRO_THOUSAND_LIGHTS""}",ANSWERABLE_AFTER_MANUAL_VERIFICATION,template_instantiation,TMPL_INTERCHANGE_TRANSFER_HI_DEVA_11
PILOT_T2_TR_001169,,SFAM_MODE_AVAILABILITY_012,FAM_MODE_AVAILABILITY_012,PARA_MODE_AVAILABILITY_11_0,T2_MEDIUM_V1,service_availability,CHECK_SERVICE_AVAILABILITY,Are there direct public transport options from Thousand Lights to Walajabad? [avail F12],en,Latn,CS0,N0,"{""origin"": ""Thousand Lights"", ""destination"": ""Walajabad"", ""transport_mode"": ""any""}","{""origin_id"": ""METRO_THOUSAND_LIGHTS"", ""destination_id"": ""BUS_261716087""}",ANSWERABLE_WITH_PROVISIONAL_DATA,template_instantiation,TMPL_MODE_AVAILABILITY_EN_11
PILOT_T2_TR_001170,,SFAM_MULTIMODAL_ROUTE_020,FAM_MULTIMODAL_ROUTE_020,PARA_MULTIMODAL_ROUTE_19_3,T2_MEDIUM_V1,route_query,PLAN_MULTIMODAL_ROUTE,Can you give combined bus and train route from Velachery to Vadapalani (F20)?,hi-en,Latn,CS3,N0,"{""origin"": ""Velachery"", ""destination"": ""Vadapalani"", ""transport_mode"": ""bus and train""}","{""origin_id"": ""BUS_1764308008"", ""destination_id"": ""METRO_VADAPALANI""}",ANSWERABLE_WITH_PROVISIONAL_DATA,template_instantiation,TMPL_MULTIMODAL_ROUTE_HINGLISH_LATN_19
PILOT_T2_TR_001171,,SFAM_NEAREST_TRANSPORT_005,FAM_NEAREST_TRANSPORT_005,PARA_NEAREST_TRANSPORT_4_4,T2_MEDIUM_V1,nearest_transport,FIND_NEAREST_STATION,Maruthi Hospital ke pass nearest metro stop connection distance bataye F5,hi-en,Deva+Latn,CS4,N0,"{""landmark"": ""Maruthi Hospital"", ""transport_mode"": ""metro""}","{""place_id"": ""OSM_POI_7820652140""}",ANSWERABLE_NOW,template_instantiation,TMPL_NEAREST_TRANSPORT_MIXED_SCRIPT_CS_4
PILOT_T2_TR_001172,,SFAM_MULTIMODAL_ROUTE_020,FAM_MULTIMODAL_ROUTE_020,PARA_MULTIMODAL_ROUTE_19_1,T2_MEDIUM_V1,route_query,PLAN_MULTIMODAL_ROUTE,Could you specify वेलाचेरी से वडपलनी बस और मेट्रो मिलाकर सबसे तेज़ मार्ग कौन सा है? (योजना F20)? #3,hi,Deva,CS0,N0,"{""origin"": ""वेलाचेरी"", ""destination"": ""वडपलनी"", ""transport_mode"": ""बस और मेट्रो""}","{""origin_id"": ""BUS_1764308008"", ""destination_id"": ""METRO_VADAPALANI""}",ANSWERABLE_WITH_PROVISIONAL_DATA,template_instantiation,TMPL_MULTIMODAL_ROUTE_HI_DEVA_19
PILOT_T2_TR_001173,,SFAM_MODE_AVAILABILITY_013,FAM_MODE_AVAILABILITY_013,PARA_MODE_AVAILABILITY_12_0,T2_MEDIUM_V1,service_availability,CHECK_SERVICE_AVAILABILITY,Quick check: Are there direct public transport options from Wimco Nagar Depot to Nelvoy? [avail F13] #4,en,Latn,CS0,N0,"{""origin"": ""Wimco Nagar Depot"", ""destination"": ""Nelvoy"", ""transport_mode"": ""any""}","{""origin_id"": ""METRO_WIMCO_NAGAR"", ""destination_id"": ""BUS_469106564""}",ANSWERABLE_WITH_PROVISIONAL_DATA,template_instantiation,TMPL_MODE_AVAILABILITY_EN_12
PILOT_T2_TR_001174,,SFAM_SCHEDULED_DEPARTURE_009,FAM_SCHEDULED_DEPARTURE_009,PARA_SCHEDULED_DEPARTURE_8_3,T2_MEDIUM_V1,service_timing,GET_SCHEDULED_DEPARTURES,Thirumangalam station se kal 8 baje train schedule kya hoga (F9),hi-en,Latn,CS3,N0,"{""origin"": ""Thirumangalam"", ""temporal_relative"": ""kal"", ""resolved_temporal_offset"": ""UNRESOLVED_TEMPORAL_AMBIGUITY"", ""time"": ""8 baje"", ""temporal_ambiguity"": true, ""dual_candidates"": [""08:00:00"", ""20:00:00""]}","{""origin_id"": ""METRO_THIRUMANGALAM""}",ANSWERABLE_NOW,template_instantiation,TMPL_SCHEDULED_DEPARTURE_HINGLISH_LATN_8
PILOT_T2_TR_001175,,SFAM_INTERCHANGE_TRANSFER_003,FAM_INTERCHANGE_TRANSFER_003,PARA_INTERCHANGE_TRANSFER_2_0,T2_MEDIUM_V1,interchange_query,GET_INTERCHANGE_DETAILS,Quick check: How do I switch lines to connect towards Anna Nagar Tower at Guindy interchange? [xfer F3] #4,en,Latn,CS0,N0,"{""station"": ""Guindy"", ""destination"": ""Anna Nagar Tower"", ""facility_type"": ""interchange""}","{""station_id"": ""METRO_GUINDY"", ""destination_id"": ""METRO_ANNA_NAGAR_TOWER""}",ANSWERABLE_AFTER_MANUAL_VERIFICATION,template_instantiation,TMPL_INTERCHANGE_TRANSFER_EN_2
PILOT_T2_TR_001176,,SFAM_ROUTE_STOP_SEQUENCE_019,FAM_ROUTE_STOP_SEQUENCE_019,PARA_ROUTE_STOP_SEQUENCE_18_4,T2_MEDIUM_V1,route_stops,LIST_ROUTE_STOPS,Route 570 bus के सभी stops ka sequence display karein data F19,hi-en,Deva+Latn,CS4,N2,"{""route_number"": ""570"", ""transport_mode"": ""bus""}","{""route_id"": ""GTFS_ROUTE_17967""}",ANSWERABLE_WITH_PROVISIONAL_DATA,template_instantiation,TMPL_ROUTE_STOP_SEQUENCE_MIXED_SCRIPT_CS_18
PILOT_T2_TR_001177,,SFAM_INTERCHANGE_TRANSFER_012,FAM_INTERCHANGE_TRANSFER_012,PARA_INTERCHANGE_TRANSFER_11_3,T2_MEDIUM_V1,interchange_query,GET_INTERCHANGE_DETAILS,"Excuse me, Transfer walking time and directions at Thousand Lights multimodal terminal (F12) #6",hi-en,Latn,CS3,N2,"{""station"": ""Thousand Lights"", ""facility_type"": ""interchange""}","{""station_id"": ""METRO_THOUSAND_LIGHTS""}",ANSWERABLE_AFTER_MANUAL_VERIFICATION,template_instantiation,TMPL_INTERCHANGE_TRANSFER_HINGLISH_LATN_11
PILOT_T2_TR_001178,,SFAM_STATION_ACCESSIBILITY_002,FAM_STATION_ACCESSIBILITY_002,PARA_STATION_ACCESSIBILITY_1_1,T2_MEDIUM_V1,accessibility,GET_ACCESSIBILITY_INFO,Quick check: क्या चेन्नई सेंट्रल स्टेशन पर दिव्यांग यात्रियों के लिए यात्री लिफ्ट उपलब्ध है? (सुलभता F2) #4,hi,Deva,CS0,N2,"{""station"": ""चेन्नई सेंट्रल"", ""accessibility_feature"": ""lift"", ""transport_mode"": ""मेट्रो""}","{""station_id"": ""METRO_PURATCHI_THALAIVAR_DR__M_G_RAMACHANDRAN_CENTRAL""}",ANSWERABLE_NOW,template_instantiation,TMPL_STATION_ACCESSIBILITY_HI_DEVA_1
PILOT_T2_TR_001179,,SFAM_STATION_ACCESSIBILITY_020,FAM_STATION_ACCESSIBILITY_020,PARA_STATION_ACCESSIBILITY_19_2,T2_MEDIUM_V1,accessibility,GET_ACCESSIBILITY_INFO,kya pachaiyappa college metro station me wheelchair disabled ke liye escalator hai? [barrier-free F20],hi,Latn,CS0,N0,"{""station"": ""pachaiyappa college"", ""accessibility_feature"": ""escalator"", ""transport_mode"": ""metro""}","{""station_id"": ""METRO_PACHAIYAPPA_S_COLLEGE""}",ANSWERABLE_NOW,template_instantiation,TMPL_STATION_ACCESSIBILITY_HI_LATN_19
PILOT_T2_TR_001180,,SFAM_ROUTE_STOP_SEQUENCE_017,FAM_ROUTE_STOP_SEQUENCE_017,PARA_ROUTE_STOP_SEQUENCE_16_3,T2_MEDIUM_V1,route_stops,LIST_ROUTE_STOPS,Could you specify Full stop order details for bus number 102 please provide (F17)? #3,hi-en,Latn,CS3,N2,"{""route_number"": ""102"", ""transport_mode"": ""bus""}","{""route_id"": ""GTFS_ROUTE_16861""}",ANSWERABLE_WITH_PROVISIONAL_DATA,template_instantiation,TMPL_ROUTE_STOP_SEQUENCE_HINGLISH_LATN_16
PILOT_T2_TR_001181,,SFAM_MODE_AVAILABILITY_004,FAM_MODE_AVAILABILITY_004,PARA_MODE_AVAILABILITY_3_3,T2_MEDIUM_V1,service_availability,CHECK_SERVICE_AVAILABILITY,"Excuse me, Is public transit operational connecting Alandur and Velachery (F4)? #6",hi-en,Latn,CS3,N0,"{""origin"": ""Alandur"", ""destination"": ""Velachery"", ""transport_mode"": ""public transit""}","{""origin_id"": ""METRO_ARIGNAR_ANNA_ALANDUR"", ""destination_id"": ""BUS_1764308008""}",ANSWERABLE_WITH_PROVISIONAL_DATA,template_instantiation,TMPL_MODE_AVAILABILITY_HINGLISH_LATN_3
PILOT_T2_TR_001182,,SFAM_FARE_CALCULATION_008,FAM_FARE_CALCULATION_008,PARA_FARE_CALCULATION_7_0,T2_MEDIUM_V1,fare_query,CALCULATE_FARE,"Excuse me, What is the single-journey ticket fare from High Court to Little Mount on metro? [fare F8] #6",en,Latn,CS0,N0,"{""origin"": ""High Court"", ""destination"": ""Little Mount"", ""fare_type"": ""token"", ""transport_mode"": ""metro""}","{""origin_id"": ""METRO_HIGHCOURT"", ""destination_id"": ""METRO_LITTLE_MOUNT""}",ANSWERABLE_NOW,template_instantiation,TMPL_FARE_CALCULATION_EN_7
PILOT_T2_TR_001183,,SFAM_STATION_FACILITIES_018,FAM_STATION_FACILITIES_018,PARA_STATION_FACILITIES_17_1,T2_MEDIUM_V1,station_facilities,GET_STATION_FACILITY,Please tell: क्या नेहरू पार्क मेट्रो स्टेशन पर बाइक पार्किंग की व्यवस्था उपलब्ध है? (सुविधा F18) #2,hi,Deva,CS0,N0,"{""station"": ""नेहरू पार्क"", ""facility_type"": ""two_wheeler_parking"", ""transport_mode"": ""मेट्रो""}","{""station_id"": ""METRO_NEHRU_PARK""}",ANSWERABLE_NOW,template_instantiation,TMPL_STATION_FACILITIES_HI_DEVA_17
PILOT_T2_TR_001184,,SFAM_TICKETING_AND_PASSES_015,FAM_TICKETING_AND_PASSES_015,PARA_TICKETING_AND_PASSES_14_2,T2_MEDIUM_V1,ticketing_rules,GET_TICKETING_POLICY,Could you specify qr ticket recharge karne ka guidelines aur validity rule bataye. [card F15]? #3,hi,Latn,CS0,N0,"{""ticket_type"": ""qr_ticket"", ""transport_mode"": ""transit""}",{},ANSWERABLE_NOW,template_instantiation,TMPL_TICKETING_AND_PASSES_HI_LATN_14
PILOT_T2_TR_001185,,SFAM_OUT_OF_SCOPE_005,FAM_OUT_OF_SCOPE_005,PARA_OUT_OF_SCOPE_4_0,T2_MEDIUM_V1,out_of_scope,REJECT_OUT_OF_SCOPE,"Excuse me, Book a private cab taxi ride from CMBT to Thousand Lights. [cab F5] #6",en,Latn,CS0,N0,"{""origin"": ""CMBT"", ""destination"": ""Thousand Lights""}","{""origin_id"": ""METRO_PURATCHI_THALAIVI_DR_J_JAYALALITHAA_CMBT"", ""destination_id"": ""METRO_THOUSAND_LIGHTS""}",OUT_OF_SCOPE,template_instantiation,TMPL_OUT_OF_SCOPE_EN_4
PILOT_T2_TR_001186,,SFAM_NEAREST_TRANSPORT_003,FAM_NEAREST_TRANSPORT_003,PARA_NEAREST_TRANSPORT_2_2,T2_MEDIUM_V1,nearest_transport,FIND_NEAREST_STATION,great lakes institute se closest walking distance metro transit point kaunsa hai? [paas F3],hi,Latn,CS0,N0,"{""landmark"": ""great lakes institute"", ""transport_mode"": ""metro""}","{""place_id"": ""OSM_POI_577328882""}",ANSWERABLE_NOW,template_instantiation,TMPL_NEAREST_TRANSPORT_HI_LATN_2
PILOT_T2_TR_001187,,SFAM_INTERCHANGE_TRANSFER_012,FAM_INTERCHANGE_TRANSFER_012,PARA_INTERCHANGE_TRANSFER_11_1,T2_MEDIUM_V1,interchange_query,GET_INTERCHANGE_DETAILS,Could you specify थाउजेंड लाइट्स इंटरचेंज पर दूसरी लाइन में ट्रांसफर करने का मार्ग क्या है? (बदलाव F12)? #3,hi,Deva,CS0,N0,"{""station"": ""थाउजेंड लाइट्स"", ""facility_type"": ""इंटरचेंज""}","{""station_id"": ""METRO_THOUSAND_LIGHTS""}",ANSWERABLE_AFTER_MANUAL_VERIFICATION,template_instantiation,TMPL_INTERCHANGE_TRANSFER_HI_DEVA_11
PILOT_T2_TR_001188,,SFAM_FARE_CALCULATION_004,FAM_FARE_CALCULATION_004,PARA_FARE_CALCULATION_3_3,T2_MEDIUM_V1,fare_query,CALCULATE_FARE,Please tell: Calculate fare for travel between Alandur and Egmore stations (F4) #2,hi-en,Latn,CS3,N0,"{""origin"": ""Alandur"", ""destination"": ""Egmore"", ""transport_mode"": ""metro""}","{""origin_id"": ""METRO_ARIGNAR_ANNA_ALANDUR"", ""destination_id"": ""METRO_EGMORE""}",ANSWERABLE_NOW,template_instantiation,TMPL_FARE_CALCULATION_HINGLISH_LATN_3
PILOT_T2_TR_001189,,SFAM_MODE_AVAILABILITY_005,FAM_MODE_AVAILABILITY_005,PARA_MODE_AVAILABILITY_4_2,T2_MEDIUM_V1,service_availability,CHECK_SERVICE_AVAILABILITY,Please tell: cmbt se besant nagar tak direct transit options available hain kya? [suvidha F5] #2,hi,Latn,CS0,N0,"{""origin"": ""cmbt"", ""destination"": ""besant nagar"", ""transport_mode"": ""any""}","{""origin_id"": ""METRO_PURATCHI_THALAIVI_DR_J_JAYALALITHAA_CMBT"", ""destination_id"": ""BUS_417750654""}",ANSWERABLE_WITH_PROVISIONAL_DATA,template_instantiation,TMPL_MODE_AVAILABILITY_HI_LATN_4
PILOT_T2_TR_001190,,SFAM_INTERCHANGE_TRANSFER_018,FAM_INTERCHANGE_TRANSFER_018,PARA_INTERCHANGE_TRANSFER_17_2,T2_MEDIUM_V1,interchange_query,GET_INTERCHANGE_DETAILS,nehru park hub par metro line change karke cmbt kaise jaye? [platform F18],hi,Latn,CS0,N0,"{""station"": ""nehru park"", ""destination"": ""cmbt"", ""facility_type"": ""interchange""}","{""station_id"": ""METRO_NEHRU_PARK"", ""destination_id"": ""METRO_PURATCHI_THALAIVI_DR_J_JAYALALITHAA_CMBT""}",ANSWERABLE_AFTER_MANUAL_VERIFICATION,template_instantiation,TMPL_INTERCHANGE_TRANSFER_HI_LATN_17
PILOT_T2_TR_001191,,SFAM_FARE_CALCULATION_007,FAM_FARE_CALCULATION_007,PARA_FARE_CALCULATION_6_4,T2_MEDIUM_V1,fare_query,CALCULATE_FARE,Please tell: Vadapalani से Washermenpet metro travel ka discounted smart card fare kya hai F7 #2,hi-en,Deva+Latn,CS4,N0,"{""origin"": ""Vadapalani"", ""destination"": ""Washermenpet"", ""ticket_type"": ""smart_card"", ""transport_mode"": ""metro""}","{""origin_id"": ""METRO_VADAPALANI"", ""destination_id"": ""METRO_WASHERMENPET""}",ANSWERABLE_NOW,template_instantiation,TMPL_FARE_CALCULATION_MIXED_SCRIPT_CS_6
PILOT_T2_TR_001192,,SFAM_STATION_ACCESSIBILITY_016,FAM_STATION_ACCESSIBILITY_016,PARA_STATION_ACCESSIBILITY_15_3,T2_MEDIUM_V1,accessibility,GET_ACCESSIBILITY_INFO,Could you specify Verification of accessible escalator stairs support at Saidapet metro (F16)? #3,hi-en,Latn,CS3,N0,"{""station"": ""Saidapet"", ""accessibility_feature"": ""escalator"", ""transport_mode"": ""metro""}","{""station_id"": ""METRO_SAIDAPET""}",ANSWERABLE_NOW,template_instantiation,TMPL_STATION_ACCESSIBILITY_HINGLISH_LATN_15
PILOT_T2_TR_001193,,SFAM_REALTIME_STATUS_QUERY_001,FAM_REALTIME_STATUS_QUERY_001,PARA_REALTIME_STATUS_QUERY_0_1,T2_MEDIUM_V1,realtime_status_query,REJECT_UNSUPPORTED_REALTIME,क्या एयरपोर्ट से आने वाली ट्रेन अभी लेट चल रही है लाइव स्थिति बताएं? (ताज़ा F1),hi,Deva,CS0,N0,"{""origin"": ""एयरपोर्ट"", ""transport_mode"": ""ट्रेन""}","{""origin_id"": ""METRO_CHENNAI_INTERNATIONAL_AIRPORT""}",REQUIRES_REALTIME_DATA,template_instantiation,TMPL_REALTIME_STATUS_QUERY_HI_DEVA_0
PILOT_T2_TR_001194,,SFAM_ROUTE_STOP_SEQUENCE_011,FAM_ROUTE_STOP_SEQUENCE_011,PARA_ROUTE_STOP_SEQUENCE_10_3,T2_MEDIUM_V1,route_stops,LIST_ROUTE_STOPS,Full stop order details for bus number 11 R please provide (F11),hi-en,Latn,CS3,N0,"{""route_number"": ""11 R"", ""transport_mode"": ""bus""}","{""route_id"": ""GTFS_ROUTE_23728""}",ANSWERABLE_WITH_PROVISIONAL_DATA,template_instantiation,TMPL_ROUTE_STOP_SEQUENCE_HINGLISH_LATN_10
PILOT_T2_TR_001195,,SFAM_TICKETING_AND_PASSES_011,FAM_TICKETING_AND_PASSES_011,PARA_TICKETING_AND_PASSES_10_1,T2_MEDIUM_V1,ticketing_rules,GET_TICKETING_POLICY,Quick check: यात्रियों के लिए छात्र रियायती पास प्राप्त करने के नियम और प्रक्रिया क्या हैं? (पास F11) #4,hi,Deva,CS0,N0,"{""ticket_type"": ""student_pass"", ""transport_mode"": ""पारगमन""}",{},ANSWERABLE_NOW,template_instantiation,TMPL_TICKETING_AND_PASSES_HI_DEVA_10
PILOT_T2_TR_001196,,SFAM_TICKETING_AND_PASSES_007,FAM_TICKETING_AND_PASSES_007,PARA_TICKETING_AND_PASSES_6_4,T2_MEDIUM_V1,ticketing_rules,GET_TICKETING_POLICY,Please tell: Commuter Monthly Season Pass ke application aur terms ki complete details F7 #2,hi-en,Deva+Latn,CS4,N0,"{""ticket_type"": ""monthly_pass"", ""transport_mode"": ""transit""}",{},ANSWERABLE_NOW,template_instantiation,TMPL_TICKETING_AND_PASSES_MIXED_SCRIPT_CS_6
PILOT_T2_TR_001197,,SFAM_NEAREST_TRANSPORT_014,FAM_NEAREST_TRANSPORT_014,PARA_NEAREST_TRANSPORT_13_1,T2_MEDIUM_V1,nearest_transport,FIND_NEAREST_STATION,मैरीटाइम संस्थान के सबसे निकटतम मेट्रो स्टेशन या बस स्टॉप कौन सा है? (निकट F14),hi,Deva,CS0,N1,"{""landmark"": ""मैरीटाइम संस्थान"", ""transport_mode"": ""मेट्रो या बस""}","{""place_id"": ""OSM_POI_314081186""}",ANSWERABLE_NOW,template_instantiation,TMPL_NEAREST_TRANSPORT_HI_DEVA_13
PILOT_T2_TR_001198,,SFAM_STATION_FACILITIES_009,FAM_STATION_FACILITIES_009,PARA_STATION_FACILITIES_8_1,T2_MEDIUM_V1,station_facilities,GET_STATION_FACILITY,"Excuse me, क्या तिरुमंगलम मेट्रो स्टेशन पर कार पार्किंग की व्यवस्था उपलब्ध है? (सुविधा F9) #6",hi,Deva,CS0,N0,"{""station"": ""तिरुमंगलम"", ""facility_type"": ""parking"", ""transport_mode"": ""मेट्रो""}","{""station_id"": ""METRO_THIRUMANGALAM""}",ANSWERABLE_NOW,template_instantiation,TMPL_STATION_FACILITIES_HI_DEVA_8
PILOT_T2_TR_001199,,SFAM_STATION_ACCESSIBILITY_014,FAM_STATION_ACCESSIBILITY_014,PARA_STATION_ACCESSIBILITY_13_0,T2_MEDIUM_V1,accessibility,GET_ACCESSIBILITY_INFO,Transit query: Are passenger elevator lift provisions available for differently abled passengers at Washermenpet? [a11y F14] #5,en,Latn,CS0,N0,"{""station"": ""Washermenpet"", ""accessibility_feature"": ""lift"", ""transport_mode"": ""metro""}","{""station_id"": ""METRO_WASHERMENPET""}",ANSWERABLE_NOW,template_instantiation,TMPL_STATION_ACCESSIBILITY_EN_13
PILOT_T2_TR_001200,,SFAM_NEAREST_TRANSPORT_010,FAM_NEAREST_TRANSPORT_010,PARA_NEAREST_TRANSPORT_9_1,T2_MEDIUM_V1,nearest_transport,FIND_NEAREST_STATION,पडलम अस्पताल के सबसे निकटतम मेट्रो स्टेशन या बस स्टॉप कौन सा है? (निकट F10),hi,Deva,CS0,N1,"{""landmark"": ""पडलम अस्पताल"", ""transport_mode"": ""मेट्रो या बस""}","{""place_id"": ""OSM_POI_7257518724""}",ANSWERABLE_NOW,template_instantiation,TMPL_NEAREST_TRANSPORT_HI_DEVA_9
PILOT_T2_TR_001201,,SFAM_TICKETING_AND_PASSES_018,FAM_TICKETING_AND_PASSES_018,PARA_TICKETING_AND_PASSES_17_3,T2_MEDIUM_V1,ticketing_rules,GET_TICKETING_POLICY,Quick check: How can regular passengers apply for and renew National Common Mobility Card (F18)? #4,hi-en,Latn,CS3,N0,"{""ticket_type"": ""ncmc_card"", ""transport_mode"": ""transit""}",{},ANSWERABLE_NOW,template_instantiation,TMPL_TICKETING_AND_PASSES_HINGLISH_LATN_17
PILOT_T2_TR_001202,,SFAM_STATION_ACCESSIBILITY_011,FAM_STATION_ACCESSIBILITY_011,PARA_STATION_ACCESSIBILITY_10_0,T2_MEDIUM_V1,accessibility,GET_ACCESSIBILITY_INFO,Are tactile floor paths provisions available for differently abled passengers at Egmore? [a11y F11],en,Latn,CS0,N0,"{""station"": ""Egmore"", ""accessibility_feature"": ""tactile_path"", ""transport_mode"": ""metro""}","{""station_id"": ""METRO_EGMORE""}",ANSWERABLE_NOW,template_instantiation,TMPL_STATION_ACCESSIBILITY_EN_10
PILOT_T2_TR_001203,,SFAM_MULTIMODAL_ROUTE_005,FAM_MULTIMODAL_ROUTE_005,PARA_MULTIMODAL_ROUTE_4_2,T2_MEDIUM_V1,route_query,PLAN_MULTIMODAL_ROUTE,besant nagar se thousand lights bus aur metro switch karke shortest transit kya hai? [opt F5],hi,Latn,CS0,N1,"{""origin"": ""besant nagar"", ""destination"": ""thousand lights"", ""transport_mode"": ""bus aur metro""}","{""origin_id"": ""BUS_417750654"", ""destination_id"": ""METRO_THOUSAND_LIGHTS""}",ANSWERABLE_WITH_PROVISIONAL_DATA,template_instantiation,TMPL_MULTIMODAL_ROUTE_HI_LATN_4
PILOT_T2_TR_001204,,SFAM_STATION_ACCESSIBILITY_003,FAM_STATION_ACCESSIBILITY_003,PARA_STATION_ACCESSIBILITY_2_3,T2_MEDIUM_V1,accessibility,GET_ACCESSIBILITY_INFO,Transit query: Verification of accessible tactile floor paths support at Guindy metro (F3) #5,hi-en,Latn,CS3,N0,"{""station"": ""Guindy"", ""accessibility_feature"": ""tactile_path"", ""transport_mode"": ""metro""}","{""station_id"": ""METRO_GUINDY""}",ANSWERABLE_NOW,template_instantiation,TMPL_STATION_ACCESSIBILITY_HINGLISH_LATN_2
PILOT_T2_TR_001205,,SFAM_TICKETING_AND_PASSES_003,FAM_TICKETING_AND_PASSES_003,PARA_TICKETING_AND_PASSES_2_3,T2_MEDIUM_V1,ticketing_rules,GET_TICKETING_POLICY,Transit query: How can regular passengers apply for and renew WhatsApp QR Ticket (F3)? #5,hi-en,Latn,CS3,N0,"{""ticket_type"": ""qr_ticket"", ""transport_mode"": ""transit""}",{},ANSWERABLE_NOW,template_instantiation,TMPL_TICKETING_AND_PASSES_HINGLISH_LATN_2
PILOT_T2_TR_001206,,SFAM_SCHEDULED_DEPARTURE_018,FAM_SCHEDULED_DEPARTURE_018,PARA_SCHEDULED_DEPARTURE_17_3,T2_MEDIUM_V1,service_timing,GET_SCHEDULED_DEPARTURES,Nehru Park station se kal 8 baje train schedule kya hoga (F18),hi-en,Latn,CS3,N0,"{""origin"": ""Nehru Park"", ""temporal_relative"": ""kal"", ""resolved_temporal_offset"": ""UNRESOLVED_TEMPORAL_AMBIGUITY"", ""time"": ""8 baje"", ""temporal_ambiguity"": true, ""dual_candidates"": [""08:00:00"", ""20:00:00""]}","{""origin_id"": ""METRO_NEHRU_PARK""}",ANSWERABLE_NOW,template_instantiation,TMPL_SCHEDULED_DEPARTURE_HINGLISH_LATN_17
PILOT_T2_TR_001207,,SFAM_STATION_FACILITIES_018,FAM_STATION_FACILITIES_018,PARA_STATION_FACILITIES_17_4,T2_MEDIUM_V1,station_facilities,GET_STATION_FACILITY,Please tell: क्या Nehru Park station par passengers ke liye two-wheeler bike parking accessible hai F18 #2,hi-en,Deva+Latn,CS4,N0,"{""station"": ""Nehru Park"", ""facility_type"": ""two_wheeler_parking"", ""transport_mode"": ""metro""}","{""station_id"": ""METRO_NEHRU_PARK""}",ANSWERABLE_NOW,template_instantiation,TMPL_STATION_FACILITIES_MIXED_SCRIPT_CS_17
PILOT_T2_TR_001208,,SFAM_NEAREST_TRANSPORT_001,FAM_NEAREST_TRANSPORT_001,PARA_NEAREST_TRANSPORT_0_3,T2_MEDIUM_V1,nearest_transport,FIND_NEAREST_STATION,Could you specify Find closest public transport access point near Marina Beach (F1)? #3,hi-en,Latn,CS3,N1,"{""landmark"": ""Marina Beach"", ""transport_mode"": ""public transport""}","{""place_id"": ""OSM_POI_12137617372""}",ANSWERABLE_NOW,template_instantiation,TMPL_NEAREST_TRANSPORT_HINGLISH_LATN_0
PILOT_T2_TR_001209,,SFAM_NEAREST_TRANSPORT_012,FAM_NEAREST_TRANSPORT_012,PARA_NEAREST_TRANSPORT_11_4,T2_MEDIUM_V1,nearest_transport,FIND_NEAREST_STATION,IIT Madras ke pass nearest metro stop connection distance bataye F12,hi-en,Deva+Latn,CS4,N0,"{""landmark"": ""IIT Madras"", ""transport_mode"": ""metro""}","{""place_id"": ""OSM_POI_11013406019""}",ANSWERABLE_NOW,template_instantiation,TMPL_NEAREST_TRANSPORT_MIXED_SCRIPT_CS_11
PILOT_T2_TR_001210,,SFAM_FIRST_AND_LAST_SERVICE_004,FAM_FIRST_AND_LAST_SERVICE_004,PARA_FIRST_AND_LAST_SERVICE_3_2,T2_MEDIUM_V1,service_timing,GET_FIRST_LAST_SERVICE,Please tell: alandur se egmore first morning aur last night metro departure timing batao [samay F4] #2,hi,Latn,CS0,N0,"{""origin"": ""alandur"", ""destination"": ""egmore"", ""timing_type"": ""first_last"", ""transport_mode"": ""metro""}","{""origin_id"": ""METRO_ARIGNAR_ANNA_ALANDUR"", ""destination_id"": ""METRO_EGMORE""}",ANSWERABLE_NOW,template_instantiation,TMPL_FIRST_AND_LAST_SERVICE_HI_LATN_3
PILOT_T2_TR_001211,,SFAM_NEAREST_TRANSPORT_020,FAM_NEAREST_TRANSPORT_020,PARA_NEAREST_TRANSPORT_19_0,T2_MEDIUM_V1,nearest_transport,FIND_NEAREST_STATION,Transit query: Which is the nearest metro station or transit stop to Padalam Hospital? [loc F20] #5,en,Latn,CS0,N0,"{""landmark"": ""Padalam Hospital"", ""transport_mode"": ""metro""}","{""place_id"": ""OSM_POI_7257518724""}",ANSWERABLE_NOW,template_instantiation,TMPL_NEAREST_TRANSPORT_EN_19
PILOT_T2_TR_001212,,SFAM_TICKETING_AND_PASSES_011,FAM_TICKETING_AND_PASSES_011,PARA_TICKETING_AND_PASSES_10_2,T2_MEDIUM_V1,ticketing_rules,GET_TICKETING_POLICY,Quick check: student pass recharge karne ka guidelines aur validity rule bataye. [card F11] #4,hi,Latn,CS0,N0,"{""ticket_type"": ""student_pass"", ""transport_mode"": ""transit""}",{},ANSWERABLE_NOW,template_instantiation,TMPL_TICKETING_AND_PASSES_HI_LATN_10
PILOT_T2_TR_001213,,SFAM_OUT_OF_SCOPE_005,FAM_OUT_OF_SCOPE_005,PARA_OUT_OF_SCOPE_4_3,T2_MEDIUM_V1,out_of_scope,REJECT_OUT_OF_SCOPE,Transit query: What is the general weather rain forecast in Chennai near Maruthi Hospital today (F5)? #5,hi-en,Latn,CS3,N0,"{""landmark"": ""Maruthi Hospital""}","{""place_id"": ""OSM_POI_7820652140""}",OUT_OF_SCOPE,template_instantiation,TMPL_OUT_OF_SCOPE_HINGLISH_LATN_4
PILOT_T2_TR_001214,,SFAM_STATION_FACILITIES_013,FAM_STATION_FACILITIES_013,PARA_STATION_FACILITIES_12_3,T2_MEDIUM_V1,station_facilities,GET_STATION_FACILITY,Does Wimco Nagar Depot station premises include operational car parking (F13)?,hi-en,Latn,CS3,N0,"{""station"": ""Wimco Nagar Depot"", ""facility_type"": ""parking"", ""transport_mode"": ""metro""}","{""station_id"": ""METRO_WIMCO_NAGAR""}",ANSWERABLE_NOW,template_instantiation,TMPL_STATION_FACILITIES_HINGLISH_LATN_12
PILOT_T2_TR_001215,,SFAM_NEAREST_TRANSPORT_005,FAM_NEAREST_TRANSPORT_005,PARA_NEAREST_TRANSPORT_4_2,T2_MEDIUM_V1,nearest_transport,FIND_NEAREST_STATION,maruthi hospital se closest walking distance metro transit point kaunsa hai? [paas F5],hi,Latn,CS0,N0,"{""landmark"": ""maruthi hospital"", ""transport_mode"": ""metro""}","{""place_id"": ""OSM_POI_7820652140""}",ANSWERABLE_NOW,template_instantiation,TMPL_NEAREST_TRANSPORT_HI_LATN_4
PILOT_T2_TR_001216,,SFAM_STATION_ACCESSIBILITY_014,FAM_STATION_ACCESSIBILITY_014,PARA_STATION_ACCESSIBILITY_13_4,T2_MEDIUM_V1,accessibility,GET_ACCESSIBILITY_INFO,Washermenpet station par handicapped passengers ke liye passenger elevator lift support status F14,hi-en,Deva+Latn,CS4,N0,"{""station"": ""Washermenpet"", ""accessibility_feature"": ""lift"", ""transport_mode"": ""metro""}","{""station_id"": ""METRO_WASHERMENPET""}",ANSWERABLE_NOW,template_instantiation,TMPL_STATION_ACCESSIBILITY_MIXED_SCRIPT_CS_13
PILOT_T2_TR_001217,,SFAM_INTERCHANGE_TRANSFER_018,FAM_INTERCHANGE_TRANSFER_018,PARA_INTERCHANGE_TRANSFER_17_3,T2_MEDIUM_V1,interchange_query,GET_INTERCHANGE_DETAILS,Could you specify Transfer walking time and directions at Nehru Park multimodal terminal (F18)? #3,hi-en,Latn,CS3,N0,"{""station"": ""Nehru Park"", ""facility_type"": ""interchange""}","{""station_id"": ""METRO_NEHRU_PARK""}",ANSWERABLE_AFTER_MANUAL_VERIFICATION,template_instantiation,TMPL_INTERCHANGE_TRANSFER_HINGLISH_LATN_17
PILOT_T2_TR_001218,,SFAM_OUT_OF_SCOPE_011,FAM_OUT_OF_SCOPE_011,PARA_OUT_OF_SCOPE_10_1,T2_MEDIUM_V1,out_of_scope,REJECT_OUT_OF_SCOPE,Quick check: एग्मोर के निकटतम सबसे अच्छे रेस्टोरेंट और भोजनालय की सूची दें। (बाहर F11) #4,hi,Deva,CS0,N0,"{""station"": ""एग्मोर""}","{""station_id"": ""METRO_EGMORE""}",OUT_OF_SCOPE,template_instantiation,TMPL_OUT_OF_SCOPE_HI_DEVA_10
PILOT_T2_TR_001219,,SFAM_ROUTE_STOP_SEQUENCE_006,FAM_ROUTE_STOP_SEQUENCE_006,PARA_ROUTE_STOP_SEQUENCE_5_3,T2_MEDIUM_V1,route_stops,LIST_ROUTE_STOPS,Could you specify Full stop order details for bus number 29C please provide (F6)? #3,hi-en,Latn,CS3,N2,"{""route_number"": ""29C"", ""transport_mode"": ""bus""}","{""route_id"": ""GTFS_ROUTE_8631""}",ANSWERABLE_WITH_PROVISIONAL_DATA,template_instantiation,TMPL_ROUTE_STOP_SEQUENCE_HINGLISH_LATN_5
PILOT_T2_TR_001220,,SFAM_REALTIME_STATUS_QUERY_003,FAM_REALTIME_STATUS_QUERY_003,PARA_REALTIME_STATUS_QUERY_2_3,T2_MEDIUM_V1,realtime_status_query,REJECT_UNSUPPORTED_REALTIME,Could you specify Live crowd density and train arrival countdown at Guindy right now (F3)? #3,hi-en,Latn,CS3,N1,"{""station"": ""Guindy"", ""transport_mode"": ""metro""}","{""station_id"": ""METRO_GUINDY""}",REQUIRES_REALTIME_DATA,template_instantiation,TMPL_REALTIME_STATUS_QUERY_HINGLISH_LATN_2
PILOT_T2_TR_001221,,SFAM_STATION_FACILITIES_001,FAM_STATION_FACILITIES_001,PARA_STATION_FACILITIES_0_1,T2_MEDIUM_V1,station_facilities,GET_STATION_FACILITY,Transit query: क्या एयरपोर्ट मेट्रो स्टेशन पर कार पार्किंग की व्यवस्था उपलब्ध है? (सुविधा F1) #5,hi,Deva,CS0,N0,"{""station"": ""एयरपोर्ट"", ""facility_type"": ""parking"", ""transport_mode"": ""मेट्रो""}","{""station_id"": ""METRO_CHENNAI_INTERNATIONAL_AIRPORT""}",ANSWERABLE_NOW,template_instantiation,TMPL_STATION_FACILITIES_HI_DEVA_0
PILOT_T2_TR_001222,,SFAM_FARE_CALCULATION_001,FAM_FARE_CALCULATION_001,PARA_FARE_CALCULATION_0_3,T2_MEDIUM_V1,fare_query,CALCULATE_FARE,Quick check: Calculate fare for travel between Airport and High Court stations (F1) #4,hi-en,Latn,CS3,N2,"{""origin"": ""Airport"", ""destination"": ""High Court"", ""transport_mode"": ""metro""}","{""origin_id"": ""METRO_CHENNAI_INTERNATIONAL_AIRPORT"", ""destination_id"": ""METRO_HIGHCOURT""}",ANSWERABLE_NOW,template_instantiation,TMPL_FARE_CALCULATION_HINGLISH_LATN_0
PILOT_T2_TR_001223,,SFAM_NEAREST_TRANSPORT_010,FAM_NEAREST_TRANSPORT_010,PARA_NEAREST_TRANSPORT_9_3,T2_MEDIUM_V1,nearest_transport,FIND_NEAREST_STATION,Find closest public transport access point near Padalam Hospital (F10),hi-en,Latn,CS3,N0,"{""landmark"": ""Padalam Hospital"", ""transport_mode"": ""public transport""}","{""place_id"": ""OSM_POI_7257518724""}",ANSWERABLE_NOW,template_instantiation,TMPL_NEAREST_TRANSPORT_HINGLISH_LATN_9
PILOT_T2_TR_001224,,SFAM_NEAREST_TRANSPORT_010,FAM_NEAREST_TRANSPORT_010,PARA_NEAREST_TRANSPORT_9_3,T2_MEDIUM_V1,nearest_transport,FIND_NEAREST_STATION,"Excuse me, Find closest public transport access point near Padalam Hospital (F10) #6",hi-en,Latn,CS3,N2,"{""landmark"": ""Padalam Hospital"", ""transport_mode"": ""public transport""}","{""place_id"": ""OSM_POI_7257518724""}",ANSWERABLE_NOW,template_instantiation,TMPL_NEAREST_TRANSPORT_HINGLISH_LATN_9
PILOT_T2_TR_001225,,SFAM_STATION_FACILITIES_019,FAM_STATION_FACILITIES_019,PARA_STATION_FACILITIES_18_1,T2_MEDIUM_V1,station_facilities,GET_STATION_FACILITY,Quick check: क्या किल्पौक मेट्रो स्टेशन पर ईवी चार्जिंग की व्यवस्था उपलब्ध है? (सुविधा F19) #4,hi,Deva,CS0,N0,"{""station"": ""किल्पौक"", ""facility_type"": ""ev_charging"", ""transport_mode"": ""मेट्रो""}","{""station_id"": ""METRO_KILPAUK""}",ANSWERABLE_NOW,template_instantiation,TMPL_STATION_FACILITIES_HI_DEVA_18
PILOT_T2_TR_001226,,SFAM_NEAREST_TRANSPORT_005,FAM_NEAREST_TRANSPORT_005,PARA_NEAREST_TRANSPORT_4_2,T2_MEDIUM_V1,nearest_transport,FIND_NEAREST_STATION,Could you specify maruthi hospital se closest walking distance metro transit point kaunsa hai? [paas F5]? #3,hi,Latn,CS0,N0,"{""landmark"": ""maruthi hospital"", ""transport_mode"": ""metro""}","{""place_id"": ""OSM_POI_7820652140""}",ANSWERABLE_NOW,template_instantiation,TMPL_NEAREST_TRANSPORT_HI_LATN_4
PILOT_T2_TR_001227,,SFAM_INTERCHANGE_TRANSFER_003,FAM_INTERCHANGE_TRANSFER_003,PARA_INTERCHANGE_TRANSFER_2_2,T2_MEDIUM_V1,interchange_query,GET_INTERCHANGE_DETAILS,guindy hub par metro line change karke anna nagar tower kaise jaye? [platform F3],hi,Latn,CS0,N0,"{""station"": ""guindy"", ""destination"": ""anna nagar tower"", ""facility_type"": ""interchange""}","{""station_id"": ""METRO_GUINDY"", ""destination_id"": ""METRO_ANNA_NAGAR_TOWER""}",ANSWERABLE_AFTER_MANUAL_VERIFICATION,template_instantiation,TMPL_INTERCHANGE_TRANSFER_HI_LATN_2
PILOT_T2_TR_001228,,SFAM_ROUTE_STOP_SEQUENCE_009,FAM_ROUTE_STOP_SEQUENCE_009,PARA_ROUTE_STOP_SEQUENCE_8_2,T2_MEDIUM_V1,route_stops,LIST_ROUTE_STOPS,Route 29A bus ke sare consecutive stops ki list check kare. [line F9],hi,Latn,CS0,N1,"{""route_number"": ""29A"", ""transport_mode"": ""bus""}","{""route_id"": ""GTFS_ROUTE_18751""}",ANSWERABLE_WITH_PROVISIONAL_DATA,template_instantiation,TMPL_ROUTE_STOP_SEQUENCE_HI_LATN_8
PILOT_T2_TR_001229,,SFAM_INTERCHANGE_TRANSFER_010,FAM_INTERCHANGE_TRANSFER_010,PARA_INTERCHANGE_TRANSFER_9_0,T2_MEDIUM_V1,interchange_query,GET_INTERCHANGE_DETAILS,Could you specify How do I switch lines to connect towards St. Thomas Mount at Anna Nagar Tower interchange? [xfer F10]? #3,en,Latn,CS0,N0,"{""station"": ""Anna Nagar Tower"", ""destination"": ""St. Thomas Mount"", ""facility_type"": ""interchange""}","{""station_id"": ""METRO_ANNA_NAGAR_TOWER"", ""destination_id"": ""METRO_ST__THOMAS_MOUNT""}",ANSWERABLE_AFTER_MANUAL_VERIFICATION,template_instantiation,TMPL_INTERCHANGE_TRANSFER_EN_9
PILOT_T2_TR_001230,,SFAM_TICKETING_AND_PASSES_009,FAM_TICKETING_AND_PASSES_009,PARA_TICKETING_AND_PASSES_8_0,T2_MEDIUM_V1,ticketing_rules,GET_TICKETING_POLICY,Could you specify What are the rules and procedure to purchase a WhatsApp QR Ticket for commuters? [pass F9]? #3,en,Latn,CS0,N0,"{""ticket_type"": ""qr_ticket"", ""transport_mode"": ""transit""}",{},ANSWERABLE_NOW,template_instantiation,TMPL_TICKETING_AND_PASSES_EN_8
PILOT_T2_TR_001231,,SFAM_NEAREST_TRANSPORT_018,FAM_NEAREST_TRANSPORT_018,PARA_NEAREST_TRANSPORT_17_1,T2_MEDIUM_V1,nearest_transport,FIND_NEAREST_STATION,मदुरंतकम अस्पताल के सबसे निकटतम मेट्रो स्टेशन या बस स्टॉप कौन सा है? (निकट F18),hi,Deva,CS0,N1,"{""landmark"": ""मदुरंतकम अस्पताल"", ""transport_mode"": ""मेट्रो या बस""}","{""place_id"": ""OSM_POI_7257518777""}",ANSWERABLE_NOW,template_instantiation,TMPL_NEAREST_TRANSPORT_HI_DEVA_17
PILOT_T2_TR_001232,,SFAM_INTERCHANGE_TRANSFER_008,FAM_INTERCHANGE_TRANSFER_008,PARA_INTERCHANGE_TRANSFER_7_2,T2_MEDIUM_V1,interchange_query,GET_INTERCHANGE_DETAILS,Could you specify high court hub par metro line change karke little mount kaise jaye? [platform F8]? #3,hi,Latn,CS0,N0,"{""station"": ""high court"", ""destination"": ""little mount"", ""facility_type"": ""interchange""}","{""station_id"": ""METRO_HIGHCOURT"", ""destination_id"": ""METRO_LITTLE_MOUNT""}",ANSWERABLE_AFTER_MANUAL_VERIFICATION,template_instantiation,TMPL_INTERCHANGE_TRANSFER_HI_LATN_7
PILOT_T2_TR_001233,,SFAM_OUT_OF_SCOPE_014,FAM_OUT_OF_SCOPE_014,PARA_OUT_OF_SCOPE_13_4,T2_MEDIUM_V1,out_of_scope,REJECT_OUT_OF_SCOPE,Washermenpet ke pass hotel reservation aur movie ticket booking service F14,hi-en,Deva+Latn,CS4,N0,"{""station"": ""Washermenpet""}","{""station_id"": ""METRO_WASHERMENPET""}",OUT_OF_SCOPE,template_instantiation,TMPL_OUT_OF_SCOPE_MIXED_SCRIPT_CS_13
PILOT_T2_TR_001234,,SFAM_MODE_AVAILABILITY_018,FAM_MODE_AVAILABILITY_018,PARA_MODE_AVAILABILITY_17_0,T2_MEDIUM_V1,service_availability,CHECK_SERVICE_AVAILABILITY,Are there direct public transport options from Nehru Park to Broadway? [avail F18],en,Latn,CS0,N0,"{""origin"": ""Nehru Park"", ""destination"": ""Broadway"", ""transport_mode"": ""any""}","{""origin_id"": ""METRO_NEHRU_PARK"", ""destination_id"": ""BUS_27618346""}",ANSWERABLE_WITH_PROVISIONAL_DATA,template_instantiation,TMPL_MODE_AVAILABILITY_EN_17
PILOT_T2_TR_001235,,SFAM_NEAREST_TRANSPORT_013,FAM_NEAREST_TRANSPORT_013,PARA_NEAREST_TRANSPORT_12_4,T2_MEDIUM_V1,nearest_transport,FIND_NEAREST_STATION,Please tell: Great Lakes Institute ke pass nearest metro stop connection distance bataye F13 #2,hi-en,Deva+Latn,CS4,N0,"{""landmark"": ""Great Lakes Institute"", ""transport_mode"": ""metro""}","{""place_id"": ""OSM_POI_577328882""}",ANSWERABLE_NOW,template_instantiation,TMPL_NEAREST_TRANSPORT_MIXED_SCRIPT_CS_12
PILOT_T2_TR_001236,,SFAM_OUT_OF_SCOPE_008,FAM_OUT_OF_SCOPE_008,PARA_OUT_OF_SCOPE_7_2,T2_MEDIUM_V1,out_of_scope,REJECT_OUT_OF_SCOPE,Please tell: high court airport terminal ke flight delay timings check kijiye. [bahar F8] #2,hi,Latn,CS0,N1,"{""station"": ""high court""}","{""station_id"": ""METRO_HIGHCOURT""}",OUT_OF_SCOPE,template_instantiation,TMPL_OUT_OF_SCOPE_HI_LATN_7
PILOT_T2_TR_001237,,SFAM_INTERCHANGE_TRANSFER_008,FAM_INTERCHANGE_TRANSFER_008,PARA_INTERCHANGE_TRANSFER_7_4,T2_MEDIUM_V1,interchange_query,GET_INTERCHANGE_DETAILS,Please tell: High Court interchange par line switch connection point details check F8 #2,hi-en,Deva+Latn,CS4,N0,"{""station"": ""High Court"", ""facility_type"": ""interchange""}","{""station_id"": ""METRO_HIGHCOURT""}",ANSWERABLE_AFTER_MANUAL_VERIFICATION,template_instantiation,TMPL_INTERCHANGE_TRANSFER_MIXED_SCRIPT_CS_7
PILOT_T2_TR_001238,,SFAM_ROUTE_STOP_MEMBERSHIP_002,FAM_ROUTE_STOP_MEMBERSHIP_002,PARA_ROUTE_STOP_MEMBERSHIP_1_1,T2_MEDIUM_V1,route_stops,CHECK_STOP_ON_ROUTE,Please tell: क्या बस 102 ब्रॉडवे स्टॉप पर रुकती है? (जांच F2) #2,hi,Deva,CS0,N0,"{""route_number"": ""102"", ""stop"": ""ब्रॉडवे"", ""transport_mode"": ""बस""}","{""route_id"": ""GTFS_ROUTE_16861"", ""stop_id"": ""BUS_27618346""}",ANSWERABLE_WITH_PROVISIONAL_DATA,template_instantiation,TMPL_ROUTE_STOP_MEMBERSHIP_HI_DEVA_1
PILOT_T2_TR_001239,,SFAM_STATION_ACCESSIBILITY_005,FAM_STATION_ACCESSIBILITY_005,PARA_STATION_ACCESSIBILITY_4_0,T2_MEDIUM_V1,accessibility,GET_ACCESSIBILITY_INFO,Are wheelchair ramp provisions available for differently abled passengers at CMBT? [a11y F5],en,Latn,CS0,N0,"{""station"": ""CMBT"", ""accessibility_feature"": ""wheelchair"", ""transport_mode"": ""metro""}","{""station_id"": ""METRO_PURATCHI_THALAIVI_DR_J_JAYALALITHAA_CMBT""}",ANSWERABLE_NOW,template_instantiation,TMPL_STATION_ACCESSIBILITY_EN_4
PILOT_T2_TR_001240,,SFAM_STATION_ACCESSIBILITY_004,FAM_STATION_ACCESSIBILITY_004,PARA_STATION_ACCESSIBILITY_3_4,T2_MEDIUM_V1,accessibility,GET_ACCESSIBILITY_INFO,Please tell: Alandur station par handicapped passengers ke liye escalator stairs support status F4 #2,hi-en,Deva+Latn,CS4,N0,"{""station"": ""Alandur"", ""accessibility_feature"": ""escalator"", ""transport_mode"": ""metro""}","{""station_id"": ""METRO_ARIGNAR_ANNA_ALANDUR""}",ANSWERABLE_NOW,template_instantiation,TMPL_STATION_ACCESSIBILITY_MIXED_SCRIPT_CS_3
PILOT_T2_TR_001241,,SFAM_MODE_AVAILABILITY_002,FAM_MODE_AVAILABILITY_002,PARA_MODE_AVAILABILITY_1_1,T2_MEDIUM_V1,service_availability,CHECK_SERVICE_AVAILABILITY,Could you specify क्या चेन्नई सेंट्रल से ब्रॉडवे के लिए कोई सार्वजनिक बस या ट्रेन उपलब्ध है? (उपलब्धता F2)? #3,hi,Deva,CS0,N0,"{""origin"": ""चेन्नई सेंट्रल"", ""destination"": ""ब्रॉडवे"", ""transport_mode"": ""सार्वजनिक बस या ट्रेन""}","{""origin_id"": ""METRO_PURATCHI_THALAIVAR_DR__M_G_RAMACHANDRAN_CENTRAL"", ""destination_id"": ""BUS_27618346""}",ANSWERABLE_WITH_PROVISIONAL_DATA,template_instantiation,TMPL_MODE_AVAILABILITY_HI_DEVA_1
PILOT_T2_TR_001242,,SFAM_REALTIME_STATUS_QUERY_001,FAM_REALTIME_STATUS_QUERY_001,PARA_REALTIME_STATUS_QUERY_0_1,T2_MEDIUM_V1,realtime_status_query,REJECT_UNSUPPORTED_REALTIME,"Hello assistant, क्या एयरपोर्ट से आने वाली ट्रेन अभी लेट चल रही है लाइव स्थिति बताएं? (ताज़ा F1) #7",hi,Deva,CS0,N1,"{""origin"": ""एयरपोर्ट"", ""transport_mode"": ""ट्रेन""}","{""origin_id"": ""METRO_CHENNAI_INTERNATIONAL_AIRPORT""}",REQUIRES_REALTIME_DATA,template_instantiation,TMPL_REALTIME_STATUS_QUERY_HI_DEVA_0
PILOT_T2_TR_001243,,SFAM_OUT_OF_SCOPE_018,FAM_OUT_OF_SCOPE_018,PARA_OUT_OF_SCOPE_17_3,T2_MEDIUM_V1,out_of_scope,REJECT_OUT_OF_SCOPE,What is the general weather rain forecast in Chennai near Madhuranthagam Hospital today (F18)?,hi-en,Latn,CS3,N0,"{""landmark"": ""Madhuranthagam Hospital""}","{""place_id"": ""OSM_POI_7257518777""}",OUT_OF_SCOPE,template_instantiation,TMPL_OUT_OF_SCOPE_HINGLISH_LATN_17
PILOT_T2_TR_001244,,SFAM_INTERCHANGE_TRANSFER_018,FAM_INTERCHANGE_TRANSFER_018,PARA_INTERCHANGE_TRANSFER_17_1,T2_MEDIUM_V1,interchange_query,GET_INTERCHANGE_DETAILS,Transit query: नेहरू पार्क इंटरचेंज पर दूसरी लाइन में ट्रांसफर करने का मार्ग क्या है? (बदलाव F18) #5,hi,Deva,CS0,N2,"{""station"": ""नेहरू पार्क"", ""facility_type"": ""इंटरचेंज""}","{""station_id"": ""METRO_NEHRU_PARK""}",ANSWERABLE_AFTER_MANUAL_VERIFICATION,template_instantiation,TMPL_INTERCHANGE_TRANSFER_HI_DEVA_17
PILOT_T2_TR_001245,,SFAM_REALTIME_STATUS_QUERY_008,FAM_REALTIME_STATUS_QUERY_008,PARA_REALTIME_STATUS_QUERY_7_3,T2_MEDIUM_V1,realtime_status_query,REJECT_UNSUPPORTED_REALTIME,"Excuse me, Live crowd density and train arrival countdown at High Court right now (F8) #6",hi-en,Latn,CS3,N2,"{""station"": ""High Court"", ""transport_mode"": ""metro""}","{""station_id"": ""METRO_HIGHCOURT""}",REQUIRES_REALTIME_DATA,template_instantiation,TMPL_REALTIME_STATUS_QUERY_HINGLISH_LATN_7
PILOT_T2_TR_001246,,SFAM_FARE_CALCULATION_005,FAM_FARE_CALCULATION_005,PARA_FARE_CALCULATION_4_3,T2_MEDIUM_V1,fare_query,CALCULATE_FARE,Could you specify Calculate fare for travel between CMBT and Thousand Lights stations (F5)? #3,hi-en,Latn,CS3,N1,"{""origin"": ""CMBT"", ""destination"": ""Thousand Lights"", ""transport_mode"": ""metro""}","{""origin_id"": ""METRO_PURATCHI_THALAIVI_DR_J_JAYALALITHAA_CMBT"", ""destination_id"": ""METRO_THOUSAND_LIGHTS""}",ANSWERABLE_NOW,template_instantiation,TMPL_FARE_CALCULATION_HINGLISH_LATN_4
PILOT_T2_TR_001247,,SFAM_ROUTE_STOP_SEQUENCE_006,FAM_ROUTE_STOP_SEQUENCE_006,PARA_ROUTE_STOP_SEQUENCE_5_3,T2_MEDIUM_V1,route_stops,LIST_ROUTE_STOPS,Full stop order details for bus number 29C please provide (F6),hi-en,Latn,CS3,N0,"{""route_number"": ""29C"", ""transport_mode"": ""bus""}","{""route_id"": ""GTFS_ROUTE_8631""}",ANSWERABLE_WITH_PROVISIONAL_DATA,template_instantiation,TMPL_ROUTE_STOP_SEQUENCE_HINGLISH_LATN_5
PILOT_T2_TR_001248,,SFAM_NEAREST_TRANSPORT_012,FAM_NEAREST_TRANSPORT_012,PARA_NEAREST_TRANSPORT_11_2,T2_MEDIUM_V1,nearest_transport,FIND_NEAREST_STATION,Could you specify iit madras se closest walking distance metro transit point kaunsa hai? [paas F12]? #3,hi,Latn,CS0,N0,"{""landmark"": ""iit madras"", ""transport_mode"": ""metro""}","{""place_id"": ""OSM_POI_11013406019""}",ANSWERABLE_NOW,template_instantiation,TMPL_NEAREST_TRANSPORT_HI_LATN_11
PILOT_T2_TR_001249,,SFAM_NEAREST_TRANSPORT_001,FAM_NEAREST_TRANSPORT_001,PARA_NEAREST_TRANSPORT_0_3,T2_MEDIUM_V1,nearest_transport,FIND_NEAREST_STATION,"Hello assistant, Find closest public transport access point near Marina Beach (F1) #7",hi-en,Latn,CS3,N0,"{""landmark"": ""Marina Beach"", ""transport_mode"": ""public transport""}","{""place_id"": ""OSM_POI_12137617372""}",ANSWERABLE_NOW,template_instantiation,TMPL_NEAREST_TRANSPORT_HINGLISH_LATN_0
PILOT_T2_TR_001250,,SFAM_NEAREST_TRANSPORT_001,FAM_NEAREST_TRANSPORT_001,PARA_NEAREST_TRANSPORT_0_0,T2_MEDIUM_V1,nearest_transport,FIND_NEAREST_STATION,Quick check: Which is the nearest metro station or transit stop to Marina Beach? [loc F1] #4,en,Latn,CS0,N0,"{""landmark"": ""Marina Beach"", ""transport_mode"": ""metro""}","{""place_id"": ""OSM_POI_12137617372""}",ANSWERABLE_NOW,template_instantiation,TMPL_NEAREST_TRANSPORT_EN_0
PILOT_T2_TR_001251,,SFAM_NEAREST_TRANSPORT_012,FAM_NEAREST_TRANSPORT_012,PARA_NEAREST_TRANSPORT_11_1,T2_MEDIUM_V1,nearest_transport,FIND_NEAREST_STATION,Please tell: आईआईटी मद्रास के सबसे निकटतम मेट्रो स्टेशन या बस स्टॉप कौन सा है? (निकट F12) #2,hi,Deva,CS0,N0,"{""landmark"": ""आईआईटी मद्रास"", ""transport_mode"": ""मेट्रो या बस""}","{""place_id"": ""OSM_POI_11013406019""}",ANSWERABLE_NOW,template_instantiation,TMPL_NEAREST_TRANSPORT_HI_DEVA_11
PILOT_T2_TR_001252,,SFAM_INTERCHANGE_TRANSFER_007,FAM_INTERCHANGE_TRANSFER_007,PARA_INTERCHANGE_TRANSFER_6_2,T2_MEDIUM_V1,interchange_query,GET_INTERCHANGE_DETAILS,Quick check: vadapalani hub par metro line change karke washermenpet kaise jaye? [platform F7] #4,hi,Latn,CS0,N0,"{""station"": ""vadapalani"", ""destination"": ""washermenpet"", ""facility_type"": ""interchange""}","{""station_id"": ""METRO_VADAPALANI"", ""destination_id"": ""METRO_WASHERMENPET""}",ANSWERABLE_AFTER_MANUAL_VERIFICATION,template_instantiation,TMPL_INTERCHANGE_TRANSFER_HI_LATN_6
PILOT_T2_TR_001253,,SFAM_STATION_ACCESSIBILITY_003,FAM_STATION_ACCESSIBILITY_003,PARA_STATION_ACCESSIBILITY_2_1,T2_MEDIUM_V1,accessibility,GET_ACCESSIBILITY_INFO,Please tell: क्या गिंडी स्टेशन पर दिव्यांग यात्रियों के लिए टैक्टाइल पाथ उपलब्ध है? (सुलभता F3) #2,hi,Deva,CS0,N0,"{""station"": ""गिंडी"", ""accessibility_feature"": ""tactile_path"", ""transport_mode"": ""मेट्रो""}","{""station_id"": ""METRO_GUINDY""}",ANSWERABLE_NOW,template_instantiation,TMPL_STATION_ACCESSIBILITY_HI_DEVA_2
PILOT_T2_TR_001254,,SFAM_REALTIME_STATUS_QUERY_012,FAM_REALTIME_STATUS_QUERY_012,PARA_REALTIME_STATUS_QUERY_11_3,T2_MEDIUM_V1,realtime_status_query,REJECT_UNSUPPORTED_REALTIME,Could you specify Live crowd density and train arrival countdown at Thousand Lights right now (F12)? #3,hi-en,Latn,CS3,N0,"{""station"": ""Thousand Lights"", ""transport_mode"": ""metro""}","{""station_id"": ""METRO_THOUSAND_LIGHTS""}",REQUIRES_REALTIME_DATA,template_instantiation,TMPL_REALTIME_STATUS_QUERY_HINGLISH_LATN_11
PILOT_T2_TR_001255,,SFAM_FARE_CALCULATION_011,FAM_FARE_CALCULATION_011,PARA_FARE_CALCULATION_10_3,T2_MEDIUM_V1,fare_query,CALCULATE_FARE,Please tell: Calculate fare for travel between Egmore and Nehru Park stations (F11) #2,hi-en,Latn,CS3,N0,"{""origin"": ""Egmore"", ""destination"": ""Nehru Park"", ""transport_mode"": ""metro""}","{""origin_id"": ""METRO_EGMORE"", ""destination_id"": ""METRO_NEHRU_PARK""}",ANSWERABLE_NOW,template_instantiation,TMPL_FARE_CALCULATION_HINGLISH_LATN_10
PILOT_T2_TR_001256,,SFAM_INTERCHANGE_TRANSFER_019,FAM_INTERCHANGE_TRANSFER_019,PARA_INTERCHANGE_TRANSFER_18_1,T2_MEDIUM_V1,interchange_query,GET_INTERCHANGE_DETAILS,Transit query: किल्पौक इंटरचेंज पर दूसरी लाइन में ट्रांसफर करने का मार्ग क्या है? (बदलाव F19) #5,hi,Deva,CS0,N2,"{""station"": ""किल्पौक"", ""facility_type"": ""इंटरचेंज""}","{""station_id"": ""METRO_KILPAUK""}",ANSWERABLE_AFTER_MANUAL_VERIFICATION,template_instantiation,TMPL_INTERCHANGE_TRANSFER_HI_DEVA_18
PILOT_T2_TR_001257,,SFAM_MODE_AVAILABILITY_018,FAM_MODE_AVAILABILITY_018,PARA_MODE_AVAILABILITY_17_1,T2_MEDIUM_V1,service_availability,CHECK_SERVICE_AVAILABILITY,"Excuse me, क्या नेहरू पार्क से ब्रॉडवे के लिए कोई सार्वजनिक बस या ट्रेन उपलब्ध है? (उपलब्धता F18) #6",hi,Deva,CS0,N0,"{""origin"": ""नेहरू पार्क"", ""destination"": ""ब्रॉडवे"", ""transport_mode"": ""सार्वजनिक बस या ट्रेन""}","{""origin_id"": ""METRO_NEHRU_PARK"", ""destination_id"": ""BUS_27618346""}",ANSWERABLE_WITH_PROVISIONAL_DATA,template_instantiation,TMPL_MODE_AVAILABILITY_HI_DEVA_17
PILOT_T2_TR_001258,,SFAM_FARE_CALCULATION_005,FAM_FARE_CALCULATION_005,PARA_FARE_CALCULATION_4_1,T2_MEDIUM_V1,fare_query,CALCULATE_FARE,सीएमबीटी से थाउजेंड लाइट्स तक का मेट्रो का टोकन किराया कितना रुपया है? (किराया F5),hi,Deva,CS0,N0,"{""origin"": ""सीएमबीटी"", ""destination"": ""थाउजेंड लाइट्स"", ""fare_type"": ""टोकन"", ""transport_mode"": ""मेट्रो""}","{""origin_id"": ""METRO_PURATCHI_THALAIVI_DR_J_JAYALALITHAA_CMBT"", ""destination_id"": ""METRO_THOUSAND_LIGHTS""}",ANSWERABLE_NOW,template_instantiation,TMPL_FARE_CALCULATION_HI_DEVA_4
PILOT_T2_TR_001259,,SFAM_STATION_FACILITIES_005,FAM_STATION_FACILITIES_005,PARA_STATION_FACILITIES_4_0,T2_MEDIUM_V1,station_facilities,GET_STATION_FACILITY,"Excuse me, Is car parking facility available at CMBT metro station? [fac F5] #6",en,Latn,CS0,N0,"{""station"": ""CMBT"", ""facility_type"": ""parking"", ""transport_mode"": ""metro""}","{""station_id"": ""METRO_PURATCHI_THALAIVI_DR_J_JAYALALITHAA_CMBT""}",ANSWERABLE_NOW,template_instantiation,TMPL_STATION_FACILITIES_EN_4
PILOT_T2_TR_001260,,SFAM_MODE_AVAILABILITY_011,FAM_MODE_AVAILABILITY_011,PARA_MODE_AVAILABILITY_10_1,T2_MEDIUM_V1,service_availability,CHECK_SERVICE_AVAILABILITY,Quick check: क्या एग्मोर से कलपक्कम के लिए कोई सार्वजनिक बस या ट्रेन उपलब्ध है? (उपलब्धता F11) #4,hi,Deva,CS0,N0,"{""origin"": ""एग्मोर"", ""destination"": ""कलपक्कम"", ""transport_mode"": ""सार्वजनिक बस या ट्रेन""}","{""origin_id"": ""METRO_EGMORE"", ""destination_id"": ""BUS_30143150""}",ANSWERABLE_WITH_PROVISIONAL_DATA,template_instantiation,TMPL_MODE_AVAILABILITY_HI_DEVA_10
PILOT_T2_TR_001261,,SFAM_STATION_ACCESSIBILITY_013,FAM_STATION_ACCESSIBILITY_013,PARA_STATION_ACCESSIBILITY_12_3,T2_MEDIUM_V1,accessibility,GET_ACCESSIBILITY_INFO,Transit query: Verification of accessible wheelchair ramp support at Wimco Nagar Depot metro (F13) #5,hi-en,Latn,CS3,N1,"{""station"": ""Wimco Nagar Depot"", ""accessibility_feature"": ""wheelchair"", ""transport_mode"": ""metro""}","{""station_id"": ""METRO_WIMCO_NAGAR""}",ANSWERABLE_NOW,template_instantiation,TMPL_STATION_ACCESSIBILITY_HINGLISH_LATN_12
PILOT_T2_TR_001262,,SFAM_TICKETING_AND_PASSES_020,FAM_TICKETING_AND_PASSES_020,PARA_TICKETING_AND_PASSES_19_1,T2_MEDIUM_V1,ticketing_rules,GET_TICKETING_POLICY,Could you specify यात्रियों के लिए स्मार्ट कार्ड प्राप्त करने के नियम और प्रक्रिया क्या हैं? (पास F20)? #3,hi,Deva,CS0,N0,"{""ticket_type"": ""smart_card"", ""transport_mode"": ""पारगमन""}",{},ANSWERABLE_NOW,template_instantiation,TMPL_TICKETING_AND_PASSES_HI_DEVA_19
PILOT_T2_TR_001263,,SFAM_REALTIME_STATUS_QUERY_013,FAM_REALTIME_STATUS_QUERY_013,PARA_REALTIME_STATUS_QUERY_12_0,T2_MEDIUM_V1,realtime_status_query,REJECT_UNSUPPORTED_REALTIME,Please tell: Where is bus 15 CT8 right now and what is its live location? [live F13] #2,en,Latn,CS0,N0,"{""route_number"": ""15 CT8"", ""transport_mode"": ""bus""}","{""route_id"": ""GTFS_ROUTE_20494""}",REQUIRES_REALTIME_DATA,template_instantiation,TMPL_REALTIME_STATUS_QUERY_EN_12
PILOT_T2_TR_001264,,SFAM_MODE_AVAILABILITY_002,FAM_MODE_AVAILABILITY_002,PARA_MODE_AVAILABILITY_1_2,T2_MEDIUM_V1,service_availability,CHECK_SERVICE_AVAILABILITY,chennai central se broadway tak direct transit options available hain kya? [suvidha F2],hi,Latn,CS0,N0,"{""origin"": ""chennai central"", ""destination"": ""broadway"", ""transport_mode"": ""any""}","{""origin_id"": ""METRO_PURATCHI_THALAIVAR_DR__M_G_RAMACHANDRAN_CENTRAL"", ""destination_id"": ""BUS_27618346""}",ANSWERABLE_WITH_PROVISIONAL_DATA,template_instantiation,TMPL_MODE_AVAILABILITY_HI_LATN_1
PILOT_T2_TR_001265,,SFAM_ROUTE_STOP_SEQUENCE_002,FAM_ROUTE_STOP_SEQUENCE_002,PARA_ROUTE_STOP_SEQUENCE_1_3,T2_MEDIUM_V1,route_stops,LIST_ROUTE_STOPS,Full stop order details for bus number 102 please provide (F2),hi-en,Latn,CS3,N2,"{""route_number"": ""102"", ""transport_mode"": ""bus""}","{""route_id"": ""GTFS_ROUTE_16861""}",ANSWERABLE_WITH_PROVISIONAL_DATA,template_instantiation,TMPL_ROUTE_STOP_SEQUENCE_HINGLISH_LATN_1
PILOT_T2_TR_001266,,SFAM_FIRST_AND_LAST_SERVICE_010,FAM_FIRST_AND_LAST_SERVICE_010,PARA_FIRST_AND_LAST_SERVICE_9_3,T2_MEDIUM_V1,service_timing,GET_FIRST_LAST_SERVICE,Please tell: First train and last train operational hours between Anna Nagar Tower and St. Thomas Mount (F10) #2,hi-en,Latn,CS3,N1,"{""origin"": ""Anna Nagar Tower"", ""destination"": ""St. Thomas Mount"", ""timing_type"": ""first_last"", ""transport_mode"": ""train""}","{""origin_id"": ""METRO_ANNA_NAGAR_TOWER"", ""destination_id"": ""METRO_ST__THOMAS_MOUNT""}",ANSWERABLE_NOW,template_instantiation,TMPL_FIRST_AND_LAST_SERVICE_HINGLISH_LATN_9
PILOT_T2_TR_001267,,SFAM_NEAREST_TRANSPORT_004,FAM_NEAREST_TRANSPORT_004,PARA_NEAREST_TRANSPORT_3_3,T2_MEDIUM_V1,nearest_transport,FIND_NEAREST_STATION,Transit query: Find closest public transport access point near Maritime Institute (F4) #5,hi-en,Latn,CS3,N0,"{""landmark"": ""Maritime Institute"", ""transport_mode"": ""public transport""}","{""place_id"": ""OSM_POI_314081186""}",ANSWERABLE_NOW,template_instantiation,TMPL_NEAREST_TRANSPORT_HINGLISH_LATN_3
PILOT_T2_TR_001268,,SFAM_REALTIME_STATUS_QUERY_020,FAM_REALTIME_STATUS_QUERY_020,PARA_REALTIME_STATUS_QUERY_19_0,T2_MEDIUM_V1,realtime_status_query,REJECT_UNSUPPORTED_REALTIME,"Excuse me, Where is bus 23C right now and what is its live location? [live F20] #6",en,Latn,CS0,N0,"{""route_number"": ""23C"", ""transport_mode"": ""bus""}","{""route_id"": ""GTFS_ROUTE_10214""}",REQUIRES_REALTIME_DATA,template_instantiation,TMPL_REALTIME_STATUS_QUERY_EN_19
PILOT_T2_TR_001269,,SFAM_REALTIME_STATUS_QUERY_019,FAM_REALTIME_STATUS_QUERY_019,PARA_REALTIME_STATUS_QUERY_18_3,T2_MEDIUM_V1,realtime_status_query,REJECT_UNSUPPORTED_REALTIME,"Excuse me, Live crowd density and train arrival countdown at Kilpauk right now (F19) #6",hi-en,Latn,CS3,N1,"{""station"": ""Kilpauk"", ""transport_mode"": ""metro""}","{""station_id"": ""METRO_KILPAUK""}",REQUIRES_REALTIME_DATA,template_instantiation,TMPL_REALTIME_STATUS_QUERY_HINGLISH_LATN_18
PILOT_T2_TR_001270,,SFAM_SERVICE_FREQUENCY_004,FAM_SERVICE_FREQUENCY_004,PARA_SERVICE_FREQUENCY_3_3,T2_MEDIUM_V1,service_timing,GET_SERVICE_FREQUENCY,Peak hour frequency and normal headway between Alandur and Egmore (F4),hi-en,Latn,CS3,N1,"{""origin"": ""Alandur"", ""destination"": ""Egmore"", ""timing_type"": ""frequency"", ""transport_mode"": ""metro""}","{""origin_id"": ""METRO_ARIGNAR_ANNA_ALANDUR"", ""destination_id"": ""METRO_EGMORE""}",ANSWERABLE_NOW,template_instantiation,TMPL_SERVICE_FREQUENCY_HINGLISH_LATN_3
PILOT_T2_TR_001271,,SFAM_FARE_CALCULATION_014,FAM_FARE_CALCULATION_014,PARA_FARE_CALCULATION_13_1,T2_MEDIUM_V1,fare_query,CALCULATE_FARE,Quick check: वॉशरमैनपेट से एयरपोर्ट तक का मेट्रो का टोकन किराया कितना रुपया है? (किराया F14) #4,hi,Deva,CS0,N0,"{""origin"": ""वॉशरमैनपेट"", ""destination"": ""एयरपोर्ट"", ""fare_type"": ""टोकन"", ""transport_mode"": ""मेट्रो""}","{""origin_id"": ""METRO_WASHERMENPET"", ""destination_id"": ""METRO_CHENNAI_INTERNATIONAL_AIRPORT""}",ANSWERABLE_NOW,template_instantiation,TMPL_FARE_CALCULATION_HI_DEVA_13
PILOT_T2_TR_001272,,SFAM_MODE_AVAILABILITY_001,FAM_MODE_AVAILABILITY_001,PARA_MODE_AVAILABILITY_0_2,T2_MEDIUM_V1,service_availability,CHECK_SERVICE_AVAILABILITY,Please tell: airport se tambaram tak direct transit options available hain kya? [suvidha F1] #2,hi,Latn,CS0,N0,"{""origin"": ""airport"", ""destination"": ""tambaram"", ""transport_mode"": ""any""}","{""origin_id"": ""METRO_CHENNAI_INTERNATIONAL_AIRPORT"", ""destination_id"": ""BUS_5304399879""}",ANSWERABLE_WITH_PROVISIONAL_DATA,template_instantiation,TMPL_MODE_AVAILABILITY_HI_LATN_0
PILOT_T2_TR_001273,,SFAM_OUT_OF_SCOPE_013,FAM_OUT_OF_SCOPE_013,PARA_OUT_OF_SCOPE_12_1,T2_MEDIUM_V1,out_of_scope,REJECT_OUT_OF_SCOPE,"Excuse me, विमको नगर के निकटतम सबसे अच्छे रेस्टोरेंट और भोजनालय की सूची दें। (बाहर F13) #6",hi,Deva,CS0,N0,"{""station"": ""विमको नगर""}","{""station_id"": ""METRO_WIMCO_NAGAR""}",OUT_OF_SCOPE,template_instantiation,TMPL_OUT_OF_SCOPE_HI_DEVA_12
PILOT_T2_TR_001274,,SFAM_STATION_ACCESSIBILITY_009,FAM_STATION_ACCESSIBILITY_009,PARA_STATION_ACCESSIBILITY_8_1,T2_MEDIUM_V1,accessibility,GET_ACCESSIBILITY_INFO,Quick check: क्या तिरुमंगलम स्टेशन पर दिव्यांग यात्रियों के लिए व्हीलचेयर रैंप उपलब्ध है? (सुलभता F9) #4,hi,Deva,CS0,N0,"{""station"": ""तिरुमंगलम"", ""accessibility_feature"": ""wheelchair"", ""transport_mode"": ""मेट्रो""}","{""station_id"": ""METRO_THIRUMANGALAM""}",ANSWERABLE_NOW,template_instantiation,TMPL_STATION_ACCESSIBILITY_HI_DEVA_8
PILOT_T2_TR_001275,,SFAM_REALTIME_STATUS_QUERY_011,FAM_REALTIME_STATUS_QUERY_011,PARA_REALTIME_STATUS_QUERY_10_1,T2_MEDIUM_V1,realtime_status_query,REJECT_UNSUPPORTED_REALTIME,Could you specify क्या एग्मोर से आने वाली ट्रेन अभी लेट चल रही है लाइव स्थिति बताएं? (ताज़ा F11)? #3,hi,Deva,CS0,N0,"{""origin"": ""एग्मोर"", ""transport_mode"": ""ट्रेन""}","{""origin_id"": ""METRO_EGMORE""}",REQUIRES_REALTIME_DATA,template_instantiation,TMPL_REALTIME_STATUS_QUERY_HI_DEVA_10
PILOT_T2_TR_001276,,SFAM_OUT_OF_SCOPE_009,FAM_OUT_OF_SCOPE_009,PARA_OUT_OF_SCOPE_8_1,T2_MEDIUM_V1,out_of_scope,REJECT_OUT_OF_SCOPE,Transit query: तिरुमंगलम के निकटतम सबसे अच्छे रेस्टोरेंट और भोजनालय की सूची दें। (बाहर F9) #5,hi,Deva,CS0,N2,"{""station"": ""तिरुमंगलम""}","{""station_id"": ""METRO_THIRUMANGALAM""}",OUT_OF_SCOPE,template_instantiation,TMPL_OUT_OF_SCOPE_HI_DEVA_8
PILOT_T2_TR_001277,,SFAM_MODE_AVAILABILITY_003,FAM_MODE_AVAILABILITY_003,PARA_MODE_AVAILABILITY_2_3,T2_MEDIUM_V1,service_availability,CHECK_SERVICE_AVAILABILITY,"Excuse me, Is public transit operational connecting Guindy and Adyar (F3)? #6",hi-en,Latn,CS3,N0,"{""origin"": ""Guindy"", ""destination"": ""Adyar"", ""transport_mode"": ""public transit""}","{""origin_id"": ""METRO_GUINDY"", ""destination_id"": ""BUS_2587520213""}",ANSWERABLE_WITH_PROVISIONAL_DATA,template_instantiation,TMPL_MODE_AVAILABILITY_HINGLISH_LATN_2
PILOT_T2_TR_001278,,SFAM_SERVICE_FREQUENCY_009,FAM_SERVICE_FREQUENCY_009,PARA_SERVICE_FREQUENCY_8_1,T2_MEDIUM_V1,service_timing,GET_SERVICE_FREQUENCY,तिरुमंगलम और साइदापेट के बीच मेट्रो हर कितने मिनट के अंतराल पर चलती है? (आवृत्ति F9),hi,Deva,CS0,N0,"{""origin"": ""तिरुमंगलम"", ""destination"": ""साइदापेट"", ""timing_type"": ""frequency"", ""transport_mode"": ""मेट्रो""}","{""origin_id"": ""METRO_THIRUMANGALAM"", ""destination_id"": ""METRO_SAIDAPET""}",ANSWERABLE_NOW,template_instantiation,TMPL_SERVICE_FREQUENCY_HI_DEVA_8
PILOT_T2_TR_001279,,SFAM_TICKETING_AND_PASSES_018,FAM_TICKETING_AND_PASSES_018,PARA_TICKETING_AND_PASSES_17_0,T2_MEDIUM_V1,ticketing_rules,GET_TICKETING_POLICY,Transit query: What are the rules and procedure to purchase a National Common Mobility Card for commuters? [pass F18] #5,en,Latn,CS0,N0,"{""ticket_type"": ""ncmc_card"", ""transport_mode"": ""transit""}",{},ANSWERABLE_NOW,template_instantiation,TMPL_TICKETING_AND_PASSES_EN_17
PILOT_T2_TR_001280,,SFAM_NEAREST_TRANSPORT_003,FAM_NEAREST_TRANSPORT_003,PARA_NEAREST_TRANSPORT_2_1,T2_MEDIUM_V1,nearest_transport,FIND_NEAREST_STATION,Transit query: ग्रेट लेक्स संस्थान के सबसे निकटतम मेट्रो स्टेशन या बस स्टॉप कौन सा है? (निकट F3) #5,hi,Deva,CS0,N0,"{""landmark"": ""ग्रेट लेक्स संस्थान"", ""transport_mode"": ""मेट्रो या बस""}","{""place_id"": ""OSM_POI_577328882""}",ANSWERABLE_NOW,template_instantiation,TMPL_NEAREST_TRANSPORT_HI_DEVA_2
PILOT_T2_TR_001281,,SFAM_OUT_OF_SCOPE_005,FAM_OUT_OF_SCOPE_005,PARA_OUT_OF_SCOPE_4_2,T2_MEDIUM_V1,out_of_scope,REJECT_OUT_OF_SCOPE,Could you specify cmbt airport terminal ke flight delay timings check kijiye. [bahar F5]? #3,hi,Latn,CS0,N0,"{""station"": ""cmbt""}","{""station_id"": ""METRO_PURATCHI_THALAIVI_DR_J_JAYALALITHAA_CMBT""}",OUT_OF_SCOPE,template_instantiation,TMPL_OUT_OF_SCOPE_HI_LATN_4
PILOT_T2_TR_001282,,SFAM_POINT_TO_POINT_ROUTE_014,FAM_POINT_TO_POINT_ROUTE_014,PARA_POINT_TO_POINT_ROUTE_13_1,T2_MEDIUM_V1,route_query,PLAN_ROUTE,Please tell: वॉशरमैनपेट से एयरपोर्ट मेट्रो से जाने का रास्ता क्या है? (प्रारूप F14) #2,hi,Deva,CS0,N0,"{""origin"": ""वॉशरमैनपेट"", ""destination"": ""एयरपोर्ट"", ""transport_mode"": ""मेट्रो""}","{""origin_id"": ""METRO_WASHERMENPET"", ""destination_id"": ""METRO_CHENNAI_INTERNATIONAL_AIRPORT""}",ANSWERABLE_WITH_PROVISIONAL_DATA,template_instantiation,TMPL_POINT_TO_POINT_ROUTE_HI_DEVA_13
PILOT_T2_TR_001283,,SFAM_OUT_OF_SCOPE_013,FAM_OUT_OF_SCOPE_013,PARA_OUT_OF_SCOPE_12_3,T2_MEDIUM_V1,out_of_scope,REJECT_OUT_OF_SCOPE,Transit query: What is the general weather rain forecast in Chennai near Great Lakes Institute today (F13)? #5,hi-en,Latn,CS3,N1,"{""landmark"": ""Great Lakes Institute""}","{""place_id"": ""OSM_POI_577328882""}",OUT_OF_SCOPE,template_instantiation,TMPL_OUT_OF_SCOPE_HINGLISH_LATN_12
PILOT_T2_TR_001284,,SFAM_INTERCHANGE_TRANSFER_018,FAM_INTERCHANGE_TRANSFER_018,PARA_INTERCHANGE_TRANSFER_17_1,T2_MEDIUM_V1,interchange_query,GET_INTERCHANGE_DETAILS,Please tell: नेहरू पार्क इंटरचेंज पर दूसरी लाइन में ट्रांसफर करने का मार्ग क्या है? (बदलाव F18) #2,hi,Deva,CS0,N0,"{""station"": ""नेहरू पार्क"", ""facility_type"": ""इंटरचेंज""}","{""station_id"": ""METRO_NEHRU_PARK""}",ANSWERABLE_AFTER_MANUAL_VERIFICATION,template_instantiation,TMPL_INTERCHANGE_TRANSFER_HI_DEVA_17
PILOT_T2_TR_001285,,SFAM_FARE_CALCULATION_005,FAM_FARE_CALCULATION_005,PARA_FARE_CALCULATION_4_3,T2_MEDIUM_V1,fare_query,CALCULATE_FARE,Quick check: Calculate fare for travel between CMBT and Thousand Lights stations (F5) #4,hi-en,Latn,CS3,N2,"{""origin"": ""CMBT"", ""destination"": ""Thousand Lights"", ""transport_mode"": ""metro""}","{""origin_id"": ""METRO_PURATCHI_THALAIVI_DR_J_JAYALALITHAA_CMBT"", ""destination_id"": ""METRO_THOUSAND_LIGHTS""}",ANSWERABLE_NOW,template_instantiation,TMPL_FARE_CALCULATION_HINGLISH_LATN_4
PILOT_T2_TR_001286,,SFAM_INTERCHANGE_TRANSFER_014,FAM_INTERCHANGE_TRANSFER_014,PARA_INTERCHANGE_TRANSFER_13_3,T2_MEDIUM_V1,interchange_query,GET_INTERCHANGE_DETAILS,Please tell: Transfer walking time and directions at Washermenpet multimodal terminal (F14) #2,hi-en,Latn,CS3,N0,"{""station"": ""Washermenpet"", ""facility_type"": ""interchange""}","{""station_id"": ""METRO_WASHERMENPET""}",ANSWERABLE_AFTER_MANUAL_VERIFICATION,template_instantiation,TMPL_INTERCHANGE_TRANSFER_HINGLISH_LATN_13
PILOT_T2_TR_001287,,SFAM_MODE_AVAILABILITY_001,FAM_MODE_AVAILABILITY_001,PARA_MODE_AVAILABILITY_0_1,T2_MEDIUM_V1,service_availability,CHECK_SERVICE_AVAILABILITY,Please tell: क्या एयरपोर्ट से तांबरम के लिए कोई सार्वजनिक बस या ट्रेन उपलब्ध है? (उपलब्धता F1) #2,hi,Deva,CS0,N0,"{""origin"": ""एयरपोर्ट"", ""destination"": ""तांबरम"", ""transport_mode"": ""सार्वजनिक बस या ट्रेन""}","{""origin_id"": ""METRO_CHENNAI_INTERNATIONAL_AIRPORT"", ""destination_id"": ""BUS_5304399879""}",ANSWERABLE_WITH_PROVISIONAL_DATA,template_instantiation,TMPL_MODE_AVAILABILITY_HI_DEVA_0
PILOT_T2_TR_001288,,SFAM_MULTIMODAL_ROUTE_015,FAM_MULTIMODAL_ROUTE_015,PARA_MULTIMODAL_ROUTE_14_0,T2_MEDIUM_V1,route_query,PLAN_MULTIMODAL_ROUTE,Please tell: What is the combined bus and metro route from Bus stand to Chennai Central? [plan F15] #2,en,Latn,CS0,N0,"{""origin"": ""Bus stand"", ""destination"": ""Chennai Central"", ""transport_mode"": ""multimodal""}","{""origin_id"": ""BUS_5300484122"", ""destination_id"": ""METRO_PURATCHI_THALAIVAR_DR__M_G_RAMACHANDRAN_CENTRAL""}",ANSWERABLE_WITH_PROVISIONAL_DATA,template_instantiation,TMPL_MULTIMODAL_ROUTE_EN_14
PILOT_T2_TR_001289,,SFAM_FARE_CALCULATION_002,FAM_FARE_CALCULATION_002,PARA_FARE_CALCULATION_1_1,T2_MEDIUM_V1,fare_query,CALCULATE_FARE,"Hello assistant, चेन्नई सेंट्रल से तिरुमंगलम तक का मेट्रो का टोकन किराया कितना रुपया है? (किराया F2) #7",hi,Deva,CS0,N1,"{""origin"": ""चेन्नई सेंट्रल"", ""destination"": ""तिरुमंगलम"", ""fare_type"": ""टोकन"", ""transport_mode"": ""मेट्रो""}","{""origin_id"": ""METRO_PURATCHI_THALAIVAR_DR__M_G_RAMACHANDRAN_CENTRAL"", ""destination_id"": ""METRO_THIRUMANGALAM""}",ANSWERABLE_NOW,template_instantiation,TMPL_FARE_CALCULATION_HI_DEVA_1
PILOT_T2_TR_001290,,SFAM_INTERCHANGE_TRANSFER_019,FAM_INTERCHANGE_TRANSFER_019,PARA_INTERCHANGE_TRANSFER_18_0,T2_MEDIUM_V1,interchange_query,GET_INTERCHANGE_DETAILS,Could you specify How do I switch lines to connect towards Koyambedu at Kilpauk interchange? [xfer F19]? #3,en,Latn,CS0,N0,"{""station"": ""Kilpauk"", ""destination"": ""Koyambedu"", ""facility_type"": ""interchange""}","{""station_id"": ""METRO_KILPAUK"", ""destination_id"": ""METRO_KOYAMBEDU""}",ANSWERABLE_AFTER_MANUAL_VERIFICATION,template_instantiation,TMPL_INTERCHANGE_TRANSFER_EN_18
PILOT_T2_TR_001291,,SFAM_OUT_OF_SCOPE_001,FAM_OUT_OF_SCOPE_001,PARA_OUT_OF_SCOPE_0_2,T2_MEDIUM_V1,out_of_scope,REJECT_OUT_OF_SCOPE,Could you specify airport airport terminal ke flight delay timings check kijiye. [bahar F1]? #3,hi,Latn,CS0,N0,"{""station"": ""airport""}","{""station_id"": ""METRO_CHENNAI_INTERNATIONAL_AIRPORT""}",OUT_OF_SCOPE,template_instantiation,TMPL_OUT_OF_SCOPE_HI_LATN_0
PILOT_T2_TR_001292,,SFAM_FARE_CALCULATION_001,FAM_FARE_CALCULATION_001,PARA_FARE_CALCULATION_0_3,T2_MEDIUM_V1,fare_query,CALCULATE_FARE,Could you specify Calculate fare for travel between Airport and High Court stations (F1)? #3,hi-en,Latn,CS3,N1,"{""origin"": ""Airport"", ""destination"": ""High Court"", ""transport_mode"": ""metro""}","{""origin_id"": ""METRO_CHENNAI_INTERNATIONAL_AIRPORT"", ""destination_id"": ""METRO_HIGHCOURT""}",ANSWERABLE_NOW,template_instantiation,TMPL_FARE_CALCULATION_HINGLISH_LATN_0
PILOT_T2_TR_001293,,SFAM_NEAREST_TRANSPORT_011,FAM_NEAREST_TRANSPORT_011,PARA_NEAREST_TRANSPORT_10_2,T2_MEDIUM_V1,nearest_transport,FIND_NEAREST_STATION,marina beach se closest walking distance metro transit point kaunsa hai? [paas F11],hi,Latn,CS0,N0,"{""landmark"": ""marina beach"", ""transport_mode"": ""metro""}","{""place_id"": ""OSM_POI_12137617372""}",ANSWERABLE_NOW,template_instantiation,TMPL_NEAREST_TRANSPORT_HI_LATN_10
PILOT_T2_TR_001294,,SFAM_STATION_FACILITIES_013,FAM_STATION_FACILITIES_013,PARA_STATION_FACILITIES_12_0,T2_MEDIUM_V1,station_facilities,GET_STATION_FACILITY,Quick check: Is car parking facility available at Wimco Nagar Depot metro station? [fac F13] #4,en,Latn,CS0,N0,"{""station"": ""Wimco Nagar Depot"", ""facility_type"": ""parking"", ""transport_mode"": ""metro""}","{""station_id"": ""METRO_WIMCO_NAGAR""}",ANSWERABLE_NOW,template_instantiation,TMPL_STATION_FACILITIES_EN_12
PILOT_T2_TR_001295,,SFAM_INTERCHANGE_TRANSFER_011,FAM_INTERCHANGE_TRANSFER_011,PARA_INTERCHANGE_TRANSFER_10_2,T2_MEDIUM_V1,interchange_query,GET_INTERCHANGE_DETAILS,egmore hub par metro line change karke nehru park kaise jaye? [platform F11],hi,Latn,CS0,N0,"{""station"": ""egmore"", ""destination"": ""nehru park"", ""facility_type"": ""interchange""}","{""station_id"": ""METRO_EGMORE"", ""destination_id"": ""METRO_NEHRU_PARK""}",ANSWERABLE_AFTER_MANUAL_VERIFICATION,template_instantiation,TMPL_INTERCHANGE_TRANSFER_HI_LATN_10
PILOT_T2_TR_001296,,SFAM_MODE_AVAILABILITY_012,FAM_MODE_AVAILABILITY_012,PARA_MODE_AVAILABILITY_11_0,T2_MEDIUM_V1,service_availability,CHECK_SERVICE_AVAILABILITY,Transit query: Are there direct public transport options from Thousand Lights to Walajabad? [avail F12] #5,en,Latn,CS0,N0,"{""origin"": ""Thousand Lights"", ""destination"": ""Walajabad"", ""transport_mode"": ""any""}","{""origin_id"": ""METRO_THOUSAND_LIGHTS"", ""destination_id"": ""BUS_261716087""}",ANSWERABLE_WITH_PROVISIONAL_DATA,template_instantiation,TMPL_MODE_AVAILABILITY_EN_11
PILOT_T2_TR_001297,,SFAM_FARE_CALCULATION_004,FAM_FARE_CALCULATION_004,PARA_FARE_CALCULATION_3_3,T2_MEDIUM_V1,fare_query,CALCULATE_FARE,"Excuse me, Calculate fare for travel between Alandur and Egmore stations (F4) #6",hi-en,Latn,CS3,N0,"{""origin"": ""Alandur"", ""destination"": ""Egmore"", ""transport_mode"": ""metro""}","{""origin_id"": ""METRO_ARIGNAR_ANNA_ALANDUR"", ""destination_id"": ""METRO_EGMORE""}",ANSWERABLE_NOW,template_instantiation,TMPL_FARE_CALCULATION_HINGLISH_LATN_3
PILOT_T2_TR_001298,,SFAM_SCHEDULED_DEPARTURE_016,FAM_SCHEDULED_DEPARTURE_016,PARA_SCHEDULED_DEPARTURE_15_0,T2_MEDIUM_V1,service_timing,GET_SCHEDULED_DEPARTURES,Show metro departure timetable at bare 8 o'clock from Saidapet [sched F16],en,Latn,CS0,N0,"{""origin"": ""Saidapet"", ""time"": ""8 o'clock"", ""temporal_ambiguity"": true, ""dual_candidates"": [""08:00:00"", ""20:00:00""]}","{""origin_id"": ""METRO_SAIDAPET""}",ANSWERABLE_NOW,template_instantiation,TMPL_SCHEDULED_DEPARTURE_EN_15
PILOT_T2_TR_001299,,SFAM_STATION_FACILITIES_009,FAM_STATION_FACILITIES_009,PARA_STATION_FACILITIES_8_0,T2_MEDIUM_V1,station_facilities,GET_STATION_FACILITY,"Excuse me, Is car parking facility available at Thirumangalam metro station? [fac F9] #6",en,Latn,CS0,N0,"{""station"": ""Thirumangalam"", ""facility_type"": ""parking"", ""transport_mode"": ""metro""}","{""station_id"": ""METRO_THIRUMANGALAM""}",ANSWERABLE_NOW,template_instantiation,TMPL_STATION_FACILITIES_EN_8
PILOT_T2_TR_001300,,SFAM_STATION_FACILITIES_005,FAM_STATION_FACILITIES_005,PARA_STATION_FACILITIES_4_3,T2_MEDIUM_V1,station_facilities,GET_STATION_FACILITY,"Hello assistant, Does CMBT station premises include operational car parking (F5)? #7",hi-en,Latn,CS3,N0,"{""station"": ""CMBT"", ""facility_type"": ""parking"", ""transport_mode"": ""metro""}","{""station_id"": ""METRO_PURATCHI_THALAIVI_DR_J_JAYALALITHAA_CMBT""}",ANSWERABLE_NOW,template_instantiation,TMPL_STATION_FACILITIES_HINGLISH_LATN_4
PILOT_T2_TR_001301,,SFAM_REALTIME_STATUS_QUERY_009,FAM_REALTIME_STATUS_QUERY_009,PARA_REALTIME_STATUS_QUERY_8_1,T2_MEDIUM_V1,realtime_status_query,REJECT_UNSUPPORTED_REALTIME,Please tell: क्या तिरुमंगलम से आने वाली ट्रेन अभी लेट चल रही है लाइव स्थिति बताएं? (ताज़ा F9) #2,hi,Deva,CS0,N0,"{""origin"": ""तिरुमंगलम"", ""transport_mode"": ""ट्रेन""}","{""origin_id"": ""METRO_THIRUMANGALAM""}",REQUIRES_REALTIME_DATA,template_instantiation,TMPL_REALTIME_STATUS_QUERY_HI_DEVA_8
PILOT_T2_TR_001302,,SFAM_MODE_AVAILABILITY_002,FAM_MODE_AVAILABILITY_002,PARA_MODE_AVAILABILITY_1_3,T2_MEDIUM_V1,service_availability,CHECK_SERVICE_AVAILABILITY,Is public transit operational connecting Chennai Central and Broadway (F2)?,hi-en,Latn,CS3,N0,"{""origin"": ""Chennai Central"", ""destination"": ""Broadway"", ""transport_mode"": ""public transit""}","{""origin_id"": ""METRO_PURATCHI_THALAIVAR_DR__M_G_RAMACHANDRAN_CENTRAL"", ""destination_id"": ""BUS_27618346""}",ANSWERABLE_WITH_PROVISIONAL_DATA,template_instantiation,TMPL_MODE_AVAILABILITY_HINGLISH_LATN_1
PILOT_T2_TR_001303,,SFAM_ROUTE_STOP_SEQUENCE_014,FAM_ROUTE_STOP_SEQUENCE_014,PARA_ROUTE_STOP_SEQUENCE_13_3,T2_MEDIUM_V1,route_stops,LIST_ROUTE_STOPS,Could you specify Full stop order details for bus number Blue Line please provide (F14)? #3,hi-en,Latn,CS3,N2,"{""route_number"": ""Blue Line"", ""transport_mode"": ""bus""}","{""route_id"": ""CMRL_BLUE_CORRIDOR_1""}",ANSWERABLE_WITH_PROVISIONAL_DATA,template_instantiation,TMPL_ROUTE_STOP_SEQUENCE_HINGLISH_LATN_13
PILOT_T2_TR_001304,,SFAM_REALTIME_STATUS_QUERY_016,FAM_REALTIME_STATUS_QUERY_016,PARA_REALTIME_STATUS_QUERY_15_1,T2_MEDIUM_V1,realtime_status_query,REJECT_UNSUPPORTED_REALTIME,Could you specify क्या साइदापेट से आने वाली ट्रेन अभी लेट चल रही है लाइव स्थिति बताएं? (ताज़ा F16)? #3,hi,Deva,CS0,N0,"{""origin"": ""साइदापेट"", ""transport_mode"": ""ट्रेन""}","{""origin_id"": ""METRO_SAIDAPET""}",REQUIRES_REALTIME_DATA,template_instantiation,TMPL_REALTIME_STATUS_QUERY_HI_DEVA_15
PILOT_T2_TR_001305,,SFAM_OUT_OF_SCOPE_009,FAM_OUT_OF_SCOPE_009,PARA_OUT_OF_SCOPE_8_4,T2_MEDIUM_V1,out_of_scope,REJECT_OUT_OF_SCOPE,Thirumangalam ke pass hotel reservation aur movie ticket booking service F9,hi-en,Deva+Latn,CS4,N0,"{""station"": ""Thirumangalam""}","{""station_id"": ""METRO_THIRUMANGALAM""}",OUT_OF_SCOPE,template_instantiation,TMPL_OUT_OF_SCOPE_MIXED_SCRIPT_CS_8
PILOT_T2_TR_001306,,SFAM_POINT_TO_POINT_ROUTE_007,FAM_POINT_TO_POINT_ROUTE_007,PARA_POINT_TO_POINT_ROUTE_6_2,T2_MEDIUM_V1,route_query,PLAN_ROUTE,vadapalani se washermenpet metro se travel kaise kare? [tarika F7],hi,Latn,CS0,N1,"{""origin"": ""vadapalani"", ""destination"": ""washermenpet"", ""transport_mode"": ""metro""}","{""origin_id"": ""METRO_VADAPALANI"", ""destination_id"": ""METRO_WASHERMENPET""}",ANSWERABLE_WITH_PROVISIONAL_DATA,template_instantiation,TMPL_POINT_TO_POINT_ROUTE_HI_LATN_6
PILOT_T2_TR_001307,,SFAM_NEAREST_TRANSPORT_011,FAM_NEAREST_TRANSPORT_011,PARA_NEAREST_TRANSPORT_10_1,T2_MEDIUM_V1,nearest_transport,FIND_NEAREST_STATION,मरीना बीच के सबसे निकटतम मेट्रो स्टेशन या बस स्टॉप कौन सा है? (निकट F11),hi,Deva,CS0,N1,"{""landmark"": ""मरीना बीच"", ""transport_mode"": ""मेट्रो या बस""}","{""place_id"": ""OSM_POI_12137617372""}",ANSWERABLE_NOW,template_instantiation,TMPL_NEAREST_TRANSPORT_HI_DEVA_10
PILOT_T2_TR_001308,,SFAM_NEAREST_TRANSPORT_005,FAM_NEAREST_TRANSPORT_005,PARA_NEAREST_TRANSPORT_4_3,T2_MEDIUM_V1,nearest_transport,FIND_NEAREST_STATION,"Hello assistant, Find closest public transport access point near Maruthi Hospital (F5) #7",hi-en,Latn,CS3,N0,"{""landmark"": ""Maruthi Hospital"", ""transport_mode"": ""public transport""}","{""place_id"": ""OSM_POI_7820652140""}",ANSWERABLE_NOW,template_instantiation,TMPL_NEAREST_TRANSPORT_HINGLISH_LATN_4
PILOT_T2_TR_001309,,SFAM_MODE_AVAILABILITY_008,FAM_MODE_AVAILABILITY_008,PARA_MODE_AVAILABILITY_7_0,T2_MEDIUM_V1,service_availability,CHECK_SERVICE_AVAILABILITY,Are there direct public transport options from High Court to Mylapore? [avail F8],en,Latn,CS0,N0,"{""origin"": ""High Court"", ""destination"": ""Mylapore"", ""transport_mode"": ""any""}","{""origin_id"": ""METRO_HIGHCOURT"", ""destination_id"": ""BUS_410614381""}",ANSWERABLE_WITH_PROVISIONAL_DATA,template_instantiation,TMPL_MODE_AVAILABILITY_EN_7
PILOT_T2_TR_001310,,SFAM_INTERCHANGE_TRANSFER_018,FAM_INTERCHANGE_TRANSFER_018,PARA_INTERCHANGE_TRANSFER_17_3,T2_MEDIUM_V1,interchange_query,GET_INTERCHANGE_DETAILS,Quick check: Transfer walking time and directions at Nehru Park multimodal terminal (F18) #4,hi-en,Latn,CS3,N0,"{""station"": ""Nehru Park"", ""facility_type"": ""interchange""}","{""station_id"": ""METRO_NEHRU_PARK""}",ANSWERABLE_AFTER_MANUAL_VERIFICATION,template_instantiation,TMPL_INTERCHANGE_TRANSFER_HINGLISH_LATN_17
PILOT_T2_TR_001311,,SFAM_POINT_TO_POINT_ROUTE_005,FAM_POINT_TO_POINT_ROUTE_005,PARA_POINT_TO_POINT_ROUTE_4_3,T2_MEDIUM_V1,route_query,PLAN_ROUTE,Could you specify CMBT to Thousand Lights metro ride ka best direct route bataiye (F5)? #3,hi-en,Latn,CS3,N2,"{""origin"": ""CMBT"", ""destination"": ""Thousand Lights"", ""transport_mode"": ""metro""}","{""origin_id"": ""METRO_PURATCHI_THALAIVI_DR_J_JAYALALITHAA_CMBT"", ""destination_id"": ""METRO_THOUSAND_LIGHTS""}",ANSWERABLE_WITH_PROVISIONAL_DATA,template_instantiation,TMPL_POINT_TO_POINT_ROUTE_HINGLISH_LATN_4
PILOT_T2_TR_001312,,SFAM_MODE_AVAILABILITY_007,FAM_MODE_AVAILABILITY_007,PARA_MODE_AVAILABILITY_6_3,T2_MEDIUM_V1,service_availability,CHECK_SERVICE_AVAILABILITY,Please tell: Is public transit operational connecting Vadapalani and Thiruvanmiyur (F7)? #2,hi-en,Latn,CS3,N0,"{""origin"": ""Vadapalani"", ""destination"": ""Thiruvanmiyur"", ""transport_mode"": ""public transit""}","{""origin_id"": ""METRO_VADAPALANI"", ""destination_id"": ""BUS_3247310920""}",ANSWERABLE_WITH_PROVISIONAL_DATA,template_instantiation,TMPL_MODE_AVAILABILITY_HINGLISH_LATN_6
PILOT_T2_TR_001313,,SFAM_MULTIMODAL_ROUTE_005,FAM_MULTIMODAL_ROUTE_005,PARA_MULTIMODAL_ROUTE_4_4,T2_MEDIUM_V1,route_query,PLAN_MULTIMODAL_ROUTE,Besant Nagar से Thousand Lights multimodal transit connection kaise le plan F5,hi-en,Deva+Latn,CS4,N0,"{""origin"": ""Besant Nagar"", ""destination"": ""Thousand Lights"", ""transport_mode"": ""multimodal""}","{""origin_id"": ""BUS_417750654"", ""destination_id"": ""METRO_THOUSAND_LIGHTS""}",ANSWERABLE_WITH_PROVISIONAL_DATA,template_instantiation,TMPL_MULTIMODAL_ROUTE_MIXED_SCRIPT_CS_4
PILOT_T2_TR_001314,,SFAM_POINT_TO_POINT_ROUTE_015,FAM_POINT_TO_POINT_ROUTE_015,PARA_POINT_TO_POINT_ROUTE_14_1,T2_MEDIUM_V1,route_query,PLAN_ROUTE,Could you specify लिटिल माउंट से चेन्नई सेंट्रल मेट्रो से जाने का रास्ता क्या है? (प्रारूप F15)? #3,hi,Deva,CS0,N0,"{""origin"": ""लिटिल माउंट"", ""destination"": ""चेन्नई सेंट्रल"", ""transport_mode"": ""मेट्रो""}","{""origin_id"": ""METRO_LITTLE_MOUNT"", ""destination_id"": ""METRO_PURATCHI_THALAIVAR_DR__M_G_RAMACHANDRAN_CENTRAL""}",ANSWERABLE_WITH_PROVISIONAL_DATA,template_instantiation,TMPL_POINT_TO_POINT_ROUTE_HI_DEVA_14
PILOT_T2_TR_001315,,SFAM_ROUTE_STOP_SEQUENCE_009,FAM_ROUTE_STOP_SEQUENCE_009,PARA_ROUTE_STOP_SEQUENCE_8_0,T2_MEDIUM_V1,route_stops,LIST_ROUTE_STOPS,Please tell: List every intermediate stop along route 29A in order. [seq F9] #2,en,Latn,CS0,N0,"{""route_number"": ""29A"", ""transport_mode"": ""bus""}","{""route_id"": ""GTFS_ROUTE_18751""}",ANSWERABLE_WITH_PROVISIONAL_DATA,template_instantiation,TMPL_ROUTE_STOP_SEQUENCE_EN_8
PILOT_T2_TR_001316,,SFAM_ROUTE_STOP_SEQUENCE_016,FAM_ROUTE_STOP_SEQUENCE_016,PARA_ROUTE_STOP_SEQUENCE_15_4,T2_MEDIUM_V1,route_stops,LIST_ROUTE_STOPS,Route 21G bus के सभी stops ka sequence display karein data F16,hi-en,Deva+Latn,CS4,N0,"{""route_number"": ""21G"", ""transport_mode"": ""bus""}","{""route_id"": ""GTFS_ROUTE_8458""}",ANSWERABLE_WITH_PROVISIONAL_DATA,template_instantiation,TMPL_ROUTE_STOP_SEQUENCE_MIXED_SCRIPT_CS_15
PILOT_T2_TR_001317,,SFAM_REALTIME_STATUS_QUERY_017,FAM_REALTIME_STATUS_QUERY_017,PARA_REALTIME_STATUS_QUERY_16_4,T2_MEDIUM_V1,realtime_status_query,REJECT_UNSUPPORTED_REALTIME,Please tell: St. Thomas Mount se metro live delay status aur real time position tracking F17 #2,hi-en,Deva+Latn,CS4,N0,"{""origin"": ""St. Thomas Mount"", ""transport_mode"": ""metro""}","{""origin_id"": ""METRO_ST__THOMAS_MOUNT""}",REQUIRES_REALTIME_DATA,template_instantiation,TMPL_REALTIME_STATUS_QUERY_MIXED_SCRIPT_CS_16
PILOT_T2_TR_001318,,SFAM_INTERCHANGE_TRANSFER_015,FAM_INTERCHANGE_TRANSFER_015,PARA_INTERCHANGE_TRANSFER_14_1,T2_MEDIUM_V1,interchange_query,GET_INTERCHANGE_DETAILS,लिटिल माउंट इंटरचेंज पर दूसरी लाइन में ट्रांसफर करने का मार्ग क्या है? (बदलाव F15),hi,Deva,CS0,N1,"{""station"": ""लिटिल माउंट"", ""facility_type"": ""इंटरचेंज""}","{""station_id"": ""METRO_LITTLE_MOUNT""}",ANSWERABLE_AFTER_MANUAL_VERIFICATION,template_instantiation,TMPL_INTERCHANGE_TRANSFER_HI_DEVA_14
PILOT_T2_TR_001319,,SFAM_SERVICE_FREQUENCY_005,FAM_SERVICE_FREQUENCY_005,PARA_SERVICE_FREQUENCY_4_1,T2_MEDIUM_V1,service_timing,GET_SERVICE_FREQUENCY,Please tell: सीएमबीटी और थाउजेंड लाइट्स के बीच मेट्रो हर कितने मिनट के अंतराल पर चलती है? (आवृत्ति F5) #2,hi,Deva,CS0,N0,"{""origin"": ""सीएमबीटी"", ""destination"": ""थाउजेंड लाइट्स"", ""timing_type"": ""frequency"", ""transport_mode"": ""मेट्रो""}","{""origin_id"": ""METRO_PURATCHI_THALAIVI_DR_J_JAYALALITHAA_CMBT"", ""destination_id"": ""METRO_THOUSAND_LIGHTS""}",ANSWERABLE_NOW,template_instantiation,TMPL_SERVICE_FREQUENCY_HI_DEVA_4
PILOT_T2_TR_001320,,SFAM_POINT_TO_POINT_ROUTE_005,FAM_POINT_TO_POINT_ROUTE_005,PARA_POINT_TO_POINT_ROUTE_4_2,T2_MEDIUM_V1,route_query,PLAN_ROUTE,Please tell: cmbt se thousand lights metro se travel kaise kare? [tarika F5] #2,hi,Latn,CS0,N0,"{""origin"": ""cmbt"", ""destination"": ""thousand lights"", ""transport_mode"": ""metro""}","{""origin_id"": ""METRO_PURATCHI_THALAIVI_DR_J_JAYALALITHAA_CMBT"", ""destination_id"": ""METRO_THOUSAND_LIGHTS""}",ANSWERABLE_WITH_PROVISIONAL_DATA,template_instantiation,TMPL_POINT_TO_POINT_ROUTE_HI_LATN_4
PILOT_T2_TR_001321,,SFAM_MULTIMODAL_ROUTE_008,FAM_MULTIMODAL_ROUTE_008,PARA_MULTIMODAL_ROUTE_7_4,T2_MEDIUM_V1,route_query,PLAN_MULTIMODAL_ROUTE,Mylapore से Little Mount multimodal transit connection kaise le plan F8,hi-en,Deva+Latn,CS4,N0,"{""origin"": ""Mylapore"", ""destination"": ""Little Mount"", ""transport_mode"": ""multimodal""}","{""origin_id"": ""BUS_410614381"", ""destination_id"": ""METRO_LITTLE_MOUNT""}",ANSWERABLE_WITH_PROVISIONAL_DATA,template_instantiation,TMPL_MULTIMODAL_ROUTE_MIXED_SCRIPT_CS_7
PILOT_T2_TR_001322,,SFAM_OUT_OF_SCOPE_006,FAM_OUT_OF_SCOPE_006,PARA_OUT_OF_SCOPE_5_3,T2_MEDIUM_V1,out_of_scope,REJECT_OUT_OF_SCOPE,Could you specify What is the general weather rain forecast in Chennai near Ramakrishna Hospital today (F6)?? #3,hi-en,Latn,CS3,N0,"{""landmark"": ""Ramakrishna Hospital""}","{""place_id"": ""OSM_POI_7820652187""}",OUT_OF_SCOPE,template_instantiation,TMPL_OUT_OF_SCOPE_HINGLISH_LATN_5
PILOT_T2_TR_001323,,SFAM_ROUTE_STOP_MEMBERSHIP_003,FAM_ROUTE_STOP_MEMBERSHIP_003,PARA_ROUTE_STOP_MEMBERSHIP_2_1,T2_MEDIUM_V1,route_stops,CHECK_STOP_ON_ROUTE,Please tell: क्या बस 102A अडयार स्टॉप पर रुकती है? (जांच F3) #2,hi,Deva,CS0,N0,"{""route_number"": ""102A"", ""stop"": ""अडयार"", ""transport_mode"": ""बस""}","{""route_id"": ""GTFS_ROUTE_10248"", ""stop_id"": ""BUS_2587520213""}",ANSWERABLE_WITH_PROVISIONAL_DATA,template_instantiation,TMPL_ROUTE_STOP_MEMBERSHIP_HI_DEVA_2
PILOT_T2_TR_001324,,SFAM_NEAREST_TRANSPORT_017,FAM_NEAREST_TRANSPORT_017,PARA_NEAREST_TRANSPORT_16_1,T2_MEDIUM_V1,nearest_transport,FIND_NEAREST_STATION,Please tell: मातृ शिशु अस्पताल के सबसे निकटतम मेट्रो स्टेशन या बस स्टॉप कौन सा है? (निकट F17) #2,hi,Deva,CS0,N0,"{""landmark"": ""मातृ शिशु अस्पताल"", ""transport_mode"": ""मेट्रो या बस""}","{""place_id"": ""OSM_POI_7257518731""}",ANSWERABLE_NOW,template_instantiation,TMPL_NEAREST_TRANSPORT_HI_DEVA_16
PILOT_T2_TR_001325,,SFAM_TICKETING_AND_PASSES_009,FAM_TICKETING_AND_PASSES_009,PARA_TICKETING_AND_PASSES_8_1,T2_MEDIUM_V1,ticketing_rules,GET_TICKETING_POLICY,Transit query: यात्रियों के लिए क्यूआर टिकट प्राप्त करने के नियम और प्रक्रिया क्या हैं? (पास F9) #5,hi,Deva,CS0,N2,"{""ticket_type"": ""qr_ticket"", ""transport_mode"": ""पारगमन""}",{},ANSWERABLE_NOW,template_instantiation,TMPL_TICKETING_AND_PASSES_HI_DEVA_8
PILOT_T2_TR_001326,,SFAM_SCHEDULED_DEPARTURE_001,FAM_SCHEDULED_DEPARTURE_001,PARA_SCHEDULED_DEPARTURE_0_1,T2_MEDIUM_V1,service_timing,GET_SCHEDULED_DEPARTURES,एयरपोर्ट से सुबह 8 बजे छूटने वाली गाड़ियों की समय सारणी दिखाएं। (समय F1),hi,Deva,CS0,N0,"{""origin"": ""एयरपोर्ट"", ""time"": ""सुबह 8 बजे"", ""resolved_time"": ""08:00:00""}","{""origin_id"": ""METRO_CHENNAI_INTERNATIONAL_AIRPORT""}",ANSWERABLE_NOW,template_instantiation,TMPL_SCHEDULED_DEPARTURE_HI_DEVA_0
PILOT_T2_TR_001327,,SFAM_FARE_CALCULATION_001,FAM_FARE_CALCULATION_001,PARA_FARE_CALCULATION_0_0,T2_MEDIUM_V1,fare_query,CALCULATE_FARE,Could you specify What is the single-journey ticket fare from Airport to High Court on metro? [fare F1]? #3,en,Latn,CS0,N0,"{""origin"": ""Airport"", ""destination"": ""High Court"", ""fare_type"": ""token"", ""transport_mode"": ""metro""}","{""origin_id"": ""METRO_CHENNAI_INTERNATIONAL_AIRPORT"", ""destination_id"": ""METRO_HIGHCOURT""}",ANSWERABLE_NOW,template_instantiation,TMPL_FARE_CALCULATION_EN_0
PILOT_T2_TR_001328,,SFAM_STATION_ACCESSIBILITY_003,FAM_STATION_ACCESSIBILITY_003,PARA_STATION_ACCESSIBILITY_2_1,T2_MEDIUM_V1,accessibility,GET_ACCESSIBILITY_INFO,Could you specify क्या गिंडी स्टेशन पर दिव्यांग यात्रियों के लिए टैक्टाइल पाथ उपलब्ध है? (सुलभता F3)? #3,hi,Deva,CS0,N0,"{""station"": ""गिंडी"", ""accessibility_feature"": ""tactile_path"", ""transport_mode"": ""मेट्रो""}","{""station_id"": ""METRO_GUINDY""}",ANSWERABLE_NOW,template_instantiation,TMPL_STATION_ACCESSIBILITY_HI_DEVA_2
PILOT_T2_TR_001329,,SFAM_FIRST_AND_LAST_SERVICE_012,FAM_FIRST_AND_LAST_SERVICE_012,PARA_FIRST_AND_LAST_SERVICE_11_2,T2_MEDIUM_V1,service_timing,GET_FIRST_LAST_SERVICE,thousand lights se kilpauk first morning aur last night metro departure timing batao [samay F12],hi,Latn,CS0,N0,"{""origin"": ""thousand lights"", ""destination"": ""kilpauk"", ""timing_type"": ""first_last"", ""transport_mode"": ""metro""}","{""origin_id"": ""METRO_THOUSAND_LIGHTS"", ""destination_id"": ""METRO_KILPAUK""}",ANSWERABLE_NOW,template_instantiation,TMPL_FIRST_AND_LAST_SERVICE_HI_LATN_11
PILOT_T2_TR_001330,,SFAM_MODE_AVAILABILITY_002,FAM_MODE_AVAILABILITY_002,PARA_MODE_AVAILABILITY_1_0,T2_MEDIUM_V1,service_availability,CHECK_SERVICE_AVAILABILITY,Could you specify Are there direct public transport options from Chennai Central to Broadway? [avail F2]? #3,en,Latn,CS0,N0,"{""origin"": ""Chennai Central"", ""destination"": ""Broadway"", ""transport_mode"": ""any""}","{""origin_id"": ""METRO_PURATCHI_THALAIVAR_DR__M_G_RAMACHANDRAN_CENTRAL"", ""destination_id"": ""BUS_27618346""}",ANSWERABLE_WITH_PROVISIONAL_DATA,template_instantiation,TMPL_MODE_AVAILABILITY_EN_1
PILOT_T2_TR_001331,,SFAM_STATION_ACCESSIBILITY_009,FAM_STATION_ACCESSIBILITY_009,PARA_STATION_ACCESSIBILITY_8_2,T2_MEDIUM_V1,accessibility,GET_ACCESSIBILITY_INFO,Quick check: kya thirumangalam metro station me wheelchair disabled ke liye wheelchair accessibility hai? [barrier-free F9] #4,hi,Latn,CS0,N0,"{""station"": ""thirumangalam"", ""accessibility_feature"": ""wheelchair"", ""transport_mode"": ""metro""}","{""station_id"": ""METRO_THIRUMANGALAM""}",ANSWERABLE_NOW,template_instantiation,TMPL_STATION_ACCESSIBILITY_HI_LATN_8
PILOT_T2_TR_001332,,SFAM_INTERCHANGE_TRANSFER_014,FAM_INTERCHANGE_TRANSFER_014,PARA_INTERCHANGE_TRANSFER_13_3,T2_MEDIUM_V1,interchange_query,GET_INTERCHANGE_DETAILS,Quick check: Transfer walking time and directions at Washermenpet multimodal terminal (F14) #4,hi-en,Latn,CS3,N0,"{""station"": ""Washermenpet"", ""facility_type"": ""interchange""}","{""station_id"": ""METRO_WASHERMENPET""}",ANSWERABLE_AFTER_MANUAL_VERIFICATION,template_instantiation,TMPL_INTERCHANGE_TRANSFER_HINGLISH_LATN_13
PILOT_T2_TR_001333,,SFAM_NEAREST_TRANSPORT_005,FAM_NEAREST_TRANSPORT_005,PARA_NEAREST_TRANSPORT_4_0,T2_MEDIUM_V1,nearest_transport,FIND_NEAREST_STATION,"Excuse me, Which is the nearest metro station or transit stop to Maruthi Hospital? [loc F5] #6",en,Latn,CS0,N0,"{""landmark"": ""Maruthi Hospital"", ""transport_mode"": ""metro""}","{""place_id"": ""OSM_POI_7820652140""}",ANSWERABLE_NOW,template_instantiation,TMPL_NEAREST_TRANSPORT_EN_4
PILOT_T2_TR_001334,,SFAM_STATION_ACCESSIBILITY_013,FAM_STATION_ACCESSIBILITY_013,PARA_STATION_ACCESSIBILITY_12_1,T2_MEDIUM_V1,accessibility,GET_ACCESSIBILITY_INFO,क्या विमको नगर स्टेशन पर दिव्यांग यात्रियों के लिए व्हीलचेयर रैंप उपलब्ध है? (सुलभता F13),hi,Deva,CS0,N1,"{""station"": ""विमको नगर"", ""accessibility_feature"": ""wheelchair"", ""transport_mode"": ""मेट्रो""}","{""station_id"": ""METRO_WIMCO_NAGAR""}",ANSWERABLE_NOW,template_instantiation,TMPL_STATION_ACCESSIBILITY_HI_DEVA_12
PILOT_T2_TR_001335,,SFAM_POINT_TO_POINT_ROUTE_004,FAM_POINT_TO_POINT_ROUTE_004,PARA_POINT_TO_POINT_ROUTE_3_0,T2_MEDIUM_V1,route_query,PLAN_ROUTE,Please tell: How do I commute from Alandur to Egmore by metro? [pattern F4] #2,en,Latn,CS0,N0,"{""origin"": ""Alandur"", ""destination"": ""Egmore"", ""transport_mode"": ""metro""}","{""origin_id"": ""METRO_ARIGNAR_ANNA_ALANDUR"", ""destination_id"": ""METRO_EGMORE""}",ANSWERABLE_WITH_PROVISIONAL_DATA,template_instantiation,TMPL_POINT_TO_POINT_ROUTE_EN_3
PILOT_T2_TR_001336,,SFAM_POINT_TO_POINT_ROUTE_001,FAM_POINT_TO_POINT_ROUTE_001,PARA_POINT_TO_POINT_ROUTE_0_1,T2_MEDIUM_V1,route_query,PLAN_ROUTE,Quick check: एयरपोर्ट से हाई कोर्ट मेट्रो से जाने का रास्ता क्या है? (प्रारूप F1) #4,hi,Deva,CS0,N0,"{""origin"": ""एयरपोर्ट"", ""destination"": ""हाई कोर्ट"", ""transport_mode"": ""मेट्रो""}","{""origin_id"": ""METRO_CHENNAI_INTERNATIONAL_AIRPORT"", ""destination_id"": ""METRO_HIGHCOURT""}",ANSWERABLE_WITH_PROVISIONAL_DATA,template_instantiation,TMPL_POINT_TO_POINT_ROUTE_HI_DEVA_0
PILOT_T2_TR_001337,,SFAM_ROUTE_STOP_SEQUENCE_011,FAM_ROUTE_STOP_SEQUENCE_011,PARA_ROUTE_STOP_SEQUENCE_10_4,T2_MEDIUM_V1,route_stops,LIST_ROUTE_STOPS,Route 11 R bus के सभी stops ka sequence display karein data F11,hi-en,Deva+Latn,CS4,N0,"{""route_number"": ""11 R"", ""transport_mode"": ""bus""}","{""route_id"": ""GTFS_ROUTE_23728""}",ANSWERABLE_WITH_PROVISIONAL_DATA,template_instantiation,TMPL_ROUTE_STOP_SEQUENCE_MIXED_SCRIPT_CS_10
PILOT_T2_TR_001338,,SFAM_STATION_ACCESSIBILITY_006,FAM_STATION_ACCESSIBILITY_006,PARA_STATION_ACCESSIBILITY_5_4,T2_MEDIUM_V1,accessibility,GET_ACCESSIBILITY_INFO,Koyambedu station par handicapped passengers ke liye passenger elevator lift support status F6,hi-en,Deva+Latn,CS4,N0,"{""station"": ""Koyambedu"", ""accessibility_feature"": ""lift"", ""transport_mode"": ""metro""}","{""station_id"": ""METRO_KOYAMBEDU""}",ANSWERABLE_NOW,template_instantiation,TMPL_STATION_ACCESSIBILITY_MIXED_SCRIPT_CS_5
PILOT_T2_TR_001339,,SFAM_OUT_OF_SCOPE_001,FAM_OUT_OF_SCOPE_001,PARA_OUT_OF_SCOPE_0_4,T2_MEDIUM_V1,out_of_scope,REJECT_OUT_OF_SCOPE,Please tell: Airport ke pass hotel reservation aur movie ticket booking service F1 #2,hi-en,Deva+Latn,CS4,N0,"{""station"": ""Airport""}","{""station_id"": ""METRO_CHENNAI_INTERNATIONAL_AIRPORT""}",OUT_OF_SCOPE,template_instantiation,TMPL_OUT_OF_SCOPE_MIXED_SCRIPT_CS_0
PILOT_T2_TR_001340,,SFAM_FARE_CALCULATION_014,FAM_FARE_CALCULATION_014,PARA_FARE_CALCULATION_13_1,T2_MEDIUM_V1,fare_query,CALCULATE_FARE,Please tell: वॉशरमैनपेट से एयरपोर्ट तक का मेट्रो का टोकन किराया कितना रुपया है? (किराया F14) #2,hi,Deva,CS0,N0,"{""origin"": ""वॉशरमैनपेट"", ""destination"": ""एयरपोर्ट"", ""fare_type"": ""टोकन"", ""transport_mode"": ""मेट्रो""}","{""origin_id"": ""METRO_WASHERMENPET"", ""destination_id"": ""METRO_CHENNAI_INTERNATIONAL_AIRPORT""}",ANSWERABLE_NOW,template_instantiation,TMPL_FARE_CALCULATION_HI_DEVA_13
PILOT_T2_TR_001341,,SFAM_FARE_CALCULATION_001,FAM_FARE_CALCULATION_001,PARA_FARE_CALCULATION_0_0,T2_MEDIUM_V1,fare_query,CALCULATE_FARE,"Excuse me, What is the single-journey ticket fare from Airport to High Court on metro? [fare F1] #6",en,Latn,CS0,N0,"{""origin"": ""Airport"", ""destination"": ""High Court"", ""fare_type"": ""token"", ""transport_mode"": ""metro""}","{""origin_id"": ""METRO_CHENNAI_INTERNATIONAL_AIRPORT"", ""destination_id"": ""METRO_HIGHCOURT""}",ANSWERABLE_NOW,template_instantiation,TMPL_FARE_CALCULATION_EN_0
PILOT_T2_TR_001342,,SFAM_ROUTE_STOP_SEQUENCE_001,FAM_ROUTE_STOP_SEQUENCE_001,PARA_ROUTE_STOP_SEQUENCE_0_4,T2_MEDIUM_V1,route_stops,LIST_ROUTE_STOPS,Please tell: Route 21G bus के सभी stops ka sequence display karein data F1 #2,hi-en,Deva+Latn,CS4,N0,"{""route_number"": ""21G"", ""transport_mode"": ""bus""}","{""route_id"": ""GTFS_ROUTE_8458""}",ANSWERABLE_WITH_PROVISIONAL_DATA,template_instantiation,TMPL_ROUTE_STOP_SEQUENCE_MIXED_SCRIPT_CS_0
PILOT_T2_TR_001343,,SFAM_NEAREST_TRANSPORT_020,FAM_NEAREST_TRANSPORT_020,PARA_NEAREST_TRANSPORT_19_3,T2_MEDIUM_V1,nearest_transport,FIND_NEAREST_STATION,"Excuse me, Find closest public transport access point near Padalam Hospital (F20) #6",hi-en,Latn,CS3,N1,"{""landmark"": ""Padalam Hospital"", ""transport_mode"": ""public transport""}","{""place_id"": ""OSM_POI_7257518724""}",ANSWERABLE_NOW,template_instantiation,TMPL_NEAREST_TRANSPORT_HINGLISH_LATN_19
PILOT_T2_TR_001344,,SFAM_REALTIME_STATUS_QUERY_003,FAM_REALTIME_STATUS_QUERY_003,PARA_REALTIME_STATUS_QUERY_2_0,T2_MEDIUM_V1,realtime_status_query,REJECT_UNSUPPORTED_REALTIME,Transit query: Where is bus 102A right now and what is its live location? [live F3] #5,en,Latn,CS0,N0,"{""route_number"": ""102A"", ""transport_mode"": ""bus""}","{""route_id"": ""GTFS_ROUTE_10248""}",REQUIRES_REALTIME_DATA,template_instantiation,TMPL_REALTIME_STATUS_QUERY_EN_2
PILOT_T2_TR_001345,,SFAM_FARE_CALCULATION_013,FAM_FARE_CALCULATION_013,PARA_FARE_CALCULATION_12_3,T2_MEDIUM_V1,fare_query,CALCULATE_FARE,Transit query: Calculate fare for travel between Wimco Nagar Depot and Pachaiyappa College stations (F13) #5,hi-en,Latn,CS3,N1,"{""origin"": ""Wimco Nagar Depot"", ""destination"": ""Pachaiyappa College"", ""transport_mode"": ""metro""}","{""origin_id"": ""METRO_WIMCO_NAGAR"", ""destination_id"": ""METRO_PACHAIYAPPA_S_COLLEGE""}",ANSWERABLE_NOW,template_instantiation,TMPL_FARE_CALCULATION_HINGLISH_LATN_12
PILOT_T2_TR_001346,,SFAM_MULTIMODAL_ROUTE_013,FAM_MULTIMODAL_ROUTE_013,PARA_MULTIMODAL_ROUTE_12_1,T2_MEDIUM_V1,route_query,PLAN_MULTIMODAL_ROUTE,Please tell: नेलवॉय से पचैयप्पा कॉलेज बस और मेट्रो मिलाकर सबसे तेज़ मार्ग कौन सा है? (योजना F13) #2,hi,Deva,CS0,N0,"{""origin"": ""नेलवॉय"", ""destination"": ""पचैयप्पा कॉलेज"", ""transport_mode"": ""बस और मेट्रो""}","{""origin_id"": ""BUS_469106564"", ""destination_id"": ""METRO_PACHAIYAPPA_S_COLLEGE""}",ANSWERABLE_WITH_PROVISIONAL_DATA,template_instantiation,TMPL_MULTIMODAL_ROUTE_HI_DEVA_12
PILOT_T2_TR_001347,,SFAM_MODE_AVAILABILITY_002,FAM_MODE_AVAILABILITY_002,PARA_MODE_AVAILABILITY_1_2,T2_MEDIUM_V1,service_availability,CHECK_SERVICE_AVAILABILITY,Quick check: chennai central se broadway tak direct transit options available hain kya? [suvidha F2] #4,hi,Latn,CS0,N0,"{""origin"": ""chennai central"", ""destination"": ""broadway"", ""transport_mode"": ""any""}","{""origin_id"": ""METRO_PURATCHI_THALAIVAR_DR__M_G_RAMACHANDRAN_CENTRAL"", ""destination_id"": ""BUS_27618346""}",ANSWERABLE_WITH_PROVISIONAL_DATA,template_instantiation,TMPL_MODE_AVAILABILITY_HI_LATN_1
PILOT_T2_TR_001348,,SFAM_REALTIME_STATUS_QUERY_002,FAM_REALTIME_STATUS_QUERY_002,PARA_REALTIME_STATUS_QUERY_1_0,T2_MEDIUM_V1,realtime_status_query,REJECT_UNSUPPORTED_REALTIME,"Hello assistant, Where is bus 102 right now and what is its live location? [live F2] #7",en,Latn,CS0,N1,"{""route_number"": ""102"", ""transport_mode"": ""bus""}","{""route_id"": ""GTFS_ROUTE_16861""}",REQUIRES_REALTIME_DATA,template_instantiation,TMPL_REALTIME_STATUS_QUERY_EN_1
PILOT_T2_TR_001349,,SFAM_FIRST_AND_LAST_SERVICE_010,FAM_FIRST_AND_LAST_SERVICE_010,PARA_FIRST_AND_LAST_SERVICE_9_3,T2_MEDIUM_V1,service_timing,GET_FIRST_LAST_SERVICE,First train and last train operational hours between Anna Nagar Tower and St. Thomas Mount (F10),hi-en,Latn,CS3,N0,"{""origin"": ""Anna Nagar Tower"", ""destination"": ""St. Thomas Mount"", ""timing_type"": ""first_last"", ""transport_mode"": ""train""}","{""origin_id"": ""METRO_ANNA_NAGAR_TOWER"", ""destination_id"": ""METRO_ST__THOMAS_MOUNT""}",ANSWERABLE_NOW,template_instantiation,TMPL_FIRST_AND_LAST_SERVICE_HINGLISH_LATN_9
PILOT_T2_TR_001350,,SFAM_FIRST_AND_LAST_SERVICE_012,FAM_FIRST_AND_LAST_SERVICE_012,PARA_FIRST_AND_LAST_SERVICE_11_0,T2_MEDIUM_V1,service_timing,GET_FIRST_LAST_SERVICE,Please tell: What time does the earliest and latest train depart Thousand Lights for Kilpauk? [hrs F12] #2,en,Latn,CS0,N0,"{""origin"": ""Thousand Lights"", ""destination"": ""Kilpauk"", ""timing_type"": ""first_last"", ""transport_mode"": ""metro""}","{""origin_id"": ""METRO_THOUSAND_LIGHTS"", ""destination_id"": ""METRO_KILPAUK""}",ANSWERABLE_NOW,template_instantiation,TMPL_FIRST_AND_LAST_SERVICE_EN_11
PILOT_T2_TR_001351,,SFAM_STATION_ACCESSIBILITY_003,FAM_STATION_ACCESSIBILITY_003,PARA_STATION_ACCESSIBILITY_2_2,T2_MEDIUM_V1,accessibility,GET_ACCESSIBILITY_INFO,kya guindy metro station me wheelchair disabled ke liye tactile paths for blind hai? [barrier-free F3],hi,Latn,CS0,N0,"{""station"": ""guindy"", ""accessibility_feature"": ""tactile_path"", ""transport_mode"": ""metro""}","{""station_id"": ""METRO_GUINDY""}",ANSWERABLE_NOW,template_instantiation,TMPL_STATION_ACCESSIBILITY_HI_LATN_2
PILOT_T2_TR_001352,,SFAM_FIRST_AND_LAST_SERVICE_013,FAM_FIRST_AND_LAST_SERVICE_013,PARA_FIRST_AND_LAST_SERVICE_12_1,T2_MEDIUM_V1,service_timing,GET_FIRST_LAST_SERVICE,Please tell: विमको नगर से पचैयप्पा कॉलेज के लिए पहली और आखिरी ट्रेन का समय क्या है? (समय F13) #2,hi,Deva,CS0,N0,"{""origin"": ""विमको नगर"", ""destination"": ""पचैयप्पा कॉलेज"", ""timing_type"": ""first_last"", ""transport_mode"": ""ट्रेन""}","{""origin_id"": ""METRO_WIMCO_NAGAR"", ""destination_id"": ""METRO_PACHAIYAPPA_S_COLLEGE""}",ANSWERABLE_NOW,template_instantiation,TMPL_FIRST_AND_LAST_SERVICE_HI_DEVA_12
PILOT_T2_TR_001353,,SFAM_FIRST_AND_LAST_SERVICE_010,FAM_FIRST_AND_LAST_SERVICE_010,PARA_FIRST_AND_LAST_SERVICE_9_1,T2_MEDIUM_V1,service_timing,GET_FIRST_LAST_SERVICE,अन्ना नगर टावर से सेंट थॉमस माउंट के लिए पहली और आखिरी ट्रेन का समय क्या है? (समय F10),hi,Deva,CS0,N0,"{""origin"": ""अन्ना नगर टावर"", ""destination"": ""सेंट थॉमस माउंट"", ""timing_type"": ""first_last"", ""transport_mode"": ""ट्रेन""}","{""origin_id"": ""METRO_ANNA_NAGAR_TOWER"", ""destination_id"": ""METRO_ST__THOMAS_MOUNT""}",ANSWERABLE_NOW,template_instantiation,TMPL_FIRST_AND_LAST_SERVICE_HI_DEVA_9
PILOT_T2_TR_001354,,SFAM_REALTIME_STATUS_QUERY_002,FAM_REALTIME_STATUS_QUERY_002,PARA_REALTIME_STATUS_QUERY_1_3,T2_MEDIUM_V1,realtime_status_query,REJECT_UNSUPPORTED_REALTIME,Transit query: Live crowd density and train arrival countdown at Chennai Central right now (F2) #5,hi-en,Latn,CS3,N0,"{""station"": ""Chennai Central"", ""transport_mode"": ""metro""}","{""station_id"": ""METRO_PURATCHI_THALAIVAR_DR__M_G_RAMACHANDRAN_CENTRAL""}",REQUIRES_REALTIME_DATA,template_instantiation,TMPL_REALTIME_STATUS_QUERY_HINGLISH_LATN_1
PILOT_T2_TR_001355,,SFAM_STATION_FACILITIES_001,FAM_STATION_FACILITIES_001,PARA_STATION_FACILITIES_0_4,T2_MEDIUM_V1,station_facilities,GET_STATION_FACILITY,Please tell: क्या Airport station par passengers ke liye car parking accessible hai F1 #2,hi-en,Deva+Latn,CS4,N0,"{""station"": ""Airport"", ""facility_type"": ""parking"", ""transport_mode"": ""metro""}","{""station_id"": ""METRO_CHENNAI_INTERNATIONAL_AIRPORT""}",ANSWERABLE_NOW,template_instantiation,TMPL_STATION_FACILITIES_MIXED_SCRIPT_CS_0
PILOT_T2_TR_001356,,SFAM_FARE_CALCULATION_004,FAM_FARE_CALCULATION_004,PARA_FARE_CALCULATION_3_0,T2_MEDIUM_V1,fare_query,CALCULATE_FARE,Quick check: What is the single-journey ticket fare from Alandur to Egmore on metro? [fare F4] #4,en,Latn,CS0,N0,"{""origin"": ""Alandur"", ""destination"": ""Egmore"", ""fare_type"": ""token"", ""transport_mode"": ""metro""}","{""origin_id"": ""METRO_ARIGNAR_ANNA_ALANDUR"", ""destination_id"": ""METRO_EGMORE""}",ANSWERABLE_NOW,template_instantiation,TMPL_FARE_CALCULATION_EN_3
PILOT_T2_TR_001357,,SFAM_TICKETING_AND_PASSES_016,FAM_TICKETING_AND_PASSES_016,PARA_TICKETING_AND_PASSES_15_3,T2_MEDIUM_V1,ticketing_rules,GET_TICKETING_POLICY,How can regular passengers apply for and renew Tourist One-Day Pass (F16)?,hi-en,Latn,CS3,N0,"{""ticket_type"": ""tourist_card"", ""transport_mode"": ""transit""}",{},ANSWERABLE_NOW,template_instantiation,TMPL_TICKETING_AND_PASSES_HINGLISH_LATN_15
PILOT_T2_TR_001358,,SFAM_ROUTE_STOP_SEQUENCE_002,FAM_ROUTE_STOP_SEQUENCE_002,PARA_ROUTE_STOP_SEQUENCE_1_0,T2_MEDIUM_V1,route_stops,LIST_ROUTE_STOPS,Could you specify List every intermediate stop along route 102 in order. [seq F2]? #3,en,Latn,CS0,N0,"{""route_number"": ""102"", ""transport_mode"": ""bus""}","{""route_id"": ""GTFS_ROUTE_16861""}",ANSWERABLE_WITH_PROVISIONAL_DATA,template_instantiation,TMPL_ROUTE_STOP_SEQUENCE_EN_1
PILOT_T2_TR_001359,,SFAM_STATION_FACILITIES_019,FAM_STATION_FACILITIES_019,PARA_STATION_FACILITIES_18_3,T2_MEDIUM_V1,station_facilities,GET_STATION_FACILITY,Could you specify Does Kilpauk station premises include operational EV vehicle charging (F19)?? #3,hi-en,Latn,CS3,N0,"{""station"": ""Kilpauk"", ""facility_type"": ""ev_charging"", ""transport_mode"": ""metro""}","{""station_id"": ""METRO_KILPAUK""}",ANSWERABLE_NOW,template_instantiation,TMPL_STATION_FACILITIES_HINGLISH_LATN_18
PILOT_T2_TR_001360,,SFAM_ROUTE_STOP_MEMBERSHIP_006,FAM_ROUTE_STOP_MEMBERSHIP_006,PARA_ROUTE_STOP_MEMBERSHIP_5_0,T2_MEDIUM_V1,route_stops,CHECK_STOP_ON_ROUTE,Please tell: Does bus route 29C make a scheduled halt at Poonamallee? [chk F6] #2,en,Latn,CS0,N0,"{""route_number"": ""29C"", ""stop"": ""Poonamallee"", ""transport_mode"": ""bus""}","{""route_id"": ""GTFS_ROUTE_8631"", ""stop_id"": ""BUS_13972050953""}",ANSWERABLE_WITH_PROVISIONAL_DATA,template_instantiation,TMPL_ROUTE_STOP_MEMBERSHIP_EN_5
PILOT_T2_TR_001361,,SFAM_FARE_CALCULATION_012,FAM_FARE_CALCULATION_012,PARA_FARE_CALCULATION_11_0,T2_MEDIUM_V1,fare_query,CALCULATE_FARE,Quick check: What is the single-journey ticket fare from Thousand Lights to Kilpauk on metro? [fare F12] #4,en,Latn,CS0,N0,"{""origin"": ""Thousand Lights"", ""destination"": ""Kilpauk"", ""fare_type"": ""token"", ""transport_mode"": ""metro""}","{""origin_id"": ""METRO_THOUSAND_LIGHTS"", ""destination_id"": ""METRO_KILPAUK""}",ANSWERABLE_NOW,template_instantiation,TMPL_FARE_CALCULATION_EN_11
PILOT_T2_TR_001362,,SFAM_TICKETING_AND_PASSES_018,FAM_TICKETING_AND_PASSES_018,PARA_TICKETING_AND_PASSES_17_1,T2_MEDIUM_V1,ticketing_rules,GET_TICKETING_POLICY,"Excuse me, यात्रियों के लिए एनसीएमसी कार्ड प्राप्त करने के नियम और प्रक्रिया क्या हैं? (पास F18) #6",hi,Deva,CS0,N0,"{""ticket_type"": ""ncmc_card"", ""transport_mode"": ""पारगमन""}",{},ANSWERABLE_NOW,template_instantiation,TMPL_TICKETING_AND_PASSES_HI_DEVA_17
PILOT_T2_TR_001363,,SFAM_POINT_TO_POINT_ROUTE_015,FAM_POINT_TO_POINT_ROUTE_015,PARA_POINT_TO_POINT_ROUTE_14_3,T2_MEDIUM_V1,route_query,PLAN_ROUTE,Please tell: Little Mount to Chennai Central metro ride ka best direct route bataiye (F15) #2,hi-en,Latn,CS3,N0,"{""origin"": ""Little Mount"", ""destination"": ""Chennai Central"", ""transport_mode"": ""metro""}","{""origin_id"": ""METRO_LITTLE_MOUNT"", ""destination_id"": ""METRO_PURATCHI_THALAIVAR_DR__M_G_RAMACHANDRAN_CENTRAL""}",ANSWERABLE_WITH_PROVISIONAL_DATA,template_instantiation,TMPL_POINT_TO_POINT_ROUTE_HINGLISH_LATN_14
PILOT_T2_TR_001364,,SFAM_POINT_TO_POINT_ROUTE_014,FAM_POINT_TO_POINT_ROUTE_014,PARA_POINT_TO_POINT_ROUTE_13_1,T2_MEDIUM_V1,route_query,PLAN_ROUTE,वॉशरमैनपेट से एयरपोर्ट मेट्रो से जाने का रास्ता क्या है? (प्रारूप F14),hi,Deva,CS0,N0,"{""origin"": ""वॉशरमैनपेट"", ""destination"": ""एयरपोर्ट"", ""transport_mode"": ""मेट्रो""}","{""origin_id"": ""METRO_WASHERMENPET"", ""destination_id"": ""METRO_CHENNAI_INTERNATIONAL_AIRPORT""}",ANSWERABLE_WITH_PROVISIONAL_DATA,template_instantiation,TMPL_POINT_TO_POINT_ROUTE_HI_DEVA_13
PILOT_T2_TR_001365,,SFAM_MODE_AVAILABILITY_002,FAM_MODE_AVAILABILITY_002,PARA_MODE_AVAILABILITY_1_3,T2_MEDIUM_V1,service_availability,CHECK_SERVICE_AVAILABILITY,Quick check: Is public transit operational connecting Chennai Central and Broadway (F2)? #4,hi-en,Latn,CS3,N2,"{""origin"": ""Chennai Central"", ""destination"": ""Broadway"", ""transport_mode"": ""public transit""}","{""origin_id"": ""METRO_PURATCHI_THALAIVAR_DR__M_G_RAMACHANDRAN_CENTRAL"", ""destination_id"": ""BUS_27618346""}",ANSWERABLE_WITH_PROVISIONAL_DATA,template_instantiation,TMPL_MODE_AVAILABILITY_HINGLISH_LATN_1
PILOT_T2_TR_001366,,SFAM_POINT_TO_POINT_ROUTE_014,FAM_POINT_TO_POINT_ROUTE_014,PARA_POINT_TO_POINT_ROUTE_13_3,T2_MEDIUM_V1,route_query,PLAN_ROUTE,Could you specify Washermenpet to Airport metro ride ka best direct route bataiye (F14)? #3,hi-en,Latn,CS3,N2,"{""origin"": ""Washermenpet"", ""destination"": ""Airport"", ""transport_mode"": ""metro""}","{""origin_id"": ""METRO_WASHERMENPET"", ""destination_id"": ""METRO_CHENNAI_INTERNATIONAL_AIRPORT""}",ANSWERABLE_WITH_PROVISIONAL_DATA,template_instantiation,TMPL_POINT_TO_POINT_ROUTE_HINGLISH_LATN_13
PILOT_T2_TR_001367,,SFAM_NEAREST_TRANSPORT_018,FAM_NEAREST_TRANSPORT_018,PARA_NEAREST_TRANSPORT_17_0,T2_MEDIUM_V1,nearest_transport,FIND_NEAREST_STATION,Which is the nearest metro station or transit stop to Madhuranthagam Hospital? [loc F18],en,Latn,CS0,N0,"{""landmark"": ""Madhuranthagam Hospital"", ""transport_mode"": ""metro""}","{""place_id"": ""OSM_POI_7257518777""}",ANSWERABLE_NOW,template_instantiation,TMPL_NEAREST_TRANSPORT_EN_17
PILOT_T2_TR_001368,,SFAM_OUT_OF_SCOPE_010,FAM_OUT_OF_SCOPE_010,PARA_OUT_OF_SCOPE_9_0,T2_MEDIUM_V1,out_of_scope,REJECT_OUT_OF_SCOPE,Quick check: Book a private cab taxi ride from Anna Nagar Tower to St. Thomas Mount. [cab F10] #4,en,Latn,CS0,N0,"{""origin"": ""Anna Nagar Tower"", ""destination"": ""St. Thomas Mount""}","{""origin_id"": ""METRO_ANNA_NAGAR_TOWER"", ""destination_id"": ""METRO_ST__THOMAS_MOUNT""}",OUT_OF_SCOPE,template_instantiation,TMPL_OUT_OF_SCOPE_EN_9
PILOT_T2_TR_001369,,SFAM_OUT_OF_SCOPE_014,FAM_OUT_OF_SCOPE_014,PARA_OUT_OF_SCOPE_13_1,T2_MEDIUM_V1,out_of_scope,REJECT_OUT_OF_SCOPE,वॉशरमैनपेट के निकटतम सबसे अच्छे रेस्टोरेंट और भोजनालय की सूची दें। (बाहर F14),hi,Deva,CS0,N1,"{""station"": ""वॉशरमैनपेट""}","{""station_id"": ""METRO_WASHERMENPET""}",OUT_OF_SCOPE,template_instantiation,TMPL_OUT_OF_SCOPE_HI_DEVA_13
PILOT_T2_TR_001370,,SFAM_TICKETING_AND_PASSES_005,FAM_TICKETING_AND_PASSES_005,PARA_TICKETING_AND_PASSES_4_3,T2_MEDIUM_V1,ticketing_rules,GET_TICKETING_POLICY,"Excuse me, How can regular passengers apply for and renew Student Concession Card (F5)? #6",hi-en,Latn,CS3,N0,"{""ticket_type"": ""student_pass"", ""transport_mode"": ""transit""}",{},ANSWERABLE_NOW,template_instantiation,TMPL_TICKETING_AND_PASSES_HINGLISH_LATN_4
PILOT_T2_TR_001371,,SFAM_STATION_FACILITIES_014,FAM_STATION_FACILITIES_014,PARA_STATION_FACILITIES_13_1,T2_MEDIUM_V1,station_facilities,GET_STATION_FACILITY,क्या वॉशरमैनपेट मेट्रो स्टेशन पर बाइक पार्किंग की व्यवस्था उपलब्ध है? (सुविधा F14),hi,Deva,CS0,N1,"{""station"": ""वॉशरमैनपेट"", ""facility_type"": ""two_wheeler_parking"", ""transport_mode"": ""मेट्रो""}","{""station_id"": ""METRO_WASHERMENPET""}",ANSWERABLE_NOW,template_instantiation,TMPL_STATION_FACILITIES_HI_DEVA_13
PILOT_T2_TR_001372,,SFAM_STATION_ACCESSIBILITY_006,FAM_STATION_ACCESSIBILITY_006,PARA_STATION_ACCESSIBILITY_5_3,T2_MEDIUM_V1,accessibility,GET_ACCESSIBILITY_INFO,Verification of accessible passenger elevator lift support at Koyambedu metro (F6),hi-en,Latn,CS3,N0,"{""station"": ""Koyambedu"", ""accessibility_feature"": ""lift"", ""transport_mode"": ""metro""}","{""station_id"": ""METRO_KOYAMBEDU""}",ANSWERABLE_NOW,template_instantiation,TMPL_STATION_ACCESSIBILITY_HINGLISH_LATN_5
PILOT_T2_TR_001373,,SFAM_STATION_FACILITIES_019,FAM_STATION_FACILITIES_019,PARA_STATION_FACILITIES_18_0,T2_MEDIUM_V1,station_facilities,GET_STATION_FACILITY,Quick check: Is EV vehicle charging facility available at Kilpauk metro station? [fac F19] #4,en,Latn,CS0,N0,"{""station"": ""Kilpauk"", ""facility_type"": ""ev_charging"", ""transport_mode"": ""metro""}","{""station_id"": ""METRO_KILPAUK""}",ANSWERABLE_NOW,template_instantiation,TMPL_STATION_FACILITIES_EN_18
PILOT_T2_TR_001374,,SFAM_REALTIME_STATUS_QUERY_003,FAM_REALTIME_STATUS_QUERY_003,PARA_REALTIME_STATUS_QUERY_2_1,T2_MEDIUM_V1,realtime_status_query,REJECT_UNSUPPORTED_REALTIME,Transit query: क्या गिंडी से आने वाली ट्रेन अभी लेट चल रही है लाइव स्थिति बताएं? (ताज़ा F3) #5,hi,Deva,CS0,N0,"{""origin"": ""गिंडी"", ""transport_mode"": ""ट्रेन""}","{""origin_id"": ""METRO_GUINDY""}",REQUIRES_REALTIME_DATA,template_instantiation,TMPL_REALTIME_STATUS_QUERY_HI_DEVA_2
PILOT_T2_TR_001375,,SFAM_INTERCHANGE_TRANSFER_015,FAM_INTERCHANGE_TRANSFER_015,PARA_INTERCHANGE_TRANSFER_14_3,T2_MEDIUM_V1,interchange_query,GET_INTERCHANGE_DETAILS,Could you specify Transfer walking time and directions at Little Mount multimodal terminal (F15)? #3,hi-en,Latn,CS3,N0,"{""station"": ""Little Mount"", ""facility_type"": ""interchange""}","{""station_id"": ""METRO_LITTLE_MOUNT""}",ANSWERABLE_AFTER_MANUAL_VERIFICATION,template_instantiation,TMPL_INTERCHANGE_TRANSFER_HINGLISH_LATN_14
PILOT_T2_TR_001376,,SFAM_POINT_TO_POINT_ROUTE_003,FAM_POINT_TO_POINT_ROUTE_003,PARA_POINT_TO_POINT_ROUTE_2_4,T2_MEDIUM_V1,route_query,PLAN_ROUTE,Please tell: Guindy से Anna Nagar Tower direct metro connection bataye route plan F3 #2,hi-en,Deva+Latn,CS4,N0,"{""origin"": ""Guindy"", ""destination"": ""Anna Nagar Tower"", ""transport_mode"": ""metro""}","{""origin_id"": ""METRO_GUINDY"", ""destination_id"": ""METRO_ANNA_NAGAR_TOWER""}",ANSWERABLE_WITH_PROVISIONAL_DATA,template_instantiation,TMPL_POINT_TO_POINT_ROUTE_MIXED_SCRIPT_CS_2
PILOT_T2_TR_001377,,SFAM_OUT_OF_SCOPE_015,FAM_OUT_OF_SCOPE_015,PARA_OUT_OF_SCOPE_14_0,T2_MEDIUM_V1,out_of_scope,REJECT_OUT_OF_SCOPE,Could you specify Book a private cab taxi ride from Little Mount to Chennai Central. [cab F15]? #3,en,Latn,CS0,N0,"{""origin"": ""Little Mount"", ""destination"": ""Chennai Central""}","{""origin_id"": ""METRO_LITTLE_MOUNT"", ""destination_id"": ""METRO_PURATCHI_THALAIVAR_DR__M_G_RAMACHANDRAN_CENTRAL""}",OUT_OF_SCOPE,template_instantiation,TMPL_OUT_OF_SCOPE_EN_14
PILOT_T2_TR_001378,,SFAM_TICKETING_AND_PASSES_009,FAM_TICKETING_AND_PASSES_009,PARA_TICKETING_AND_PASSES_8_4,T2_MEDIUM_V1,ticketing_rules,GET_TICKETING_POLICY,Please tell: Commuter WhatsApp QR Ticket ke application aur terms ki complete details F9 #2,hi-en,Deva+Latn,CS4,N0,"{""ticket_type"": ""qr_ticket"", ""transport_mode"": ""transit""}",{},ANSWERABLE_NOW,template_instantiation,TMPL_TICKETING_AND_PASSES_MIXED_SCRIPT_CS_8
PILOT_T2_TR_001379,,SFAM_SCHEDULED_DEPARTURE_001,FAM_SCHEDULED_DEPARTURE_001,PARA_SCHEDULED_DEPARTURE_0_2,T2_MEDIUM_V1,service_timing,GET_SCHEDULED_DEPARTURES,airport se sham 7 baje departure timing schedule bataye. [timetable F1],hi,Latn,CS0,N1,"{""origin"": ""airport"", ""time"": ""sham 7 baje"", ""resolved_time"": ""19:00:00""}","{""origin_id"": ""METRO_CHENNAI_INTERNATIONAL_AIRPORT""}",ANSWERABLE_NOW,template_instantiation,TMPL_SCHEDULED_DEPARTURE_HI_LATN_0
PILOT_T2_TR_001380,,SFAM_MODE_AVAILABILITY_004,FAM_MODE_AVAILABILITY_004,PARA_MODE_AVAILABILITY_3_0,T2_MEDIUM_V1,service_availability,CHECK_SERVICE_AVAILABILITY,Please tell: Are there direct public transport options from Alandur to Velachery? [avail F4] #2,en,Latn,CS0,N0,"{""origin"": ""Alandur"", ""destination"": ""Velachery"", ""transport_mode"": ""any""}","{""origin_id"": ""METRO_ARIGNAR_ANNA_ALANDUR"", ""destination_id"": ""BUS_1764308008""}",ANSWERABLE_WITH_PROVISIONAL_DATA,template_instantiation,TMPL_MODE_AVAILABILITY_EN_3
PILOT_T2_TR_001381,,SFAM_STATION_ACCESSIBILITY_002,FAM_STATION_ACCESSIBILITY_002,PARA_STATION_ACCESSIBILITY_1_4,T2_MEDIUM_V1,accessibility,GET_ACCESSIBILITY_INFO,Could you specify Chennai Central station par handicapped passengers ke liye passenger elevator lift support status F2? #3,hi-en,Deva+Latn,CS4,N1,"{""station"": ""Chennai Central"", ""accessibility_feature"": ""lift"", ""transport_mode"": ""metro""}","{""station_id"": ""METRO_PURATCHI_THALAIVAR_DR__M_G_RAMACHANDRAN_CENTRAL""}",ANSWERABLE_NOW,template_instantiation,TMPL_STATION_ACCESSIBILITY_MIXED_SCRIPT_CS_1
PILOT_T2_TR_001382,,SFAM_TICKETING_AND_PASSES_008,FAM_TICKETING_AND_PASSES_008,PARA_TICKETING_AND_PASSES_7_0,T2_MEDIUM_V1,ticketing_rules,GET_TICKETING_POLICY,Transit query: What are the rules and procedure to purchase a Smart Card for commuters? [pass F8] #5,en,Latn,CS0,N0,"{""ticket_type"": ""smart_card"", ""transport_mode"": ""transit""}",{},ANSWERABLE_NOW,template_instantiation,TMPL_TICKETING_AND_PASSES_EN_7
PILOT_T2_TR_001383,,SFAM_FARE_CALCULATION_014,FAM_FARE_CALCULATION_014,PARA_FARE_CALCULATION_13_3,T2_MEDIUM_V1,fare_query,CALCULATE_FARE,Calculate fare for travel between Washermenpet and Airport stations (F14),hi-en,Latn,CS3,N0,"{""origin"": ""Washermenpet"", ""destination"": ""Airport"", ""transport_mode"": ""metro""}","{""origin_id"": ""METRO_WASHERMENPET"", ""destination_id"": ""METRO_CHENNAI_INTERNATIONAL_AIRPORT""}",ANSWERABLE_NOW,template_instantiation,TMPL_FARE_CALCULATION_HINGLISH_LATN_13
PILOT_T2_TR_001384,,SFAM_SERVICE_FREQUENCY_004,FAM_SERVICE_FREQUENCY_004,PARA_SERVICE_FREQUENCY_3_2,T2_MEDIUM_V1,service_timing,GET_SERVICE_FREQUENCY,alandur to egmore metro service ka regular interval headway kya hai? [interval F4],hi,Latn,CS0,N0,"{""origin"": ""alandur"", ""destination"": ""egmore"", ""timing_type"": ""frequency"", ""transport_mode"": ""metro""}","{""origin_id"": ""METRO_ARIGNAR_ANNA_ALANDUR"", ""destination_id"": ""METRO_EGMORE""}",ANSWERABLE_NOW,template_instantiation,TMPL_SERVICE_FREQUENCY_HI_LATN_3
PILOT_T2_TR_001385,,SFAM_SCHEDULED_DEPARTURE_018,FAM_SCHEDULED_DEPARTURE_018,PARA_SCHEDULED_DEPARTURE_17_3,T2_MEDIUM_V1,service_timing,GET_SCHEDULED_DEPARTURES,Please tell: Nehru Park station se kal 8 baje train schedule kya hoga (F18) #2,hi-en,Latn,CS3,N1,"{""origin"": ""Nehru Park"", ""temporal_relative"": ""kal"", ""resolved_temporal_offset"": ""UNRESOLVED_TEMPORAL_AMBIGUITY"", ""time"": ""8 baje"", ""temporal_ambiguity"": true, ""dual_candidates"": [""08:00:00"", ""20:00:00""]}","{""origin_id"": ""METRO_NEHRU_PARK""}",ANSWERABLE_NOW,template_instantiation,TMPL_SCHEDULED_DEPARTURE_HINGLISH_LATN_17
PILOT_T2_TR_001386,,SFAM_MULTIMODAL_ROUTE_013,FAM_MULTIMODAL_ROUTE_013,PARA_MULTIMODAL_ROUTE_12_0,T2_MEDIUM_V1,route_query,PLAN_MULTIMODAL_ROUTE,Could you specify What is the combined bus and metro route from Nelvoy to Pachaiyappa College? [plan F13]? #3,en,Latn,CS0,N0,"{""origin"": ""Nelvoy"", ""destination"": ""Pachaiyappa College"", ""transport_mode"": ""multimodal""}","{""origin_id"": ""BUS_469106564"", ""destination_id"": ""METRO_PACHAIYAPPA_S_COLLEGE""}",ANSWERABLE_WITH_PROVISIONAL_DATA,template_instantiation,TMPL_MULTIMODAL_ROUTE_EN_12
PILOT_T2_TR_001387,,SFAM_TICKETING_AND_PASSES_005,FAM_TICKETING_AND_PASSES_005,PARA_TICKETING_AND_PASSES_4_3,T2_MEDIUM_V1,ticketing_rules,GET_TICKETING_POLICY,"Hello assistant, How can regular passengers apply for and renew Student Concession Card (F5)? #7",hi-en,Latn,CS3,N0,"{""ticket_type"": ""student_pass"", ""transport_mode"": ""transit""}",{},ANSWERABLE_NOW,template_instantiation,TMPL_TICKETING_AND_PASSES_HINGLISH_LATN_4
PILOT_T2_TR_001388,,SFAM_TICKETING_AND_PASSES_009,FAM_TICKETING_AND_PASSES_009,PARA_TICKETING_AND_PASSES_8_4,T2_MEDIUM_V1,ticketing_rules,GET_TICKETING_POLICY,Commuter WhatsApp QR Ticket ke application aur terms ki complete details F9,hi-en,Deva+Latn,CS4,N0,"{""ticket_type"": ""qr_ticket"", ""transport_mode"": ""transit""}",{},ANSWERABLE_NOW,template_instantiation,TMPL_TICKETING_AND_PASSES_MIXED_SCRIPT_CS_8
PILOT_T2_TR_001389,,SFAM_OUT_OF_SCOPE_020,FAM_OUT_OF_SCOPE_020,PARA_OUT_OF_SCOPE_19_4,T2_MEDIUM_V1,out_of_scope,REJECT_OUT_OF_SCOPE,Please tell: Pachaiyappa College ke pass hotel reservation aur movie ticket booking service F20 #2,hi-en,Deva+Latn,CS4,N0,"{""station"": ""Pachaiyappa College""}","{""station_id"": ""METRO_PACHAIYAPPA_S_COLLEGE""}",OUT_OF_SCOPE,template_instantiation,TMPL_OUT_OF_SCOPE_MIXED_SCRIPT_CS_19
PILOT_T2_TR_001390,,SFAM_STATION_ACCESSIBILITY_020,FAM_STATION_ACCESSIBILITY_020,PARA_STATION_ACCESSIBILITY_19_0,T2_MEDIUM_V1,accessibility,GET_ACCESSIBILITY_INFO,Transit query: Are escalator stairs provisions available for differently abled passengers at Pachaiyappa College? [a11y F20] #5,en,Latn,CS0,N0,"{""station"": ""Pachaiyappa College"", ""accessibility_feature"": ""escalator"", ""transport_mode"": ""metro""}","{""station_id"": ""METRO_PACHAIYAPPA_S_COLLEGE""}",ANSWERABLE_NOW,template_instantiation,TMPL_STATION_ACCESSIBILITY_EN_19
PILOT_T2_TR_001391,,SFAM_STATION_ACCESSIBILITY_008,FAM_STATION_ACCESSIBILITY_008,PARA_STATION_ACCESSIBILITY_7_3,T2_MEDIUM_V1,accessibility,GET_ACCESSIBILITY_INFO,"Excuse me, Verification of accessible escalator stairs support at High Court metro (F8) #6",hi-en,Latn,CS3,N2,"{""station"": ""High Court"", ""accessibility_feature"": ""escalator"", ""transport_mode"": ""metro""}","{""station_id"": ""METRO_HIGHCOURT""}",ANSWERABLE_NOW,template_instantiation,TMPL_STATION_ACCESSIBILITY_HINGLISH_LATN_7
PILOT_T2_TR_001392,,SFAM_TICKETING_AND_PASSES_011,FAM_TICKETING_AND_PASSES_011,PARA_TICKETING_AND_PASSES_10_1,T2_MEDIUM_V1,ticketing_rules,GET_TICKETING_POLICY,Could you specify यात्रियों के लिए छात्र रियायती पास प्राप्त करने के नियम और प्रक्रिया क्या हैं? (पास F11)? #3,hi,Deva,CS0,N0,"{""ticket_type"": ""student_pass"", ""transport_mode"": ""पारगमन""}",{},ANSWERABLE_NOW,template_instantiation,TMPL_TICKETING_AND_PASSES_HI_DEVA_10
PILOT_T2_TR_001393,,SFAM_REALTIME_STATUS_QUERY_009,FAM_REALTIME_STATUS_QUERY_009,PARA_REALTIME_STATUS_QUERY_8_0,T2_MEDIUM_V1,realtime_status_query,REJECT_UNSUPPORTED_REALTIME,Where is bus 29A right now and what is its live location? [live F9],en,Latn,CS0,N0,"{""route_number"": ""29A"", ""transport_mode"": ""bus""}","{""route_id"": ""GTFS_ROUTE_18751""}",REQUIRES_REALTIME_DATA,template_instantiation,TMPL_REALTIME_STATUS_QUERY_EN_8
PILOT_T2_TR_001394,,SFAM_TICKETING_AND_PASSES_019,FAM_TICKETING_AND_PASSES_019,PARA_TICKETING_AND_PASSES_18_2,T2_MEDIUM_V1,ticketing_rules,GET_TICKETING_POLICY,Could you specify monthly pass recharge karne ka guidelines aur validity rule bataye. [card F19]? #3,hi,Latn,CS0,N0,"{""ticket_type"": ""monthly_pass"", ""transport_mode"": ""transit""}",{},ANSWERABLE_NOW,template_instantiation,TMPL_TICKETING_AND_PASSES_HI_LATN_18
PILOT_T2_TR_001395,,SFAM_FARE_CALCULATION_001,FAM_FARE_CALCULATION_001,PARA_FARE_CALCULATION_0_0,T2_MEDIUM_V1,fare_query,CALCULATE_FARE,Please tell: What is the single-journey ticket fare from Airport to High Court on metro? [fare F1] #2,en,Latn,CS0,N0,"{""origin"": ""Airport"", ""destination"": ""High Court"", ""fare_type"": ""token"", ""transport_mode"": ""metro""}","{""origin_id"": ""METRO_CHENNAI_INTERNATIONAL_AIRPORT"", ""destination_id"": ""METRO_HIGHCOURT""}",ANSWERABLE_NOW,template_instantiation,TMPL_FARE_CALCULATION_EN_0
PILOT_T2_TR_001396,,SFAM_MULTIMODAL_ROUTE_009,FAM_MULTIMODAL_ROUTE_009,PARA_MULTIMODAL_ROUTE_8_2,T2_MEDIUM_V1,route_query,PLAN_MULTIMODAL_ROUTE,madurantakam se saidapet bus aur metro switch karke shortest transit kya hai? [opt F9],hi,Latn,CS0,N1,"{""origin"": ""madurantakam"", ""destination"": ""saidapet"", ""transport_mode"": ""bus aur metro""}","{""origin_id"": ""BUS_5306412986"", ""destination_id"": ""METRO_SAIDAPET""}",ANSWERABLE_WITH_PROVISIONAL_DATA,template_instantiation,TMPL_MULTIMODAL_ROUTE_HI_LATN_8
PILOT_T2_TR_001397,,SFAM_SERVICE_FREQUENCY_016,FAM_SERVICE_FREQUENCY_016,PARA_SERVICE_FREQUENCY_15_0,T2_MEDIUM_V1,service_timing,GET_SERVICE_FREQUENCY,How many minutes between trains on the line connecting Saidapet and Guindy? [freq F16],en,Latn,CS0,N0,"{""origin"": ""Saidapet"", ""destination"": ""Guindy"", ""timing_type"": ""frequency"", ""transport_mode"": ""metro""}","{""origin_id"": ""METRO_SAIDAPET"", ""destination_id"": ""METRO_GUINDY""}",ANSWERABLE_NOW,template_instantiation,TMPL_SERVICE_FREQUENCY_EN_15
PILOT_T2_TR_001398,,SFAM_NEAREST_TRANSPORT_011,FAM_NEAREST_TRANSPORT_011,PARA_NEAREST_TRANSPORT_10_4,T2_MEDIUM_V1,nearest_transport,FIND_NEAREST_STATION,Marina Beach ke pass nearest metro stop connection distance bataye F11,hi-en,Deva+Latn,CS4,N0,"{""landmark"": ""Marina Beach"", ""transport_mode"": ""metro""}","{""place_id"": ""OSM_POI_12137617372""}",ANSWERABLE_NOW,template_instantiation,TMPL_NEAREST_TRANSPORT_MIXED_SCRIPT_CS_10
PILOT_T2_TR_001399,,SFAM_FARE_CALCULATION_003,FAM_FARE_CALCULATION_003,PARA_FARE_CALCULATION_2_0,T2_MEDIUM_V1,fare_query,CALCULATE_FARE,Could you specify What is the single-journey ticket fare from Guindy to Anna Nagar Tower on metro? [fare F3]? #3,en,Latn,CS0,N0,"{""origin"": ""Guindy"", ""destination"": ""Anna Nagar Tower"", ""fare_type"": ""token"", ""transport_mode"": ""metro""}","{""origin_id"": ""METRO_GUINDY"", ""destination_id"": ""METRO_ANNA_NAGAR_TOWER""}",ANSWERABLE_NOW,template_instantiation,TMPL_FARE_CALCULATION_EN_2
PILOT_T2_TR_001400,,SFAM_MULTIMODAL_ROUTE_019,FAM_MULTIMODAL_ROUTE_019,PARA_MULTIMODAL_ROUTE_18_3,T2_MEDIUM_V1,route_query,PLAN_MULTIMODAL_ROUTE,Please tell: Can you give combined bus and train route from Adyar to Koyambedu (F19)? #2,hi-en,Latn,CS3,N0,"{""origin"": ""Adyar"", ""destination"": ""Koyambedu"", ""transport_mode"": ""bus and train""}","{""origin_id"": ""BUS_2587520213"", ""destination_id"": ""METRO_KOYAMBEDU""}",ANSWERABLE_WITH_PROVISIONAL_DATA,template_instantiation,TMPL_MULTIMODAL_ROUTE_HINGLISH_LATN_18
PILOT_T2_TR_001401,,SFAM_INTERCHANGE_TRANSFER_007,FAM_INTERCHANGE_TRANSFER_007,PARA_INTERCHANGE_TRANSFER_6_3,T2_MEDIUM_V1,interchange_query,GET_INTERCHANGE_DETAILS,Please tell: Transfer walking time and directions at Vadapalani multimodal terminal (F7) #2,hi-en,Latn,CS3,N0,"{""station"": ""Vadapalani"", ""facility_type"": ""interchange""}","{""station_id"": ""METRO_VADAPALANI""}",ANSWERABLE_AFTER_MANUAL_VERIFICATION,template_instantiation,TMPL_INTERCHANGE_TRANSFER_HINGLISH_LATN_6
PILOT_T2_TR_001402,,SFAM_NEAREST_TRANSPORT_007,FAM_NEAREST_TRANSPORT_007,PARA_NEAREST_TRANSPORT_6_0,T2_MEDIUM_V1,nearest_transport,FIND_NEAREST_STATION,Transit query: Which is the nearest metro station or transit stop to Mother Child Hospital? [loc F7] #5,en,Latn,CS0,N0,"{""landmark"": ""Mother Child Hospital"", ""transport_mode"": ""metro""}","{""place_id"": ""OSM_POI_7257518731""}",ANSWERABLE_NOW,template_instantiation,TMPL_NEAREST_TRANSPORT_EN_6
PILOT_T2_TR_001403,,SFAM_STATION_ACCESSIBILITY_017,FAM_STATION_ACCESSIBILITY_017,PARA_STATION_ACCESSIBILITY_16_3,T2_MEDIUM_V1,accessibility,GET_ACCESSIBILITY_INFO,Please tell: Verification of accessible wheelchair ramp support at St. Thomas Mount metro (F17) #2,hi-en,Latn,CS3,N0,"{""station"": ""St. Thomas Mount"", ""accessibility_feature"": ""wheelchair"", ""transport_mode"": ""metro""}","{""station_id"": ""METRO_ST__THOMAS_MOUNT""}",ANSWERABLE_NOW,template_instantiation,TMPL_STATION_ACCESSIBILITY_HINGLISH_LATN_16
PILOT_T2_TR_001404,,SFAM_INTERCHANGE_TRANSFER_020,FAM_INTERCHANGE_TRANSFER_020,PARA_INTERCHANGE_TRANSFER_19_2,T2_MEDIUM_V1,interchange_query,GET_INTERCHANGE_DETAILS,Please tell: pachaiyappa college hub par metro line change karke vadapalani kaise jaye? [platform F20] #2,hi,Latn,CS0,N1,"{""station"": ""pachaiyappa college"", ""destination"": ""vadapalani"", ""facility_type"": ""interchange""}","{""station_id"": ""METRO_PACHAIYAPPA_S_COLLEGE"", ""destination_id"": ""METRO_VADAPALANI""}",ANSWERABLE_AFTER_MANUAL_VERIFICATION,template_instantiation,TMPL_INTERCHANGE_TRANSFER_HI_LATN_19
PILOT_T2_TR_001405,,SFAM_STATION_FACILITIES_007,FAM_STATION_FACILITIES_007,PARA_STATION_FACILITIES_6_2,T2_MEDIUM_V1,station_facilities,GET_STATION_FACILITY,kya vadapalani station par passenger ev charging station service available hai? [amenity F7],hi,Latn,CS0,N0,"{""station"": ""vadapalani"", ""facility_type"": ""ev_charging"", ""transport_mode"": ""metro""}","{""station_id"": ""METRO_VADAPALANI""}",ANSWERABLE_NOW,template_instantiation,TMPL_STATION_FACILITIES_HI_LATN_6
PILOT_T2_TR_001406,,SFAM_MODE_AVAILABILITY_003,FAM_MODE_AVAILABILITY_003,PARA_MODE_AVAILABILITY_2_0,T2_MEDIUM_V1,service_availability,CHECK_SERVICE_AVAILABILITY,"Hello assistant, Are there direct public transport options from Guindy to Adyar? [avail F3] #7",en,Latn,CS0,N1,"{""origin"": ""Guindy"", ""destination"": ""Adyar"", ""transport_mode"": ""any""}","{""origin_id"": ""METRO_GUINDY"", ""destination_id"": ""BUS_2587520213""}",ANSWERABLE_WITH_PROVISIONAL_DATA,template_instantiation,TMPL_MODE_AVAILABILITY_EN_2
PILOT_T2_TR_001407,,SFAM_POINT_TO_POINT_ROUTE_014,FAM_POINT_TO_POINT_ROUTE_014,PARA_POINT_TO_POINT_ROUTE_13_2,T2_MEDIUM_V1,route_query,PLAN_ROUTE,washermenpet se airport metro se travel kaise kare? [tarika F14],hi,Latn,CS0,N1,"{""origin"": ""washermenpet"", ""destination"": ""airport"", ""transport_mode"": ""metro""}","{""origin_id"": ""METRO_WASHERMENPET"", ""destination_id"": ""METRO_CHENNAI_INTERNATIONAL_AIRPORT""}",ANSWERABLE_WITH_PROVISIONAL_DATA,template_instantiation,TMPL_POINT_TO_POINT_ROUTE_HI_LATN_13
PILOT_T2_TR_001408,,SFAM_INTERCHANGE_TRANSFER_003,FAM_INTERCHANGE_TRANSFER_003,PARA_INTERCHANGE_TRANSFER_2_1,T2_MEDIUM_V1,interchange_query,GET_INTERCHANGE_DETAILS,Could you specify गिंडी इंटरचेंज पर दूसरी लाइन में ट्रांसफर करने का मार्ग क्या है? (बदलाव F3)? #3,hi,Deva,CS0,N0,"{""station"": ""गिंडी"", ""facility_type"": ""इंटरचेंज""}","{""station_id"": ""METRO_GUINDY""}",ANSWERABLE_AFTER_MANUAL_VERIFICATION,template_instantiation,TMPL_INTERCHANGE_TRANSFER_HI_DEVA_2
PILOT_T2_TR_001409,,SFAM_MODE_AVAILABILITY_004,FAM_MODE_AVAILABILITY_004,PARA_MODE_AVAILABILITY_3_1,T2_MEDIUM_V1,service_availability,CHECK_SERVICE_AVAILABILITY,"Excuse me, क्या आलंदूर से वेलाचेरी के लिए कोई सार्वजनिक बस या ट्रेन उपलब्ध है? (उपलब्धता F4) #6",hi,Deva,CS0,N0,"{""origin"": ""आलंदूर"", ""destination"": ""वेलाचेरी"", ""transport_mode"": ""सार्वजनिक बस या ट्रेन""}","{""origin_id"": ""METRO_ARIGNAR_ANNA_ALANDUR"", ""destination_id"": ""BUS_1764308008""}",ANSWERABLE_WITH_PROVISIONAL_DATA,template_instantiation,TMPL_MODE_AVAILABILITY_HI_DEVA_3
PILOT_T2_TR_001410,,SFAM_POINT_TO_POINT_ROUTE_018,FAM_POINT_TO_POINT_ROUTE_018,PARA_POINT_TO_POINT_ROUTE_17_1,T2_MEDIUM_V1,route_query,PLAN_ROUTE,नेहरू पार्क से सीएमबीटी मेट्रो से जाने का रास्ता क्या है? (प्रारूप F18),hi,Deva,CS0,N0,"{""origin"": ""नेहरू पार्क"", ""destination"": ""सीएमबीटी"", ""transport_mode"": ""मेट्रो""}","{""origin_id"": ""METRO_NEHRU_PARK"", ""destination_id"": ""METRO_PURATCHI_THALAIVI_DR_J_JAYALALITHAA_CMBT""}",ANSWERABLE_WITH_PROVISIONAL_DATA,template_instantiation,TMPL_POINT_TO_POINT_ROUTE_HI_DEVA_17
PILOT_T2_TR_001411,,SFAM_TICKETING_AND_PASSES_015,FAM_TICKETING_AND_PASSES_015,PARA_TICKETING_AND_PASSES_14_1,T2_MEDIUM_V1,ticketing_rules,GET_TICKETING_POLICY,Please tell: यात्रियों के लिए क्यूआर टिकट प्राप्त करने के नियम और प्रक्रिया क्या हैं? (पास F15) #2,hi,Deva,CS0,N0,"{""ticket_type"": ""qr_ticket"", ""transport_mode"": ""पारगमन""}",{},ANSWERABLE_NOW,template_instantiation,TMPL_TICKETING_AND_PASSES_HI_DEVA_14
PILOT_T2_TR_001412,,SFAM_REALTIME_STATUS_QUERY_016,FAM_REALTIME_STATUS_QUERY_016,PARA_REALTIME_STATUS_QUERY_15_3,T2_MEDIUM_V1,realtime_status_query,REJECT_UNSUPPORTED_REALTIME,Transit query: Live crowd density and train arrival countdown at Saidapet right now (F16) #5,hi-en,Latn,CS3,N0,"{""station"": ""Saidapet"", ""transport_mode"": ""metro""}","{""station_id"": ""METRO_SAIDAPET""}",REQUIRES_REALTIME_DATA,template_instantiation,TMPL_REALTIME_STATUS_QUERY_HINGLISH_LATN_15
PILOT_T2_TR_001413,,SFAM_FARE_CALCULATION_002,FAM_FARE_CALCULATION_002,PARA_FARE_CALCULATION_1_2,T2_MEDIUM_V1,fare_query,CALCULATE_FARE,Could you specify chennai central se thirumangalam metro ride ka standard ticket cost kitna hoga? [kiraya F2]? #3,hi,Latn,CS0,N0,"{""origin"": ""chennai central"", ""destination"": ""thirumangalam"", ""transport_mode"": ""metro""}","{""origin_id"": ""METRO_PURATCHI_THALAIVAR_DR__M_G_RAMACHANDRAN_CENTRAL"", ""destination_id"": ""METRO_THIRUMANGALAM""}",ANSWERABLE_NOW,template_instantiation,TMPL_FARE_CALCULATION_HI_LATN_1
PILOT_T2_TR_001414,,SFAM_INTERCHANGE_TRANSFER_007,FAM_INTERCHANGE_TRANSFER_007,PARA_INTERCHANGE_TRANSFER_6_1,T2_MEDIUM_V1,interchange_query,GET_INTERCHANGE_DETAILS,"Excuse me, वडपलनी इंटरचेंज पर दूसरी लाइन में ट्रांसफर करने का मार्ग क्या है? (बदलाव F7) #6",hi,Deva,CS0,N0,"{""station"": ""वडपलनी"", ""facility_type"": ""इंटरचेंज""}","{""station_id"": ""METRO_VADAPALANI""}",ANSWERABLE_AFTER_MANUAL_VERIFICATION,template_instantiation,TMPL_INTERCHANGE_TRANSFER_HI_DEVA_6
PILOT_T2_TR_001415,,SFAM_POINT_TO_POINT_ROUTE_018,FAM_POINT_TO_POINT_ROUTE_018,PARA_POINT_TO_POINT_ROUTE_17_4,T2_MEDIUM_V1,route_query,PLAN_ROUTE,Nehru Park से CMBT direct metro connection bataye route plan F18,hi-en,Deva+Latn,CS4,N0,"{""origin"": ""Nehru Park"", ""destination"": ""CMBT"", ""transport_mode"": ""metro""}","{""origin_id"": ""METRO_NEHRU_PARK"", ""destination_id"": ""METRO_PURATCHI_THALAIVI_DR_J_JAYALALITHAA_CMBT""}",ANSWERABLE_WITH_PROVISIONAL_DATA,template_instantiation,TMPL_POINT_TO_POINT_ROUTE_MIXED_SCRIPT_CS_17
PILOT_T2_TR_001416,,SFAM_MODE_AVAILABILITY_007,FAM_MODE_AVAILABILITY_007,PARA_MODE_AVAILABILITY_6_3,T2_MEDIUM_V1,service_availability,CHECK_SERVICE_AVAILABILITY,"Excuse me, Is public transit operational connecting Vadapalani and Thiruvanmiyur (F7)? #6",hi-en,Latn,CS3,N2,"{""origin"": ""Vadapalani"", ""destination"": ""Thiruvanmiyur"", ""transport_mode"": ""public transit""}","{""origin_id"": ""METRO_VADAPALANI"", ""destination_id"": ""BUS_3247310920""}",ANSWERABLE_WITH_PROVISIONAL_DATA,template_instantiation,TMPL_MODE_AVAILABILITY_HINGLISH_LATN_6
PILOT_T2_TR_001417,,SFAM_OUT_OF_SCOPE_009,FAM_OUT_OF_SCOPE_009,PARA_OUT_OF_SCOPE_8_3,T2_MEDIUM_V1,out_of_scope,REJECT_OUT_OF_SCOPE,"Excuse me, What is the general weather rain forecast in Chennai near Karpaga Institute today (F9)? #6",hi-en,Latn,CS3,N2,"{""landmark"": ""Karpaga Institute""}","{""place_id"": ""OSM_POI_3082849503""}",OUT_OF_SCOPE,template_instantiation,TMPL_OUT_OF_SCOPE_HINGLISH_LATN_8
PILOT_T2_TR_001418,,SFAM_NEAREST_TRANSPORT_007,FAM_NEAREST_TRANSPORT_007,PARA_NEAREST_TRANSPORT_6_2,T2_MEDIUM_V1,nearest_transport,FIND_NEAREST_STATION,Could you specify mother child hospital se closest walking distance metro transit point kaunsa hai? [paas F7]? #3,hi,Latn,CS0,N0,"{""landmark"": ""mother child hospital"", ""transport_mode"": ""metro""}","{""place_id"": ""OSM_POI_7257518731""}",ANSWERABLE_NOW,template_instantiation,TMPL_NEAREST_TRANSPORT_HI_LATN_6
PILOT_T2_TR_001419,,SFAM_OUT_OF_SCOPE_005,FAM_OUT_OF_SCOPE_005,PARA_OUT_OF_SCOPE_4_4,T2_MEDIUM_V1,out_of_scope,REJECT_OUT_OF_SCOPE,CMBT ke pass hotel reservation aur movie ticket booking service F5,hi-en,Deva+Latn,CS4,N0,"{""station"": ""CMBT""}","{""station_id"": ""METRO_PURATCHI_THALAIVI_DR_J_JAYALALITHAA_CMBT""}",OUT_OF_SCOPE,template_instantiation,TMPL_OUT_OF_SCOPE_MIXED_SCRIPT_CS_4
PILOT_T2_TR_001420,,SFAM_REALTIME_STATUS_QUERY_013,FAM_REALTIME_STATUS_QUERY_013,PARA_REALTIME_STATUS_QUERY_12_3,T2_MEDIUM_V1,realtime_status_query,REJECT_UNSUPPORTED_REALTIME,"Excuse me, Live crowd density and train arrival countdown at Wimco Nagar Depot right now (F13) #6",hi-en,Latn,CS3,N2,"{""station"": ""Wimco Nagar Depot"", ""transport_mode"": ""metro""}","{""station_id"": ""METRO_WIMCO_NAGAR""}",REQUIRES_REALTIME_DATA,template_instantiation,TMPL_REALTIME_STATUS_QUERY_HINGLISH_LATN_12
PILOT_T2_TR_001421,,SFAM_MODE_AVAILABILITY_002,FAM_MODE_AVAILABILITY_002,PARA_MODE_AVAILABILITY_1_1,T2_MEDIUM_V1,service_availability,CHECK_SERVICE_AVAILABILITY,"Hello assistant, क्या चेन्नई सेंट्रल से ब्रॉडवे के लिए कोई सार्वजनिक बस या ट्रेन उपलब्ध है? (उपलब्धता F2) #7",hi,Deva,CS0,N1,"{""origin"": ""चेन्नई सेंट्रल"", ""destination"": ""ब्रॉडवे"", ""transport_mode"": ""सार्वजनिक बस या ट्रेन""}","{""origin_id"": ""METRO_PURATCHI_THALAIVAR_DR__M_G_RAMACHANDRAN_CENTRAL"", ""destination_id"": ""BUS_27618346""}",ANSWERABLE_WITH_PROVISIONAL_DATA,template_instantiation,TMPL_MODE_AVAILABILITY_HI_DEVA_1
PILOT_T2_TR_001422,,SFAM_SCHEDULED_DEPARTURE_003,FAM_SCHEDULED_DEPARTURE_003,PARA_SCHEDULED_DEPARTURE_2_0,T2_MEDIUM_V1,service_timing,GET_SCHEDULED_DEPARTURES,Show metro departure timetable at bare 8 o'clock from Guindy [sched F3],en,Latn,CS0,N0,"{""origin"": ""Guindy"", ""time"": ""8 o'clock"", ""temporal_ambiguity"": true, ""dual_candidates"": [""08:00:00"", ""20:00:00""]}","{""origin_id"": ""METRO_GUINDY""}",ANSWERABLE_NOW,template_instantiation,TMPL_SCHEDULED_DEPARTURE_EN_2
PILOT_T2_TR_001423,,SFAM_TICKETING_AND_PASSES_019,FAM_TICKETING_AND_PASSES_019,PARA_TICKETING_AND_PASSES_18_0,T2_MEDIUM_V1,ticketing_rules,GET_TICKETING_POLICY,What are the rules and procedure to purchase a Monthly Season Pass for commuters? [pass F19],en,Latn,CS0,N0,"{""ticket_type"": ""monthly_pass"", ""transport_mode"": ""transit""}",{},ANSWERABLE_NOW,template_instantiation,TMPL_TICKETING_AND_PASSES_EN_18
PILOT_T2_TR_001424,,SFAM_OUT_OF_SCOPE_001,FAM_OUT_OF_SCOPE_001,PARA_OUT_OF_SCOPE_0_1,T2_MEDIUM_V1,out_of_scope,REJECT_OUT_OF_SCOPE,एयरपोर्ट के निकटतम सबसे अच्छे रेस्टोरेंट और भोजनालय की सूची दें। (बाहर F1),hi,Deva,CS0,N0,"{""station"": ""एयरपोर्ट""}","{""station_id"": ""METRO_CHENNAI_INTERNATIONAL_AIRPORT""}",OUT_OF_SCOPE,template_instantiation,TMPL_OUT_OF_SCOPE_HI_DEVA_0
PILOT_T2_TR_001425,,SFAM_TICKETING_AND_PASSES_020,FAM_TICKETING_AND_PASSES_020,PARA_TICKETING_AND_PASSES_19_0,T2_MEDIUM_V1,ticketing_rules,GET_TICKETING_POLICY,Quick check: What are the rules and procedure to purchase a Smart Card for commuters? [pass F20] #4,en,Latn,CS0,N0,"{""ticket_type"": ""smart_card"", ""transport_mode"": ""transit""}",{},ANSWERABLE_NOW,template_instantiation,TMPL_TICKETING_AND_PASSES_EN_19
PILOT_T2_TR_001426,,SFAM_STATION_FACILITIES_016,FAM_STATION_FACILITIES_016,PARA_STATION_FACILITIES_15_0,T2_MEDIUM_V1,station_facilities,GET_STATION_FACILITY,Could you specify Is bicycle parking stand facility available at Saidapet metro station? [fac F16]? #3,en,Latn,CS0,N0,"{""station"": ""Saidapet"", ""facility_type"": ""bicycle_stand"", ""transport_mode"": ""metro""}","{""station_id"": ""METRO_SAIDAPET""}",ANSWERABLE_NOW,template_instantiation,TMPL_STATION_FACILITIES_EN_15
PILOT_T2_TR_001427,,SFAM_INTERCHANGE_TRANSFER_003,FAM_INTERCHANGE_TRANSFER_003,PARA_INTERCHANGE_TRANSFER_2_3,T2_MEDIUM_V1,interchange_query,GET_INTERCHANGE_DETAILS,Quick check: Transfer walking time and directions at Guindy multimodal terminal (F3) #4,hi-en,Latn,CS3,N2,"{""station"": ""Guindy"", ""facility_type"": ""interchange""}","{""station_id"": ""METRO_GUINDY""}",ANSWERABLE_AFTER_MANUAL_VERIFICATION,template_instantiation,TMPL_INTERCHANGE_TRANSFER_HINGLISH_LATN_2
PILOT_T2_TR_001428,,SFAM_NEAREST_TRANSPORT_001,FAM_NEAREST_TRANSPORT_001,PARA_NEAREST_TRANSPORT_0_1,T2_MEDIUM_V1,nearest_transport,FIND_NEAREST_STATION,मरीना बीच के सबसे निकटतम मेट्रो स्टेशन या बस स्टॉप कौन सा है? (निकट F1),hi,Deva,CS0,N0,"{""landmark"": ""मरीना बीच"", ""transport_mode"": ""मेट्रो या बस""}","{""place_id"": ""OSM_POI_12137617372""}",ANSWERABLE_NOW,template_instantiation,TMPL_NEAREST_TRANSPORT_HI_DEVA_0
PILOT_T2_TR_001429,,SFAM_FARE_CALCULATION_009,FAM_FARE_CALCULATION_009,PARA_FARE_CALCULATION_8_4,T2_MEDIUM_V1,fare_query,CALCULATE_FARE,Could you specify Thirumangalam से Saidapet metro travel ka discounted smart card fare kya hai F9? #3,hi-en,Deva+Latn,CS4,N0,"{""origin"": ""Thirumangalam"", ""destination"": ""Saidapet"", ""ticket_type"": ""smart_card"", ""transport_mode"": ""metro""}","{""origin_id"": ""METRO_THIRUMANGALAM"", ""destination_id"": ""METRO_SAIDAPET""}",ANSWERABLE_NOW,template_instantiation,TMPL_FARE_CALCULATION_MIXED_SCRIPT_CS_8
PILOT_T2_TR_001430,,SFAM_MULTIMODAL_ROUTE_013,FAM_MULTIMODAL_ROUTE_013,PARA_MULTIMODAL_ROUTE_12_1,T2_MEDIUM_V1,route_query,PLAN_MULTIMODAL_ROUTE,Could you specify नेलवॉय से पचैयप्पा कॉलेज बस और मेट्रो मिलाकर सबसे तेज़ मार्ग कौन सा है? (योजना F13)? #3,hi,Deva,CS0,N0,"{""origin"": ""नेलवॉय"", ""destination"": ""पचैयप्पा कॉलेज"", ""transport_mode"": ""बस और मेट्रो""}","{""origin_id"": ""BUS_469106564"", ""destination_id"": ""METRO_PACHAIYAPPA_S_COLLEGE""}",ANSWERABLE_WITH_PROVISIONAL_DATA,template_instantiation,TMPL_MULTIMODAL_ROUTE_HI_DEVA_12
PILOT_T2_TR_001431,,SFAM_ROUTE_STOP_SEQUENCE_011,FAM_ROUTE_STOP_SEQUENCE_011,PARA_ROUTE_STOP_SEQUENCE_10_1,T2_MEDIUM_V1,route_stops,LIST_ROUTE_STOPS,बस रूट 11 R के सभी ठहरावों की क्रमबद्ध सूची दिखाएं। (क्रम F11),hi,Deva,CS0,N0,"{""route_number"": ""11 R"", ""transport_mode"": ""बस""}","{""route_id"": ""GTFS_ROUTE_23728""}",ANSWERABLE_WITH_PROVISIONAL_DATA,template_instantiation,TMPL_ROUTE_STOP_SEQUENCE_HI_DEVA_10
PILOT_T2_TR_001432,,SFAM_ROUTE_STOP_SEQUENCE_011,FAM_ROUTE_STOP_SEQUENCE_011,PARA_ROUTE_STOP_SEQUENCE_10_2,T2_MEDIUM_V1,route_stops,LIST_ROUTE_STOPS,Please tell: Route 11 R bus ke sare consecutive stops ki list check kare. [line F11] #2,hi,Latn,CS0,N0,"{""route_number"": ""11 R"", ""transport_mode"": ""bus""}","{""route_id"": ""GTFS_ROUTE_23728""}",ANSWERABLE_WITH_PROVISIONAL_DATA,template_instantiation,TMPL_ROUTE_STOP_SEQUENCE_HI_LATN_10
PILOT_T2_TR_001433,,SFAM_STATION_FACILITIES_001,FAM_STATION_FACILITIES_001,PARA_STATION_FACILITIES_0_1,T2_MEDIUM_V1,station_facilities,GET_STATION_FACILITY,"Excuse me, क्या एयरपोर्ट मेट्रो स्टेशन पर कार पार्किंग की व्यवस्था उपलब्ध है? (सुविधा F1) #6",hi,Deva,CS0,N0,"{""station"": ""एयरपोर्ट"", ""facility_type"": ""parking"", ""transport_mode"": ""मेट्रो""}","{""station_id"": ""METRO_CHENNAI_INTERNATIONAL_AIRPORT""}",ANSWERABLE_NOW,template_instantiation,TMPL_STATION_FACILITIES_HI_DEVA_0
PILOT_T2_TR_001434,,SFAM_FIRST_AND_LAST_SERVICE_006,FAM_FIRST_AND_LAST_SERVICE_006,PARA_FIRST_AND_LAST_SERVICE_5_2,T2_MEDIUM_V1,service_timing,GET_FIRST_LAST_SERVICE,koyambedu se wimco nagar depot first morning aur last night metro departure timing batao [samay F6],hi,Latn,CS0,N0,"{""origin"": ""koyambedu"", ""destination"": ""wimco nagar depot"", ""timing_type"": ""first_last"", ""transport_mode"": ""metro""}","{""origin_id"": ""METRO_KOYAMBEDU"", ""destination_id"": ""METRO_WIMCO_NAGAR""}",ANSWERABLE_NOW,template_instantiation,TMPL_FIRST_AND_LAST_SERVICE_HI_LATN_5
PILOT_T2_TR_001435,,SFAM_STATION_FACILITIES_009,FAM_STATION_FACILITIES_009,PARA_STATION_FACILITIES_8_1,T2_MEDIUM_V1,station_facilities,GET_STATION_FACILITY,Please tell: क्या तिरुमंगलम मेट्रो स्टेशन पर कार पार्किंग की व्यवस्था उपलब्ध है? (सुविधा F9) #2,hi,Deva,CS0,N0,"{""station"": ""तिरुमंगलम"", ""facility_type"": ""parking"", ""transport_mode"": ""मेट्रो""}","{""station_id"": ""METRO_THIRUMANGALAM""}",ANSWERABLE_NOW,template_instantiation,TMPL_STATION_FACILITIES_HI_DEVA_8
PILOT_T2_TR_001436,,SFAM_NEAREST_TRANSPORT_012,FAM_NEAREST_TRANSPORT_012,PARA_NEAREST_TRANSPORT_11_4,T2_MEDIUM_V1,nearest_transport,FIND_NEAREST_STATION,Please tell: IIT Madras ke pass nearest metro stop connection distance bataye F12 #2,hi-en,Deva+Latn,CS4,N0,"{""landmark"": ""IIT Madras"", ""transport_mode"": ""metro""}","{""place_id"": ""OSM_POI_11013406019""}",ANSWERABLE_NOW,template_instantiation,TMPL_NEAREST_TRANSPORT_MIXED_SCRIPT_CS_11
PILOT_T2_TR_001437,,SFAM_OUT_OF_SCOPE_003,FAM_OUT_OF_SCOPE_003,PARA_OUT_OF_SCOPE_2_2,T2_MEDIUM_V1,out_of_scope,REJECT_OUT_OF_SCOPE,guindy airport terminal ke flight delay timings check kijiye. [bahar F3],hi,Latn,CS0,N0,"{""station"": ""guindy""}","{""station_id"": ""METRO_GUINDY""}",OUT_OF_SCOPE,template_instantiation,TMPL_OUT_OF_SCOPE_HI_LATN_2
PILOT_T2_TR_001438,,SFAM_STATION_FACILITIES_002,FAM_STATION_FACILITIES_002,PARA_STATION_FACILITIES_1_0,T2_MEDIUM_V1,station_facilities,GET_STATION_FACILITY,Could you specify Is two-wheeler bike parking facility available at Chennai Central metro station? [fac F2]? #3,en,Latn,CS0,N0,"{""station"": ""Chennai Central"", ""facility_type"": ""two_wheeler_parking"", ""transport_mode"": ""metro""}","{""station_id"": ""METRO_PURATCHI_THALAIVAR_DR__M_G_RAMACHANDRAN_CENTRAL""}",ANSWERABLE_NOW,template_instantiation,TMPL_STATION_FACILITIES_EN_1
PILOT_T2_TR_001439,,SFAM_REALTIME_STATUS_QUERY_017,FAM_REALTIME_STATUS_QUERY_017,PARA_REALTIME_STATUS_QUERY_16_1,T2_MEDIUM_V1,realtime_status_query,REJECT_UNSUPPORTED_REALTIME,Please tell: क्या सेंट थॉमस माउंट से आने वाली ट्रेन अभी लेट चल रही है लाइव स्थिति बताएं? (ताज़ा F17) #2,hi,Deva,CS0,N0,"{""origin"": ""सेंट थॉमस माउंट"", ""transport_mode"": ""ट्रेन""}","{""origin_id"": ""METRO_ST__THOMAS_MOUNT""}",REQUIRES_REALTIME_DATA,template_instantiation,TMPL_REALTIME_STATUS_QUERY_HI_DEVA_16
PILOT_T2_TR_001440,,SFAM_INTERCHANGE_TRANSFER_019,FAM_INTERCHANGE_TRANSFER_019,PARA_INTERCHANGE_TRANSFER_18_2,T2_MEDIUM_V1,interchange_query,GET_INTERCHANGE_DETAILS,kilpauk hub par metro line change karke koyambedu kaise jaye? [platform F19],hi,Latn,CS0,N0,"{""station"": ""kilpauk"", ""destination"": ""koyambedu"", ""facility_type"": ""interchange""}","{""station_id"": ""METRO_KILPAUK"", ""destination_id"": ""METRO_KOYAMBEDU""}",ANSWERABLE_AFTER_MANUAL_VERIFICATION,template_instantiation,TMPL_INTERCHANGE_TRANSFER_HI_LATN_18
PILOT_T2_TR_001441,,SFAM_MODE_AVAILABILITY_019,FAM_MODE_AVAILABILITY_019,PARA_MODE_AVAILABILITY_18_2,T2_MEDIUM_V1,service_availability,CHECK_SERVICE_AVAILABILITY,Please tell: kilpauk se adyar tak direct transit options available hain kya? [suvidha F19] #2,hi,Latn,CS0,N1,"{""origin"": ""kilpauk"", ""destination"": ""adyar"", ""transport_mode"": ""any""}","{""origin_id"": ""METRO_KILPAUK"", ""destination_id"": ""BUS_2587520213""}",ANSWERABLE_WITH_PROVISIONAL_DATA,template_instantiation,TMPL_MODE_AVAILABILITY_HI_LATN_18
PILOT_T2_TR_001442,,SFAM_FARE_CALCULATION_009,FAM_FARE_CALCULATION_009,PARA_FARE_CALCULATION_8_2,T2_MEDIUM_V1,fare_query,CALCULATE_FARE,thirumangalam se saidapet metro ride ka standard ticket cost kitna hoga? [kiraya F9],hi,Latn,CS0,N0,"{""origin"": ""thirumangalam"", ""destination"": ""saidapet"", ""transport_mode"": ""metro""}","{""origin_id"": ""METRO_THIRUMANGALAM"", ""destination_id"": ""METRO_SAIDAPET""}",ANSWERABLE_NOW,template_instantiation,TMPL_FARE_CALCULATION_HI_LATN_8
PILOT_T2_TR_001443,,SFAM_STATION_ACCESSIBILITY_017,FAM_STATION_ACCESSIBILITY_017,PARA_STATION_ACCESSIBILITY_16_3,T2_MEDIUM_V1,accessibility,GET_ACCESSIBILITY_INFO,Quick check: Verification of accessible wheelchair ramp support at St. Thomas Mount metro (F17) #4,hi-en,Latn,CS3,N0,"{""station"": ""St. Thomas Mount"", ""accessibility_feature"": ""wheelchair"", ""transport_mode"": ""metro""}","{""station_id"": ""METRO_ST__THOMAS_MOUNT""}",ANSWERABLE_NOW,template_instantiation,TMPL_STATION_ACCESSIBILITY_HINGLISH_LATN_16
PILOT_T2_TR_001444,,SFAM_REALTIME_STATUS_QUERY_012,FAM_REALTIME_STATUS_QUERY_012,PARA_REALTIME_STATUS_QUERY_11_3,T2_MEDIUM_V1,realtime_status_query,REJECT_UNSUPPORTED_REALTIME,Quick check: Live crowd density and train arrival countdown at Thousand Lights right now (F12) #4,hi-en,Latn,CS3,N0,"{""station"": ""Thousand Lights"", ""transport_mode"": ""metro""}","{""station_id"": ""METRO_THOUSAND_LIGHTS""}",REQUIRES_REALTIME_DATA,template_instantiation,TMPL_REALTIME_STATUS_QUERY_HINGLISH_LATN_11
PILOT_T2_TR_001445,,SFAM_SCHEDULED_DEPARTURE_002,FAM_SCHEDULED_DEPARTURE_002,PARA_SCHEDULED_DEPARTURE_1_0,T2_MEDIUM_V1,service_timing,GET_SCHEDULED_DEPARTURES,Please tell: Show metro departure timetable at bare 8 o'clock from Chennai Central [sched F2] #2,en,Latn,CS0,N0,"{""origin"": ""Chennai Central"", ""time"": ""8 o'clock"", ""temporal_ambiguity"": true, ""dual_candidates"": [""08:00:00"", ""20:00:00""]}","{""origin_id"": ""METRO_PURATCHI_THALAIVAR_DR__M_G_RAMACHANDRAN_CENTRAL""}",ANSWERABLE_NOW,template_instantiation,TMPL_SCHEDULED_DEPARTURE_EN_1
PILOT_T2_TR_001446,,SFAM_MULTIMODAL_ROUTE_009,FAM_MULTIMODAL_ROUTE_009,PARA_MULTIMODAL_ROUTE_8_3,T2_MEDIUM_V1,route_query,PLAN_MULTIMODAL_ROUTE,Could you specify Can you give combined bus and train route from Madurantakam to Saidapet (F9)?? #3,hi-en,Latn,CS3,N2,"{""origin"": ""Madurantakam"", ""destination"": ""Saidapet"", ""transport_mode"": ""bus and train""}","{""origin_id"": ""BUS_5306412986"", ""destination_id"": ""METRO_SAIDAPET""}",ANSWERABLE_WITH_PROVISIONAL_DATA,template_instantiation,TMPL_MULTIMODAL_ROUTE_HINGLISH_LATN_8
PILOT_T2_TR_001447,,SFAM_INTERCHANGE_TRANSFER_009,FAM_INTERCHANGE_TRANSFER_009,PARA_INTERCHANGE_TRANSFER_8_1,T2_MEDIUM_V1,interchange_query,GET_INTERCHANGE_DETAILS,Transit query: तिरुमंगलम इंटरचेंज पर दूसरी लाइन में ट्रांसफर करने का मार्ग क्या है? (बदलाव F9) #5,hi,Deva,CS0,N2,"{""station"": ""तिरुमंगलम"", ""facility_type"": ""इंटरचेंज""}","{""station_id"": ""METRO_THIRUMANGALAM""}",ANSWERABLE_AFTER_MANUAL_VERIFICATION,template_instantiation,TMPL_INTERCHANGE_TRANSFER_HI_DEVA_8
PILOT_T2_TR_001448,,SFAM_REALTIME_STATUS_QUERY_009,FAM_REALTIME_STATUS_QUERY_009,PARA_REALTIME_STATUS_QUERY_8_3,T2_MEDIUM_V1,realtime_status_query,REJECT_UNSUPPORTED_REALTIME,Transit query: Live crowd density and train arrival countdown at Thirumangalam right now (F9) #5,hi-en,Latn,CS3,N1,"{""station"": ""Thirumangalam"", ""transport_mode"": ""metro""}","{""station_id"": ""METRO_THIRUMANGALAM""}",REQUIRES_REALTIME_DATA,template_instantiation,TMPL_REALTIME_STATUS_QUERY_HINGLISH_LATN_8
PILOT_T2_TR_001449,,SFAM_ROUTE_STOP_SEQUENCE_016,FAM_ROUTE_STOP_SEQUENCE_016,PARA_ROUTE_STOP_SEQUENCE_15_0,T2_MEDIUM_V1,route_stops,LIST_ROUTE_STOPS,Could you specify List every intermediate stop along route 21G in order. [seq F16]? #3,en,Latn,CS0,N0,"{""route_number"": ""21G"", ""transport_mode"": ""bus""}","{""route_id"": ""GTFS_ROUTE_8458""}",ANSWERABLE_WITH_PROVISIONAL_DATA,template_instantiation,TMPL_ROUTE_STOP_SEQUENCE_EN_15
PILOT_T2_TR_001450,,SFAM_FARE_CALCULATION_001,FAM_FARE_CALCULATION_001,PARA_FARE_CALCULATION_0_0,T2_MEDIUM_V1,fare_query,CALCULATE_FARE,Quick check: What is the single-journey ticket fare from Airport to High Court on metro? [fare F1] #4,en,Latn,CS0,N0,"{""origin"": ""Airport"", ""destination"": ""High Court"", ""fare_type"": ""token"", ""transport_mode"": ""metro""}","{""origin_id"": ""METRO_CHENNAI_INTERNATIONAL_AIRPORT"", ""destination_id"": ""METRO_HIGHCOURT""}",ANSWERABLE_NOW,template_instantiation,TMPL_FARE_CALCULATION_EN_0
PILOT_T2_TR_001451,,SFAM_FIRST_AND_LAST_SERVICE_004,FAM_FIRST_AND_LAST_SERVICE_004,PARA_FIRST_AND_LAST_SERVICE_3_3,T2_MEDIUM_V1,service_timing,GET_FIRST_LAST_SERVICE,First train and last train operational hours between Alandur and Egmore (F4),hi-en,Latn,CS3,N1,"{""origin"": ""Alandur"", ""destination"": ""Egmore"", ""timing_type"": ""first_last"", ""transport_mode"": ""train""}","{""origin_id"": ""METRO_ARIGNAR_ANNA_ALANDUR"", ""destination_id"": ""METRO_EGMORE""}",ANSWERABLE_NOW,template_instantiation,TMPL_FIRST_AND_LAST_SERVICE_HINGLISH_LATN_3
PILOT_T2_TR_001452,,SFAM_STATION_ACCESSIBILITY_014,FAM_STATION_ACCESSIBILITY_014,PARA_STATION_ACCESSIBILITY_13_2,T2_MEDIUM_V1,accessibility,GET_ACCESSIBILITY_INFO,kya washermenpet metro station me wheelchair disabled ke liye passenger lift hai? [barrier-free F14],hi,Latn,CS0,N0,"{""station"": ""washermenpet"", ""accessibility_feature"": ""lift"", ""transport_mode"": ""metro""}","{""station_id"": ""METRO_WASHERMENPET""}",ANSWERABLE_NOW,template_instantiation,TMPL_STATION_ACCESSIBILITY_HI_LATN_13
PILOT_T2_TR_001453,,SFAM_REALTIME_STATUS_QUERY_016,FAM_REALTIME_STATUS_QUERY_016,PARA_REALTIME_STATUS_QUERY_15_0,T2_MEDIUM_V1,realtime_status_query,REJECT_UNSUPPORTED_REALTIME,Could you specify Where is bus 21G right now and what is its live location? [live F16]? #3,en,Latn,CS0,N0,"{""route_number"": ""21G"", ""transport_mode"": ""bus""}","{""route_id"": ""GTFS_ROUTE_8458""}",REQUIRES_REALTIME_DATA,template_instantiation,TMPL_REALTIME_STATUS_QUERY_EN_15
PILOT_T2_TR_001454,,SFAM_POINT_TO_POINT_ROUTE_002,FAM_POINT_TO_POINT_ROUTE_002,PARA_POINT_TO_POINT_ROUTE_1_1,T2_MEDIUM_V1,route_query,PLAN_ROUTE,Quick check: चेन्नई सेंट्रल से तिरुमंगलम मेट्रो से जाने का रास्ता क्या है? (प्रारूप F2) #4,hi,Deva,CS0,N0,"{""origin"": ""चेन्नई सेंट्रल"", ""destination"": ""तिरुमंगलम"", ""transport_mode"": ""मेट्रो""}","{""origin_id"": ""METRO_PURATCHI_THALAIVAR_DR__M_G_RAMACHANDRAN_CENTRAL"", ""destination_id"": ""METRO_THIRUMANGALAM""}",ANSWERABLE_WITH_PROVISIONAL_DATA,template_instantiation,TMPL_POINT_TO_POINT_ROUTE_HI_DEVA_1
PILOT_T2_TR_001455,,SFAM_MODE_AVAILABILITY_005,FAM_MODE_AVAILABILITY_005,PARA_MODE_AVAILABILITY_4_0,T2_MEDIUM_V1,service_availability,CHECK_SERVICE_AVAILABILITY,Could you specify Are there direct public transport options from CMBT to Besant Nagar? [avail F5]? #3,en,Latn,CS0,N0,"{""origin"": ""CMBT"", ""destination"": ""Besant Nagar"", ""transport_mode"": ""any""}","{""origin_id"": ""METRO_PURATCHI_THALAIVI_DR_J_JAYALALITHAA_CMBT"", ""destination_id"": ""BUS_417750654""}",ANSWERABLE_WITH_PROVISIONAL_DATA,template_instantiation,TMPL_MODE_AVAILABILITY_EN_4
PILOT_T2_TR_001456,,SFAM_NEAREST_TRANSPORT_020,FAM_NEAREST_TRANSPORT_020,PARA_NEAREST_TRANSPORT_19_2,T2_MEDIUM_V1,nearest_transport,FIND_NEAREST_STATION,Could you specify padalam hospital se closest walking distance metro transit point kaunsa hai? [paas F20]? #3,hi,Latn,CS0,N0,"{""landmark"": ""padalam hospital"", ""transport_mode"": ""metro""}","{""place_id"": ""OSM_POI_7257518724""}",ANSWERABLE_NOW,template_instantiation,TMPL_NEAREST_TRANSPORT_HI_LATN_19
PILOT_T2_TR_001457,,SFAM_TICKETING_AND_PASSES_007,FAM_TICKETING_AND_PASSES_007,PARA_TICKETING_AND_PASSES_6_0,T2_MEDIUM_V1,ticketing_rules,GET_TICKETING_POLICY,Transit query: What are the rules and procedure to purchase a Monthly Season Pass for commuters? [pass F7] #5,en,Latn,CS0,N0,"{""ticket_type"": ""monthly_pass"", ""transport_mode"": ""transit""}",{},ANSWERABLE_NOW,template_instantiation,TMPL_TICKETING_AND_PASSES_EN_6
PILOT_T2_TR_001458,,SFAM_ROUTE_STOP_MEMBERSHIP_015,FAM_ROUTE_STOP_MEMBERSHIP_015,PARA_ROUTE_STOP_MEMBERSHIP_14_1,T2_MEDIUM_V1,route_stops,CHECK_STOP_ON_ROUTE,Please tell: क्या बस Green Line बस स्टैंड स्टॉप पर रुकती है? (जांच F15) #2,hi,Deva,CS0,N0,"{""route_number"": ""Green Line"", ""stop"": ""बस स्टैंड"", ""transport_mode"": ""बस""}","{""route_id"": ""CMRL_GREEN_CORRIDOR_2"", ""stop_id"": ""BUS_5300484122""}",ANSWERABLE_WITH_PROVISIONAL_DATA,template_instantiation,TMPL_ROUTE_STOP_MEMBERSHIP_HI_DEVA_14
PILOT_T2_TR_001459,,SFAM_STATION_FACILITIES_001,FAM_STATION_FACILITIES_001,PARA_STATION_FACILITIES_0_2,T2_MEDIUM_V1,station_facilities,GET_STATION_FACILITY,Quick check: kya airport station par passenger car parking service available hai? [amenity F1] #4,hi,Latn,CS0,N0,"{""station"": ""airport"", ""facility_type"": ""parking"", ""transport_mode"": ""metro""}","{""station_id"": ""METRO_CHENNAI_INTERNATIONAL_AIRPORT""}",ANSWERABLE_NOW,template_instantiation,TMPL_STATION_FACILITIES_HI_LATN_0
PILOT_T2_TR_001460,,SFAM_SERVICE_FREQUENCY_017,FAM_SERVICE_FREQUENCY_017,PARA_SERVICE_FREQUENCY_16_1,T2_MEDIUM_V1,service_timing,GET_SERVICE_FREQUENCY,सेंट थॉमस माउंट और आलंदूर के बीच मेट्रो हर कितने मिनट के अंतराल पर चलती है? (आवृत्ति F17),hi,Deva,CS0,N0,"{""origin"": ""सेंट थॉमस माउंट"", ""destination"": ""आलंदूर"", ""timing_type"": ""frequency"", ""transport_mode"": ""मेट्रो""}","{""origin_id"": ""METRO_ST__THOMAS_MOUNT"", ""destination_id"": ""METRO_ARIGNAR_ANNA_ALANDUR""}",ANSWERABLE_NOW,template_instantiation,TMPL_SERVICE_FREQUENCY_HI_DEVA_16
PILOT_T2_TR_001461,,SFAM_ROUTE_STOP_SEQUENCE_016,FAM_ROUTE_STOP_SEQUENCE_016,PARA_ROUTE_STOP_SEQUENCE_15_0,T2_MEDIUM_V1,route_stops,LIST_ROUTE_STOPS,Please tell: List every intermediate stop along route 21G in order. [seq F16] #2,en,Latn,CS0,N0,"{""route_number"": ""21G"", ""transport_mode"": ""bus""}","{""route_id"": ""GTFS_ROUTE_8458""}",ANSWERABLE_WITH_PROVISIONAL_DATA,template_instantiation,TMPL_ROUTE_STOP_SEQUENCE_EN_15
PILOT_T2_TR_001462,,SFAM_REALTIME_STATUS_QUERY_003,FAM_REALTIME_STATUS_QUERY_003,PARA_REALTIME_STATUS_QUERY_2_1,T2_MEDIUM_V1,realtime_status_query,REJECT_UNSUPPORTED_REALTIME,Quick check: क्या गिंडी से आने वाली ट्रेन अभी लेट चल रही है लाइव स्थिति बताएं? (ताज़ा F3) #4,hi,Deva,CS0,N2,"{""origin"": ""गिंडी"", ""transport_mode"": ""ट्रेन""}","{""origin_id"": ""METRO_GUINDY""}",REQUIRES_REALTIME_DATA,template_instantiation,TMPL_REALTIME_STATUS_QUERY_HI_DEVA_2
PILOT_T2_TR_001463,,SFAM_ROUTE_STOP_MEMBERSHIP_001,FAM_ROUTE_STOP_MEMBERSHIP_001,PARA_ROUTE_STOP_MEMBERSHIP_0_1,T2_MEDIUM_V1,route_stops,CHECK_STOP_ON_ROUTE,Could you specify क्या बस 21G तांबरम स्टॉप पर रुकती है? (जांच F1)? #3,hi,Deva,CS0,N1,"{""route_number"": ""21G"", ""stop"": ""तांबरम"", ""transport_mode"": ""बस""}","{""route_id"": ""GTFS_ROUTE_8458"", ""stop_id"": ""BUS_5304399879""}",ANSWERABLE_WITH_PROVISIONAL_DATA,template_instantiation,TMPL_ROUTE_STOP_MEMBERSHIP_HI_DEVA_0
PILOT_T2_TR_001464,,SFAM_OUT_OF_SCOPE_014,FAM_OUT_OF_SCOPE_014,PARA_OUT_OF_SCOPE_13_0,T2_MEDIUM_V1,out_of_scope,REJECT_OUT_OF_SCOPE,Quick check: Book a private cab taxi ride from Washermenpet to Airport. [cab F14] #4,en,Latn,CS0,N0,"{""origin"": ""Washermenpet"", ""destination"": ""Airport""}","{""origin_id"": ""METRO_WASHERMENPET"", ""destination_id"": ""METRO_CHENNAI_INTERNATIONAL_AIRPORT""}",OUT_OF_SCOPE,template_instantiation,TMPL_OUT_OF_SCOPE_EN_13
PILOT_T2_TR_001465,,SFAM_STATION_FACILITIES_016,FAM_STATION_FACILITIES_016,PARA_STATION_FACILITIES_15_0,T2_MEDIUM_V1,station_facilities,GET_STATION_FACILITY,Quick check: Is bicycle parking stand facility available at Saidapet metro station? [fac F16] #4,en,Latn,CS0,N0,"{""station"": ""Saidapet"", ""facility_type"": ""bicycle_stand"", ""transport_mode"": ""metro""}","{""station_id"": ""METRO_SAIDAPET""}",ANSWERABLE_NOW,template_instantiation,TMPL_STATION_FACILITIES_EN_15
PILOT_T2_TR_001466,,SFAM_ROUTE_STOP_MEMBERSHIP_013,FAM_ROUTE_STOP_MEMBERSHIP_013,PARA_ROUTE_STOP_MEMBERSHIP_12_1,T2_MEDIUM_V1,route_stops,CHECK_STOP_ON_ROUTE,क्या बस 15 CT8 नेलवॉय स्टॉप पर रुकती है? (जांच F13),hi,Deva,CS0,N0,"{""route_number"": ""15 CT8"", ""stop"": ""नेलवॉय"", ""transport_mode"": ""बस""}","{""route_id"": ""GTFS_ROUTE_20494"", ""stop_id"": ""BUS_469106564""}",ANSWERABLE_WITH_PROVISIONAL_DATA,template_instantiation,TMPL_ROUTE_STOP_MEMBERSHIP_HI_DEVA_12
PILOT_T2_TR_001467,,SFAM_OUT_OF_SCOPE_006,FAM_OUT_OF_SCOPE_006,PARA_OUT_OF_SCOPE_5_1,T2_MEDIUM_V1,out_of_scope,REJECT_OUT_OF_SCOPE,कोयम्बेडु के निकटतम सबसे अच्छे रेस्टोरेंट और भोजनालय की सूची दें। (बाहर F6),hi,Deva,CS0,N1,"{""station"": ""कोयम्बेडु""}","{""station_id"": ""METRO_KOYAMBEDU""}",OUT_OF_SCOPE,template_instantiation,TMPL_OUT_OF_SCOPE_HI_DEVA_5
PILOT_T2_TR_001468,,SFAM_MULTIMODAL_ROUTE_014,FAM_MULTIMODAL_ROUTE_014,PARA_MULTIMODAL_ROUTE_13_2,T2_MEDIUM_V1,route_query,PLAN_MULTIMODAL_ROUTE,Please tell: uttiramerur se airport bus aur metro switch karke shortest transit kya hai? [opt F14] #2,hi,Latn,CS0,N0,"{""origin"": ""uttiramerur"", ""destination"": ""airport"", ""transport_mode"": ""bus aur metro""}","{""origin_id"": ""BUS_4987577873"", ""destination_id"": ""METRO_CHENNAI_INTERNATIONAL_AIRPORT""}",ANSWERABLE_WITH_PROVISIONAL_DATA,template_instantiation,TMPL_MULTIMODAL_ROUTE_HI_LATN_13
PILOT_T2_TR_001469,,SFAM_REALTIME_STATUS_QUERY_016,FAM_REALTIME_STATUS_QUERY_016,PARA_REALTIME_STATUS_QUERY_15_1,T2_MEDIUM_V1,realtime_status_query,REJECT_UNSUPPORTED_REALTIME,"Excuse me, क्या साइदापेट से आने वाली ट्रेन अभी लेट चल रही है लाइव स्थिति बताएं? (ताज़ा F16) #6",hi,Deva,CS0,N0,"{""origin"": ""साइदापेट"", ""transport_mode"": ""ट्रेन""}","{""origin_id"": ""METRO_SAIDAPET""}",REQUIRES_REALTIME_DATA,template_instantiation,TMPL_REALTIME_STATUS_QUERY_HI_DEVA_15
PILOT_T2_TR_001470,,SFAM_TICKETING_AND_PASSES_020,FAM_TICKETING_AND_PASSES_020,PARA_TICKETING_AND_PASSES_19_2,T2_MEDIUM_V1,ticketing_rules,GET_TICKETING_POLICY,Please tell: smart card recharge karne ka guidelines aur validity rule bataye. [card F20] #2,hi,Latn,CS0,N1,"{""ticket_type"": ""smart_card"", ""transport_mode"": ""transit""}",{},ANSWERABLE_NOW,template_instantiation,TMPL_TICKETING_AND_PASSES_HI_LATN_19
PILOT_T2_TR_001471,,SFAM_INTERCHANGE_TRANSFER_019,FAM_INTERCHANGE_TRANSFER_019,PARA_INTERCHANGE_TRANSFER_18_1,T2_MEDIUM_V1,interchange_query,GET_INTERCHANGE_DETAILS,किल्पौक इंटरचेंज पर दूसरी लाइन में ट्रांसफर करने का मार्ग क्या है? (बदलाव F19),hi,Deva,CS0,N1,"{""station"": ""किल्पौक"", ""facility_type"": ""इंटरचेंज""}","{""station_id"": ""METRO_KILPAUK""}",ANSWERABLE_AFTER_MANUAL_VERIFICATION,template_instantiation,TMPL_INTERCHANGE_TRANSFER_HI_DEVA_18
PILOT_T2_TR_001472,,SFAM_NEAREST_TRANSPORT_003,FAM_NEAREST_TRANSPORT_003,PARA_NEAREST_TRANSPORT_2_3,T2_MEDIUM_V1,nearest_transport,FIND_NEAREST_STATION,"Hello assistant, Find closest public transport access point near Great Lakes Institute (F3) #7",hi-en,Latn,CS3,N0,"{""landmark"": ""Great Lakes Institute"", ""transport_mode"": ""public transport""}","{""place_id"": ""OSM_POI_577328882""}",ANSWERABLE_NOW,template_instantiation,TMPL_NEAREST_TRANSPORT_HINGLISH_LATN_2
PILOT_T2_TR_001473,,SFAM_STATION_ACCESSIBILITY_006,FAM_STATION_ACCESSIBILITY_006,PARA_STATION_ACCESSIBILITY_5_1,T2_MEDIUM_V1,accessibility,GET_ACCESSIBILITY_INFO,"Excuse me, क्या कोयम्बेडु स्टेशन पर दिव्यांग यात्रियों के लिए यात्री लिफ्ट उपलब्ध है? (सुलभता F6) #6",hi,Deva,CS0,N0,"{""station"": ""कोयम्बेडु"", ""accessibility_feature"": ""lift"", ""transport_mode"": ""मेट्रो""}","{""station_id"": ""METRO_KOYAMBEDU""}",ANSWERABLE_NOW,template_instantiation,TMPL_STATION_ACCESSIBILITY_HI_DEVA_5
PILOT_T2_TR_001474,,SFAM_FARE_CALCULATION_014,FAM_FARE_CALCULATION_014,PARA_FARE_CALCULATION_13_1,T2_MEDIUM_V1,fare_query,CALCULATE_FARE,"Excuse me, वॉशरमैनपेट से एयरपोर्ट तक का मेट्रो का टोकन किराया कितना रुपया है? (किराया F14) #6",hi,Deva,CS0,N0,"{""origin"": ""वॉशरमैनपेट"", ""destination"": ""एयरपोर्ट"", ""fare_type"": ""टोकन"", ""transport_mode"": ""मेट्रो""}","{""origin_id"": ""METRO_WASHERMENPET"", ""destination_id"": ""METRO_CHENNAI_INTERNATIONAL_AIRPORT""}",ANSWERABLE_NOW,template_instantiation,TMPL_FARE_CALCULATION_HI_DEVA_13
PILOT_T2_TR_001475,,SFAM_FARE_CALCULATION_014,FAM_FARE_CALCULATION_014,PARA_FARE_CALCULATION_13_2,T2_MEDIUM_V1,fare_query,CALCULATE_FARE,Please tell: washermenpet se airport metro ride ka standard ticket cost kitna hoga? [kiraya F14] #2,hi,Latn,CS0,N1,"{""origin"": ""washermenpet"", ""destination"": ""airport"", ""transport_mode"": ""metro""}","{""origin_id"": ""METRO_WASHERMENPET"", ""destination_id"": ""METRO_CHENNAI_INTERNATIONAL_AIRPORT""}",ANSWERABLE_NOW,template_instantiation,TMPL_FARE_CALCULATION_HI_LATN_13
PILOT_T2_TR_001476,,SFAM_REALTIME_STATUS_QUERY_002,FAM_REALTIME_STATUS_QUERY_002,PARA_REALTIME_STATUS_QUERY_1_1,T2_MEDIUM_V1,realtime_status_query,REJECT_UNSUPPORTED_REALTIME,Transit query: क्या चेन्नई सेंट्रल से आने वाली ट्रेन अभी लेट चल रही है लाइव स्थिति बताएं? (ताज़ा F2) #5,hi,Deva,CS0,N0,"{""origin"": ""चेन्नई सेंट्रल"", ""transport_mode"": ""ट्रेन""}","{""origin_id"": ""METRO_PURATCHI_THALAIVAR_DR__M_G_RAMACHANDRAN_CENTRAL""}",REQUIRES_REALTIME_DATA,template_instantiation,TMPL_REALTIME_STATUS_QUERY_HI_DEVA_1
PILOT_T2_TR_001477,,SFAM_SERVICE_FREQUENCY_002,FAM_SERVICE_FREQUENCY_002,PARA_SERVICE_FREQUENCY_1_1,T2_MEDIUM_V1,service_timing,GET_SERVICE_FREQUENCY,Could you specify चेन्नई सेंट्रल और तिरुमंगलम के बीच मेट्रो हर कितने मिनट के अंतराल पर चलती है? (आवृत्ति F2)? #3,hi,Deva,CS0,N0,"{""origin"": ""चेन्नई सेंट्रल"", ""destination"": ""तिरुमंगलम"", ""timing_type"": ""frequency"", ""transport_mode"": ""मेट्रो""}","{""origin_id"": ""METRO_PURATCHI_THALAIVAR_DR__M_G_RAMACHANDRAN_CENTRAL"", ""destination_id"": ""METRO_THIRUMANGALAM""}",ANSWERABLE_NOW,template_instantiation,TMPL_SERVICE_FREQUENCY_HI_DEVA_1
PILOT_T2_TR_001478,,SFAM_NEAREST_TRANSPORT_018,FAM_NEAREST_TRANSPORT_018,PARA_NEAREST_TRANSPORT_17_4,T2_MEDIUM_V1,nearest_transport,FIND_NEAREST_STATION,Madhuranthagam Hospital ke pass nearest metro stop connection distance bataye F18,hi-en,Deva+Latn,CS4,N2,"{""landmark"": ""Madhuranthagam Hospital"", ""transport_mode"": ""metro""}","{""place_id"": ""OSM_POI_7257518777""}",ANSWERABLE_NOW,template_instantiation,TMPL_NEAREST_TRANSPORT_MIXED_SCRIPT_CS_17
PILOT_T2_TR_001479,,SFAM_FARE_CALCULATION_015,FAM_FARE_CALCULATION_015,PARA_FARE_CALCULATION_14_3,T2_MEDIUM_V1,fare_query,CALCULATE_FARE,Could you specify Calculate fare for travel between Little Mount and Chennai Central stations (F15)? #3,hi-en,Latn,CS3,N0,"{""origin"": ""Little Mount"", ""destination"": ""Chennai Central"", ""transport_mode"": ""metro""}","{""origin_id"": ""METRO_LITTLE_MOUNT"", ""destination_id"": ""METRO_PURATCHI_THALAIVAR_DR__M_G_RAMACHANDRAN_CENTRAL""}",ANSWERABLE_NOW,template_instantiation,TMPL_FARE_CALCULATION_HINGLISH_LATN_14
PILOT_T2_TR_001480,,SFAM_ROUTE_STOP_SEQUENCE_001,FAM_ROUTE_STOP_SEQUENCE_001,PARA_ROUTE_STOP_SEQUENCE_0_2,T2_MEDIUM_V1,route_stops,LIST_ROUTE_STOPS,Please tell: Route 21G bus ke sare consecutive stops ki list check kare. [line F1] #2,hi,Latn,CS0,N0,"{""route_number"": ""21G"", ""transport_mode"": ""bus""}","{""route_id"": ""GTFS_ROUTE_8458""}",ANSWERABLE_WITH_PROVISIONAL_DATA,template_instantiation,TMPL_ROUTE_STOP_SEQUENCE_HI_LATN_0
PILOT_T2_TR_001481,,SFAM_STATION_ACCESSIBILITY_004,FAM_STATION_ACCESSIBILITY_004,PARA_STATION_ACCESSIBILITY_3_1,T2_MEDIUM_V1,accessibility,GET_ACCESSIBILITY_INFO,Quick check: क्या आलंदूर स्टेशन पर दिव्यांग यात्रियों के लिए एस्केलेटर उपलब्ध है? (सुलभता F4) #4,hi,Deva,CS0,N2,"{""station"": ""आलंदूर"", ""accessibility_feature"": ""escalator"", ""transport_mode"": ""मेट्रो""}","{""station_id"": ""METRO_ARIGNAR_ANNA_ALANDUR""}",ANSWERABLE_NOW,template_instantiation,TMPL_STATION_ACCESSIBILITY_HI_DEVA_3
PILOT_T2_TR_001482,,SFAM_MODE_AVAILABILITY_018,FAM_MODE_AVAILABILITY_018,PARA_MODE_AVAILABILITY_17_2,T2_MEDIUM_V1,service_availability,CHECK_SERVICE_AVAILABILITY,nehru park se broadway tak direct transit options available hain kya? [suvidha F18],hi,Latn,CS0,N0,"{""origin"": ""nehru park"", ""destination"": ""broadway"", ""transport_mode"": ""any""}","{""origin_id"": ""METRO_NEHRU_PARK"", ""destination_id"": ""BUS_27618346""}",ANSWERABLE_WITH_PROVISIONAL_DATA,template_instantiation,TMPL_MODE_AVAILABILITY_HI_LATN_17
PILOT_T2_TR_001483,,SFAM_REALTIME_STATUS_QUERY_020,FAM_REALTIME_STATUS_QUERY_020,PARA_REALTIME_STATUS_QUERY_19_2,T2_MEDIUM_V1,realtime_status_query,REJECT_UNSUPPORTED_REALTIME,Please tell: Bus 23C ka real time current gps location update kahan pahuncha? [track F20] #2,hi,Latn,CS0,N1,"{""route_number"": ""23C"", ""transport_mode"": ""bus""}","{""route_id"": ""GTFS_ROUTE_10214""}",REQUIRES_REALTIME_DATA,template_instantiation,TMPL_REALTIME_STATUS_QUERY_HI_LATN_19
PILOT_T2_TR_001484,,SFAM_STATION_FACILITIES_017,FAM_STATION_FACILITIES_017,PARA_STATION_FACILITIES_16_0,T2_MEDIUM_V1,station_facilities,GET_STATION_FACILITY,Please tell: Is car parking facility available at St. Thomas Mount metro station? [fac F17] #2,en,Latn,CS0,N0,"{""station"": ""St. Thomas Mount"", ""facility_type"": ""parking"", ""transport_mode"": ""metro""}","{""station_id"": ""METRO_ST__THOMAS_MOUNT""}",ANSWERABLE_NOW,template_instantiation,TMPL_STATION_FACILITIES_EN_16
PILOT_T2_TR_001485,,SFAM_ROUTE_STOP_MEMBERSHIP_016,FAM_ROUTE_STOP_MEMBERSHIP_016,PARA_ROUTE_STOP_MEMBERSHIP_15_2,T2_MEDIUM_V1,route_stops,CHECK_STOP_ON_ROUTE,Please tell: kya bus 21G ka pudupattinam par stoppage hai confirm kare? [check F16] #2,hi,Latn,CS0,N0,"{""route_number"": ""21G"", ""stop"": ""pudupattinam"", ""transport_mode"": ""bus""}","{""route_id"": ""GTFS_ROUTE_8458"", ""stop_id"": ""BUS_3616510666""}",ANSWERABLE_WITH_PROVISIONAL_DATA,template_instantiation,TMPL_ROUTE_STOP_MEMBERSHIP_HI_LATN_15
PILOT_T2_TR_001486,,SFAM_POINT_TO_POINT_ROUTE_002,FAM_POINT_TO_POINT_ROUTE_002,PARA_POINT_TO_POINT_ROUTE_1_3,T2_MEDIUM_V1,route_query,PLAN_ROUTE,Could you specify Chennai Central to Thirumangalam metro ride ka best direct route bataiye (F2)? #3,hi-en,Latn,CS3,N0,"{""origin"": ""Chennai Central"", ""destination"": ""Thirumangalam"", ""transport_mode"": ""metro""}","{""origin_id"": ""METRO_PURATCHI_THALAIVAR_DR__M_G_RAMACHANDRAN_CENTRAL"", ""destination_id"": ""METRO_THIRUMANGALAM""}",ANSWERABLE_WITH_PROVISIONAL_DATA,template_instantiation,TMPL_POINT_TO_POINT_ROUTE_HINGLISH_LATN_1
PILOT_T2_TR_001487,,SFAM_REALTIME_STATUS_QUERY_018,FAM_REALTIME_STATUS_QUERY_018,PARA_REALTIME_STATUS_QUERY_17_1,T2_MEDIUM_V1,realtime_status_query,REJECT_UNSUPPORTED_REALTIME,"Excuse me, क्या नेहरू पार्क से आने वाली ट्रेन अभी लेट चल रही है लाइव स्थिति बताएं? (ताज़ा F18) #6",hi,Deva,CS0,N0,"{""origin"": ""नेहरू पार्क"", ""transport_mode"": ""ट्रेन""}","{""origin_id"": ""METRO_NEHRU_PARK""}",REQUIRES_REALTIME_DATA,template_instantiation,TMPL_REALTIME_STATUS_QUERY_HI_DEVA_17
PILOT_T2_TR_001488,,SFAM_STATION_FACILITIES_009,FAM_STATION_FACILITIES_009,PARA_STATION_FACILITIES_8_3,T2_MEDIUM_V1,station_facilities,GET_STATION_FACILITY,Quick check: Does Thirumangalam station premises include operational car parking (F9)? #4,hi-en,Latn,CS3,N0,"{""station"": ""Thirumangalam"", ""facility_type"": ""parking"", ""transport_mode"": ""metro""}","{""station_id"": ""METRO_THIRUMANGALAM""}",ANSWERABLE_NOW,template_instantiation,TMPL_STATION_FACILITIES_HINGLISH_LATN_8
PILOT_T2_TR_001489,,SFAM_ROUTE_STOP_SEQUENCE_019,FAM_ROUTE_STOP_SEQUENCE_019,PARA_ROUTE_STOP_SEQUENCE_18_3,T2_MEDIUM_V1,route_stops,LIST_ROUTE_STOPS,Could you specify Full stop order details for bus number 570 please provide (F19)? #3,hi-en,Latn,CS3,N0,"{""route_number"": ""570"", ""transport_mode"": ""bus""}","{""route_id"": ""GTFS_ROUTE_17967""}",ANSWERABLE_WITH_PROVISIONAL_DATA,template_instantiation,TMPL_ROUTE_STOP_SEQUENCE_HINGLISH_LATN_18
PILOT_T2_TR_001490,,SFAM_OUT_OF_SCOPE_011,FAM_OUT_OF_SCOPE_011,PARA_OUT_OF_SCOPE_10_3,T2_MEDIUM_V1,out_of_scope,REJECT_OUT_OF_SCOPE,Could you specify What is the general weather rain forecast in Chennai near Marina Beach today (F11)?? #3,hi-en,Latn,CS3,N0,"{""landmark"": ""Marina Beach""}","{""place_id"": ""OSM_POI_12137617372""}",OUT_OF_SCOPE,template_instantiation,TMPL_OUT_OF_SCOPE_HINGLISH_LATN_10
PILOT_T2_TR_001491,,SFAM_SERVICE_FREQUENCY_020,FAM_SERVICE_FREQUENCY_020,PARA_SERVICE_FREQUENCY_19_3,T2_MEDIUM_V1,service_timing,GET_SERVICE_FREQUENCY,Please tell: Peak hour frequency and normal headway between Pachaiyappa College and Vadapalani (F20) #2,hi-en,Latn,CS3,N1,"{""origin"": ""Pachaiyappa College"", ""destination"": ""Vadapalani"", ""timing_type"": ""frequency"", ""transport_mode"": ""metro""}","{""origin_id"": ""METRO_PACHAIYAPPA_S_COLLEGE"", ""destination_id"": ""METRO_VADAPALANI""}",ANSWERABLE_NOW,template_instantiation,TMPL_SERVICE_FREQUENCY_HINGLISH_LATN_19
PILOT_T2_TR_001492,,SFAM_NEAREST_TRANSPORT_010,FAM_NEAREST_TRANSPORT_010,PARA_NEAREST_TRANSPORT_9_4,T2_MEDIUM_V1,nearest_transport,FIND_NEAREST_STATION,Please tell: Padalam Hospital ke pass nearest metro stop connection distance bataye F10 #2,hi-en,Deva+Latn,CS4,N0,"{""landmark"": ""Padalam Hospital"", ""transport_mode"": ""metro""}","{""place_id"": ""OSM_POI_7257518724""}",ANSWERABLE_NOW,template_instantiation,TMPL_NEAREST_TRANSPORT_MIXED_SCRIPT_CS_9
PILOT_T2_TR_001493,,SFAM_ROUTE_STOP_MEMBERSHIP_015,FAM_ROUTE_STOP_MEMBERSHIP_015,PARA_ROUTE_STOP_MEMBERSHIP_14_2,T2_MEDIUM_V1,route_stops,CHECK_STOP_ON_ROUTE,kya bus Green Line ka bus stand par stoppage hai confirm kare? [check F15],hi,Latn,CS0,N1,"{""route_number"": ""Green Line"", ""stop"": ""bus stand"", ""transport_mode"": ""bus""}","{""route_id"": ""CMRL_GREEN_CORRIDOR_2"", ""stop_id"": ""BUS_5300484122""}",ANSWERABLE_WITH_PROVISIONAL_DATA,template_instantiation,TMPL_ROUTE_STOP_MEMBERSHIP_HI_LATN_14
PILOT_T2_TR_001494,,SFAM_STATION_FACILITIES_016,FAM_STATION_FACILITIES_016,PARA_STATION_FACILITIES_15_0,T2_MEDIUM_V1,station_facilities,GET_STATION_FACILITY,Is bicycle parking stand facility available at Saidapet metro station? [fac F16],en,Latn,CS0,N0,"{""station"": ""Saidapet"", ""facility_type"": ""bicycle_stand"", ""transport_mode"": ""metro""}","{""station_id"": ""METRO_SAIDAPET""}",ANSWERABLE_NOW,template_instantiation,TMPL_STATION_FACILITIES_EN_15
PILOT_T2_TR_001495,,SFAM_ROUTE_STOP_SEQUENCE_003,FAM_ROUTE_STOP_SEQUENCE_003,PARA_ROUTE_STOP_SEQUENCE_2_4,T2_MEDIUM_V1,route_stops,LIST_ROUTE_STOPS,Please tell: Route 102A bus के सभी stops ka sequence display karein data F3 #2,hi-en,Deva+Latn,CS4,N0,"{""route_number"": ""102A"", ""transport_mode"": ""bus""}","{""route_id"": ""GTFS_ROUTE_10248""}",ANSWERABLE_WITH_PROVISIONAL_DATA,template_instantiation,TMPL_ROUTE_STOP_SEQUENCE_MIXED_SCRIPT_CS_2
PILOT_T2_TR_001496,,SFAM_ROUTE_STOP_MEMBERSHIP_002,FAM_ROUTE_STOP_MEMBERSHIP_002,PARA_ROUTE_STOP_MEMBERSHIP_1_4,T2_MEDIUM_V1,route_stops,CHECK_STOP_ON_ROUTE,क्या route 102 bus Broadway पर rukegi verification F2?,hi-en,Deva+Latn,CS4,N0,"{""route_number"": ""102"", ""stop"": ""Broadway"", ""transport_mode"": ""bus""}","{""route_id"": ""GTFS_ROUTE_16861"", ""stop_id"": ""BUS_27618346""}",ANSWERABLE_WITH_PROVISIONAL_DATA,template_instantiation,TMPL_ROUTE_STOP_MEMBERSHIP_MIXED_SCRIPT_CS_1
PILOT_T2_TR_001497,,SFAM_STATION_ACCESSIBILITY_005,FAM_STATION_ACCESSIBILITY_005,PARA_STATION_ACCESSIBILITY_4_2,T2_MEDIUM_V1,accessibility,GET_ACCESSIBILITY_INFO,Quick check: kya cmbt metro station me wheelchair disabled ke liye wheelchair accessibility hai? [barrier-free F5] #4,hi,Latn,CS0,N0,"{""station"": ""cmbt"", ""accessibility_feature"": ""wheelchair"", ""transport_mode"": ""metro""}","{""station_id"": ""METRO_PURATCHI_THALAIVI_DR_J_JAYALALITHAA_CMBT""}",ANSWERABLE_NOW,template_instantiation,TMPL_STATION_ACCESSIBILITY_HI_LATN_4
PILOT_T2_TR_001498,,SFAM_FARE_CALCULATION_017,FAM_FARE_CALCULATION_017,PARA_FARE_CALCULATION_16_0,T2_MEDIUM_V1,fare_query,CALCULATE_FARE,Could you specify What is the single-journey ticket fare from St. Thomas Mount to Alandur on metro? [fare F17]? #3,en,Latn,CS0,N0,"{""origin"": ""St. Thomas Mount"", ""destination"": ""Alandur"", ""fare_type"": ""token"", ""transport_mode"": ""metro""}","{""origin_id"": ""METRO_ST__THOMAS_MOUNT"", ""destination_id"": ""METRO_ARIGNAR_ANNA_ALANDUR""}",ANSWERABLE_NOW,template_instantiation,TMPL_FARE_CALCULATION_EN_16
PILOT_T2_TR_001499,,SFAM_FARE_CALCULATION_017,FAM_FARE_CALCULATION_017,PARA_FARE_CALCULATION_16_3,T2_MEDIUM_V1,fare_query,CALCULATE_FARE,"Excuse me, Calculate fare for travel between St. Thomas Mount and Alandur stations (F17) #6",hi-en,Latn,CS3,N1,"{""origin"": ""St. Thomas Mount"", ""destination"": ""Alandur"", ""transport_mode"": ""metro""}","{""origin_id"": ""METRO_ST__THOMAS_MOUNT"", ""destination_id"": ""METRO_ARIGNAR_ANNA_ALANDUR""}",ANSWERABLE_NOW,template_instantiation,TMPL_FARE_CALCULATION_HINGLISH_LATN_16
PILOT_T2_TR_001500,,SFAM_TICKETING_AND_PASSES_012,FAM_TICKETING_AND_PASSES_012,PARA_TICKETING_AND_PASSES_11_4,T2_MEDIUM_V1,ticketing_rules,GET_TICKETING_POLICY,Commuter National Common Mobility Card ke application aur terms ki complete details F12,hi-en,Deva+Latn,CS4,N0,"{""ticket_type"": ""ncmc_card"", ""transport_mode"": ""transit""}",{},ANSWERABLE_NOW,template_instantiation,TMPL_TICKETING_AND_PASSES_MIXED_SCRIPT_CS_11
PILOT_T2_TR_001501,,SFAM_TICKETING_AND_PASSES_004,FAM_TICKETING_AND_PASSES_004,PARA_TICKETING_AND_PASSES_3_1,T2_MEDIUM_V1,ticketing_rules,GET_TICKETING_POLICY,यात्रियों के लिए टूरिस्ट कार्ड प्राप्त करने के नियम और प्रक्रिया क्या हैं? (पास F4),hi,Deva,CS0,N0,"{""ticket_type"": ""tourist_card"", ""transport_mode"": ""पारगमन""}",{},ANSWERABLE_NOW,template_instantiation,TMPL_TICKETING_AND_PASSES_HI_DEVA_3
PILOT_T2_TR_001502,,SFAM_FARE_CALCULATION_012,FAM_FARE_CALCULATION_012,PARA_FARE_CALCULATION_11_1,T2_MEDIUM_V1,fare_query,CALCULATE_FARE,Could you specify थाउजेंड लाइट्स से किल्पौक तक का मेट्रो का टोकन किराया कितना रुपया है? (किराया F12)? #3,hi,Deva,CS0,N0,"{""origin"": ""थाउजेंड लाइट्स"", ""destination"": ""किल्पौक"", ""fare_type"": ""टोकन"", ""transport_mode"": ""मेट्रो""}","{""origin_id"": ""METRO_THOUSAND_LIGHTS"", ""destination_id"": ""METRO_KILPAUK""}",ANSWERABLE_NOW,template_instantiation,TMPL_FARE_CALCULATION_HI_DEVA_11
PILOT_T2_TR_001503,,SFAM_TICKETING_AND_PASSES_007,FAM_TICKETING_AND_PASSES_007,PARA_TICKETING_AND_PASSES_6_4,T2_MEDIUM_V1,ticketing_rules,GET_TICKETING_POLICY,Commuter Monthly Season Pass ke application aur terms ki complete details F7,hi-en,Deva+Latn,CS4,N0,"{""ticket_type"": ""monthly_pass"", ""transport_mode"": ""transit""}",{},ANSWERABLE_NOW,template_instantiation,TMPL_TICKETING_AND_PASSES_MIXED_SCRIPT_CS_6
PILOT_T2_TR_001504,,SFAM_SERVICE_FREQUENCY_019,FAM_SERVICE_FREQUENCY_019,PARA_SERVICE_FREQUENCY_18_2,T2_MEDIUM_V1,service_timing,GET_SERVICE_FREQUENCY,kilpauk to koyambedu metro service ka regular interval headway kya hai? [interval F19],hi,Latn,CS0,N0,"{""origin"": ""kilpauk"", ""destination"": ""koyambedu"", ""timing_type"": ""frequency"", ""transport_mode"": ""metro""}","{""origin_id"": ""METRO_KILPAUK"", ""destination_id"": ""METRO_KOYAMBEDU""}",ANSWERABLE_NOW,template_instantiation,TMPL_SERVICE_FREQUENCY_HI_LATN_18
PILOT_T2_TR_001505,,SFAM_INTERCHANGE_TRANSFER_015,FAM_INTERCHANGE_TRANSFER_015,PARA_INTERCHANGE_TRANSFER_14_1,T2_MEDIUM_V1,interchange_query,GET_INTERCHANGE_DETAILS,Transit query: लिटिल माउंट इंटरचेंज पर दूसरी लाइन में ट्रांसफर करने का मार्ग क्या है? (बदलाव F15) #5,hi,Deva,CS0,N2,"{""station"": ""लिटिल माउंट"", ""facility_type"": ""इंटरचेंज""}","{""station_id"": ""METRO_LITTLE_MOUNT""}",ANSWERABLE_AFTER_MANUAL_VERIFICATION,template_instantiation,TMPL_INTERCHANGE_TRANSFER_HI_DEVA_14
PILOT_T2_TR_001506,,SFAM_ROUTE_STOP_MEMBERSHIP_016,FAM_ROUTE_STOP_MEMBERSHIP_016,PARA_ROUTE_STOP_MEMBERSHIP_15_1,T2_MEDIUM_V1,route_stops,CHECK_STOP_ON_ROUTE,क्या बस 21G पुदुपट्टिनम स्टॉप पर रुकती है? (जांच F16),hi,Deva,CS0,N0,"{""route_number"": ""21G"", ""stop"": ""पुदुपट्टिनम"", ""transport_mode"": ""बस""}","{""route_id"": ""GTFS_ROUTE_8458"", ""stop_id"": ""BUS_3616510666""}",ANSWERABLE_WITH_PROVISIONAL_DATA,template_instantiation,TMPL_ROUTE_STOP_MEMBERSHIP_HI_DEVA_15
PILOT_T2_TR_001507,,SFAM_NEAREST_TRANSPORT_001,FAM_NEAREST_TRANSPORT_001,PARA_NEAREST_TRANSPORT_0_3,T2_MEDIUM_V1,nearest_transport,FIND_NEAREST_STATION,Find closest public transport access point near Marina Beach (F1),hi-en,Latn,CS3,N0,"{""landmark"": ""Marina Beach"", ""transport_mode"": ""public transport""}","{""place_id"": ""OSM_POI_12137617372""}",ANSWERABLE_NOW,template_instantiation,TMPL_NEAREST_TRANSPORT_HINGLISH_LATN_0
PILOT_T2_TR_001508,,SFAM_REALTIME_STATUS_QUERY_020,FAM_REALTIME_STATUS_QUERY_020,PARA_REALTIME_STATUS_QUERY_19_1,T2_MEDIUM_V1,realtime_status_query,REJECT_UNSUPPORTED_REALTIME,Quick check: क्या पचैयप्पा कॉलेज से आने वाली ट्रेन अभी लेट चल रही है लाइव स्थिति बताएं? (ताज़ा F20) #4,hi,Deva,CS0,N0,"{""origin"": ""पचैयप्पा कॉलेज"", ""transport_mode"": ""ट्रेन""}","{""origin_id"": ""METRO_PACHAIYAPPA_S_COLLEGE""}",REQUIRES_REALTIME_DATA,template_instantiation,TMPL_REALTIME_STATUS_QUERY_HI_DEVA_19
PILOT_T2_TR_001509,,SFAM_STATION_ACCESSIBILITY_016,FAM_STATION_ACCESSIBILITY_016,PARA_STATION_ACCESSIBILITY_15_3,T2_MEDIUM_V1,accessibility,GET_ACCESSIBILITY_INFO,"Excuse me, Verification of accessible escalator stairs support at Saidapet metro (F16) #6",hi-en,Latn,CS3,N1,"{""station"": ""Saidapet"", ""accessibility_feature"": ""escalator"", ""transport_mode"": ""metro""}","{""station_id"": ""METRO_SAIDAPET""}",ANSWERABLE_NOW,template_instantiation,TMPL_STATION_ACCESSIBILITY_HINGLISH_LATN_15
PILOT_T2_TR_001510,,SFAM_FARE_CALCULATION_009,FAM_FARE_CALCULATION_009,PARA_FARE_CALCULATION_8_0,T2_MEDIUM_V1,fare_query,CALCULATE_FARE,Please tell: What is the single-journey ticket fare from Thirumangalam to Saidapet on metro? [fare F9] #2,en,Latn,CS0,N0,"{""origin"": ""Thirumangalam"", ""destination"": ""Saidapet"", ""fare_type"": ""token"", ""transport_mode"": ""metro""}","{""origin_id"": ""METRO_THIRUMANGALAM"", ""destination_id"": ""METRO_SAIDAPET""}",ANSWERABLE_NOW,template_instantiation,TMPL_FARE_CALCULATION_EN_8
PILOT_T2_TR_001511,,SFAM_POINT_TO_POINT_ROUTE_002,FAM_POINT_TO_POINT_ROUTE_002,PARA_POINT_TO_POINT_ROUTE_1_0,T2_MEDIUM_V1,route_query,PLAN_ROUTE,Could you specify How do I commute from Chennai Central to Thirumangalam by metro? [pattern F2]? #3,en,Latn,CS0,N0,"{""origin"": ""Chennai Central"", ""destination"": ""Thirumangalam"", ""transport_mode"": ""metro""}","{""origin_id"": ""METRO_PURATCHI_THALAIVAR_DR__M_G_RAMACHANDRAN_CENTRAL"", ""destination_id"": ""METRO_THIRUMANGALAM""}",ANSWERABLE_WITH_PROVISIONAL_DATA,template_instantiation,TMPL_POINT_TO_POINT_ROUTE_EN_1
PILOT_T2_TR_001512,,SFAM_STATION_FACILITIES_007,FAM_STATION_FACILITIES_007,PARA_STATION_FACILITIES_6_4,T2_MEDIUM_V1,station_facilities,GET_STATION_FACILITY,Please tell: क्या Vadapalani station par passengers ke liye EV vehicle charging accessible hai F7 #2,hi-en,Deva+Latn,CS4,N0,"{""station"": ""Vadapalani"", ""facility_type"": ""ev_charging"", ""transport_mode"": ""metro""}","{""station_id"": ""METRO_VADAPALANI""}",ANSWERABLE_NOW,template_instantiation,TMPL_STATION_FACILITIES_MIXED_SCRIPT_CS_6
PILOT_T2_TR_001513,,SFAM_STATION_ACCESSIBILITY_008,FAM_STATION_ACCESSIBILITY_008,PARA_STATION_ACCESSIBILITY_7_3,T2_MEDIUM_V1,accessibility,GET_ACCESSIBILITY_INFO,Could you specify Verification of accessible escalator stairs support at High Court metro (F8)? #3,hi-en,Latn,CS3,N0,"{""station"": ""High Court"", ""accessibility_feature"": ""escalator"", ""transport_mode"": ""metro""}","{""station_id"": ""METRO_HIGHCOURT""}",ANSWERABLE_NOW,template_instantiation,TMPL_STATION_ACCESSIBILITY_HINGLISH_LATN_7
PILOT_T2_TR_001514,,SFAM_TICKETING_AND_PASSES_017,FAM_TICKETING_AND_PASSES_017,PARA_TICKETING_AND_PASSES_16_2,T2_MEDIUM_V1,ticketing_rules,GET_TICKETING_POLICY,student pass recharge karne ka guidelines aur validity rule bataye. [card F17],hi,Latn,CS0,N0,"{""ticket_type"": ""student_pass"", ""transport_mode"": ""transit""}",{},ANSWERABLE_NOW,template_instantiation,TMPL_TICKETING_AND_PASSES_HI_LATN_16
PILOT_T2_TR_001515,,SFAM_REALTIME_STATUS_QUERY_020,FAM_REALTIME_STATUS_QUERY_020,PARA_REALTIME_STATUS_QUERY_19_3,T2_MEDIUM_V1,realtime_status_query,REJECT_UNSUPPORTED_REALTIME,Quick check: Live crowd density and train arrival countdown at Pachaiyappa College right now (F20) #4,hi-en,Latn,CS3,N0,"{""station"": ""Pachaiyappa College"", ""transport_mode"": ""metro""}","{""station_id"": ""METRO_PACHAIYAPPA_S_COLLEGE""}",REQUIRES_REALTIME_DATA,template_instantiation,TMPL_REALTIME_STATUS_QUERY_HINGLISH_LATN_19
PILOT_T2_TR_001516,,SFAM_FIRST_AND_LAST_SERVICE_018,FAM_FIRST_AND_LAST_SERVICE_018,PARA_FIRST_AND_LAST_SERVICE_17_1,T2_MEDIUM_V1,service_timing,GET_FIRST_LAST_SERVICE,नेहरू पार्क से सीएमबीटी के लिए पहली और आखिरी ट्रेन का समय क्या है? (समय F18),hi,Deva,CS0,N0,"{""origin"": ""नेहरू पार्क"", ""destination"": ""सीएमबीटी"", ""timing_type"": ""first_last"", ""transport_mode"": ""ट्रेन""}","{""origin_id"": ""METRO_NEHRU_PARK"", ""destination_id"": ""METRO_PURATCHI_THALAIVI_DR_J_JAYALALITHAA_CMBT""}",ANSWERABLE_NOW,template_instantiation,TMPL_FIRST_AND_LAST_SERVICE_HI_DEVA_17
PILOT_T2_TR_001517,,SFAM_STATION_FACILITIES_013,FAM_STATION_FACILITIES_013,PARA_STATION_FACILITIES_12_0,T2_MEDIUM_V1,station_facilities,GET_STATION_FACILITY,Please tell: Is car parking facility available at Wimco Nagar Depot metro station? [fac F13] #2,en,Latn,CS0,N0,"{""station"": ""Wimco Nagar Depot"", ""facility_type"": ""parking"", ""transport_mode"": ""metro""}","{""station_id"": ""METRO_WIMCO_NAGAR""}",ANSWERABLE_NOW,template_instantiation,TMPL_STATION_FACILITIES_EN_12
PILOT_T2_TR_001518,,SFAM_STATION_FACILITIES_018,FAM_STATION_FACILITIES_018,PARA_STATION_FACILITIES_17_0,T2_MEDIUM_V1,station_facilities,GET_STATION_FACILITY,Is two-wheeler bike parking facility available at Nehru Park metro station? [fac F18],en,Latn,CS0,N0,"{""station"": ""Nehru Park"", ""facility_type"": ""two_wheeler_parking"", ""transport_mode"": ""metro""}","{""station_id"": ""METRO_NEHRU_PARK""}",ANSWERABLE_NOW,template_instantiation,TMPL_STATION_FACILITIES_EN_17
PILOT_T2_TR_001519,,SFAM_SERVICE_FREQUENCY_005,FAM_SERVICE_FREQUENCY_005,PARA_SERVICE_FREQUENCY_4_0,T2_MEDIUM_V1,service_timing,GET_SERVICE_FREQUENCY,How many minutes between trains on the line connecting CMBT and Thousand Lights? [freq F5],en,Latn,CS0,N0,"{""origin"": ""CMBT"", ""destination"": ""Thousand Lights"", ""timing_type"": ""frequency"", ""transport_mode"": ""metro""}","{""origin_id"": ""METRO_PURATCHI_THALAIVI_DR_J_JAYALALITHAA_CMBT"", ""destination_id"": ""METRO_THOUSAND_LIGHTS""}",ANSWERABLE_NOW,template_instantiation,TMPL_SERVICE_FREQUENCY_EN_4
PILOT_T2_TR_001520,,SFAM_ROUTE_STOP_SEQUENCE_001,FAM_ROUTE_STOP_SEQUENCE_001,PARA_ROUTE_STOP_SEQUENCE_0_2,T2_MEDIUM_V1,route_stops,LIST_ROUTE_STOPS,Route 21G bus ke sare consecutive stops ki list check kare. [line F1],hi,Latn,CS0,N0,"{""route_number"": ""21G"", ""transport_mode"": ""bus""}","{""route_id"": ""GTFS_ROUTE_8458""}",ANSWERABLE_WITH_PROVISIONAL_DATA,template_instantiation,TMPL_ROUTE_STOP_SEQUENCE_HI_LATN_0
PILOT_T2_TR_001521,,SFAM_STATION_FACILITIES_018,FAM_STATION_FACILITIES_018,PARA_STATION_FACILITIES_17_3,T2_MEDIUM_V1,station_facilities,GET_STATION_FACILITY,Could you specify Does Nehru Park station premises include operational two-wheeler bike parking (F18)?? #3,hi-en,Latn,CS3,N0,"{""station"": ""Nehru Park"", ""facility_type"": ""two_wheeler_parking"", ""transport_mode"": ""metro""}","{""station_id"": ""METRO_NEHRU_PARK""}",ANSWERABLE_NOW,template_instantiation,TMPL_STATION_FACILITIES_HINGLISH_LATN_17
PILOT_T2_TR_001522,,SFAM_FARE_CALCULATION_003,FAM_FARE_CALCULATION_003,PARA_FARE_CALCULATION_2_1,T2_MEDIUM_V1,fare_query,CALCULATE_FARE,Could you specify गिंडी से अन्ना नगर टावर तक का मेट्रो का टोकन किराया कितना रुपया है? (किराया F3)? #3,hi,Deva,CS0,N0,"{""origin"": ""गिंडी"", ""destination"": ""अन्ना नगर टावर"", ""fare_type"": ""टोकन"", ""transport_mode"": ""मेट्रो""}","{""origin_id"": ""METRO_GUINDY"", ""destination_id"": ""METRO_ANNA_NAGAR_TOWER""}",ANSWERABLE_NOW,template_instantiation,TMPL_FARE_CALCULATION_HI_DEVA_2
PILOT_T2_TR_001523,,SFAM_REALTIME_STATUS_QUERY_014,FAM_REALTIME_STATUS_QUERY_014,PARA_REALTIME_STATUS_QUERY_13_1,T2_MEDIUM_V1,realtime_status_query,REJECT_UNSUPPORTED_REALTIME,क्या वॉशरमैनपेट से आने वाली ट्रेन अभी लेट चल रही है लाइव स्थिति बताएं? (ताज़ा F14),hi,Deva,CS0,N1,"{""origin"": ""वॉशरमैनपेट"", ""transport_mode"": ""ट्रेन""}","{""origin_id"": ""METRO_WASHERMENPET""}",REQUIRES_REALTIME_DATA,template_instantiation,TMPL_REALTIME_STATUS_QUERY_HI_DEVA_13
PILOT_T2_TR_001524,,SFAM_INTERCHANGE_TRANSFER_011,FAM_INTERCHANGE_TRANSFER_011,PARA_INTERCHANGE_TRANSFER_10_0,T2_MEDIUM_V1,interchange_query,GET_INTERCHANGE_DETAILS,"Excuse me, How do I switch lines to connect towards Nehru Park at Egmore interchange? [xfer F11] #6",en,Latn,CS0,N0,"{""station"": ""Egmore"", ""destination"": ""Nehru Park"", ""facility_type"": ""interchange""}","{""station_id"": ""METRO_EGMORE"", ""destination_id"": ""METRO_NEHRU_PARK""}",ANSWERABLE_AFTER_MANUAL_VERIFICATION,template_instantiation,TMPL_INTERCHANGE_TRANSFER_EN_10
PILOT_T2_TR_001525,,SFAM_STATION_ACCESSIBILITY_011,FAM_STATION_ACCESSIBILITY_011,PARA_STATION_ACCESSIBILITY_10_0,T2_MEDIUM_V1,accessibility,GET_ACCESSIBILITY_INFO,Could you specify Are tactile floor paths provisions available for differently abled passengers at Egmore? [a11y F11]? #3,en,Latn,CS0,N0,"{""station"": ""Egmore"", ""accessibility_feature"": ""tactile_path"", ""transport_mode"": ""metro""}","{""station_id"": ""METRO_EGMORE""}",ANSWERABLE_NOW,template_instantiation,TMPL_STATION_ACCESSIBILITY_EN_10
PILOT_T2_TR_001526,,SFAM_STATION_FACILITIES_005,FAM_STATION_FACILITIES_005,PARA_STATION_FACILITIES_4_2,T2_MEDIUM_V1,station_facilities,GET_STATION_FACILITY,Quick check: kya cmbt station par passenger car parking service available hai? [amenity F5] #4,hi,Latn,CS0,N0,"{""station"": ""cmbt"", ""facility_type"": ""parking"", ""transport_mode"": ""metro""}","{""station_id"": ""METRO_PURATCHI_THALAIVI_DR_J_JAYALALITHAA_CMBT""}",ANSWERABLE_NOW,template_instantiation,TMPL_STATION_FACILITIES_HI_LATN_4
PILOT_T2_TR_001527,,SFAM_MODE_AVAILABILITY_013,FAM_MODE_AVAILABILITY_013,PARA_MODE_AVAILABILITY_12_2,T2_MEDIUM_V1,service_availability,CHECK_SERVICE_AVAILABILITY,Please tell: wimco nagar depot se nelvoy tak direct transit options available hain kya? [suvidha F13] #2,hi,Latn,CS0,N1,"{""origin"": ""wimco nagar depot"", ""destination"": ""nelvoy"", ""transport_mode"": ""any""}","{""origin_id"": ""METRO_WIMCO_NAGAR"", ""destination_id"": ""BUS_469106564""}",ANSWERABLE_WITH_PROVISIONAL_DATA,template_instantiation,TMPL_MODE_AVAILABILITY_HI_LATN_12
PILOT_T2_TR_001528,,SFAM_MULTIMODAL_ROUTE_001,FAM_MULTIMODAL_ROUTE_001,PARA_MULTIMODAL_ROUTE_0_1,T2_MEDIUM_V1,route_query,PLAN_MULTIMODAL_ROUTE,तांबरम से हाई कोर्ट बस और मेट्रो मिलाकर सबसे तेज़ मार्ग कौन सा है? (योजना F1),hi,Deva,CS0,N0,"{""origin"": ""तांबरम"", ""destination"": ""हाई कोर्ट"", ""transport_mode"": ""बस और मेट्रो""}","{""origin_id"": ""BUS_5304399879"", ""destination_id"": ""METRO_HIGHCOURT""}",ANSWERABLE_WITH_PROVISIONAL_DATA,template_instantiation,TMPL_MULTIMODAL_ROUTE_HI_DEVA_0
PILOT_T2_TR_001529,,SFAM_POINT_TO_POINT_ROUTE_014,FAM_POINT_TO_POINT_ROUTE_014,PARA_POINT_TO_POINT_ROUTE_13_0,T2_MEDIUM_V1,route_query,PLAN_ROUTE,Please tell: How do I commute from Washermenpet to Airport by metro? [pattern F14] #2,en,Latn,CS0,N0,"{""origin"": ""Washermenpet"", ""destination"": ""Airport"", ""transport_mode"": ""metro""}","{""origin_id"": ""METRO_WASHERMENPET"", ""destination_id"": ""METRO_CHENNAI_INTERNATIONAL_AIRPORT""}",ANSWERABLE_WITH_PROVISIONAL_DATA,template_instantiation,TMPL_POINT_TO_POINT_ROUTE_EN_13
PILOT_T2_TR_001530,,SFAM_MODE_AVAILABILITY_013,FAM_MODE_AVAILABILITY_013,PARA_MODE_AVAILABILITY_12_0,T2_MEDIUM_V1,service_availability,CHECK_SERVICE_AVAILABILITY,Are there direct public transport options from Wimco Nagar Depot to Nelvoy? [avail F13],en,Latn,CS0,N0,"{""origin"": ""Wimco Nagar Depot"", ""destination"": ""Nelvoy"", ""transport_mode"": ""any""}","{""origin_id"": ""METRO_WIMCO_NAGAR"", ""destination_id"": ""BUS_469106564""}",ANSWERABLE_WITH_PROVISIONAL_DATA,template_instantiation,TMPL_MODE_AVAILABILITY_EN_12
PILOT_T2_TR_001531,,SFAM_TICKETING_AND_PASSES_016,FAM_TICKETING_AND_PASSES_016,PARA_TICKETING_AND_PASSES_15_4,T2_MEDIUM_V1,ticketing_rules,GET_TICKETING_POLICY,Commuter Tourist One-Day Pass ke application aur terms ki complete details F16,hi-en,Deva+Latn,CS4,N2,"{""ticket_type"": ""tourist_card"", ""transport_mode"": ""transit""}",{},ANSWERABLE_NOW,template_instantiation,TMPL_TICKETING_AND_PASSES_MIXED_SCRIPT_CS_15
PILOT_T2_TR_001532,,SFAM_ROUTE_STOP_MEMBERSHIP_012,FAM_ROUTE_STOP_MEMBERSHIP_012,PARA_ROUTE_STOP_MEMBERSHIP_11_3,T2_MEDIUM_V1,route_stops,CHECK_STOP_ON_ROUTE,Could you specify Verify if Walajabad bus stop is covered by route 22 CT (F12)? #3,hi-en,Latn,CS3,N2,"{""route_number"": ""22 CT"", ""stop"": ""Walajabad"", ""transport_mode"": ""bus""}","{""route_id"": ""GTFS_ROUTE_18753"", ""stop_id"": ""BUS_261716087""}",ANSWERABLE_WITH_PROVISIONAL_DATA,template_instantiation,TMPL_ROUTE_STOP_MEMBERSHIP_HINGLISH_LATN_11
PILOT_T2_TR_001533,,SFAM_STATION_FACILITIES_002,FAM_STATION_FACILITIES_002,PARA_STATION_FACILITIES_1_2,T2_MEDIUM_V1,station_facilities,GET_STATION_FACILITY,Quick check: kya chennai central station par passenger bike parking service available hai? [amenity F2] #4,hi,Latn,CS0,N0,"{""station"": ""chennai central"", ""facility_type"": ""two_wheeler_parking"", ""transport_mode"": ""metro""}","{""station_id"": ""METRO_PURATCHI_THALAIVAR_DR__M_G_RAMACHANDRAN_CENTRAL""}",ANSWERABLE_NOW,template_instantiation,TMPL_STATION_FACILITIES_HI_LATN_1
PILOT_T2_TR_001534,,SFAM_INTERCHANGE_TRANSFER_008,FAM_INTERCHANGE_TRANSFER_008,PARA_INTERCHANGE_TRANSFER_7_0,T2_MEDIUM_V1,interchange_query,GET_INTERCHANGE_DETAILS,How do I switch lines to connect towards Little Mount at High Court interchange? [xfer F8],en,Latn,CS0,N0,"{""station"": ""High Court"", ""destination"": ""Little Mount"", ""facility_type"": ""interchange""}","{""station_id"": ""METRO_HIGHCOURT"", ""destination_id"": ""METRO_LITTLE_MOUNT""}",ANSWERABLE_AFTER_MANUAL_VERIFICATION,template_instantiation,TMPL_INTERCHANGE_TRANSFER_EN_7
PILOT_T2_TR_001535,,SFAM_OUT_OF_SCOPE_017,FAM_OUT_OF_SCOPE_017,PARA_OUT_OF_SCOPE_16_2,T2_MEDIUM_V1,out_of_scope,REJECT_OUT_OF_SCOPE,Please tell: st thomas mount airport terminal ke flight delay timings check kijiye. [bahar F17] #2,hi,Latn,CS0,N1,"{""station"": ""st thomas mount""}","{""station_id"": ""METRO_ST__THOMAS_MOUNT""}",OUT_OF_SCOPE,template_instantiation,TMPL_OUT_OF_SCOPE_HI_LATN_16
PILOT_T2_TR_001536,,SFAM_NEAREST_TRANSPORT_010,FAM_NEAREST_TRANSPORT_010,PARA_NEAREST_TRANSPORT_9_2,T2_MEDIUM_V1,nearest_transport,FIND_NEAREST_STATION,Could you specify padalam hospital se closest walking distance metro transit point kaunsa hai? [paas F10]? #3,hi,Latn,CS0,N0,"{""landmark"": ""padalam hospital"", ""transport_mode"": ""metro""}","{""place_id"": ""OSM_POI_7257518724""}",ANSWERABLE_NOW,template_instantiation,TMPL_NEAREST_TRANSPORT_HI_LATN_9
PILOT_T2_TR_001537,,SFAM_STATION_ACCESSIBILITY_008,FAM_STATION_ACCESSIBILITY_008,PARA_STATION_ACCESSIBILITY_7_1,T2_MEDIUM_V1,accessibility,GET_ACCESSIBILITY_INFO,Could you specify क्या हाई कोर्ट स्टेशन पर दिव्यांग यात्रियों के लिए एस्केलेटर उपलब्ध है? (सुलभता F8)? #3,hi,Deva,CS0,N0,"{""station"": ""हाई कोर्ट"", ""accessibility_feature"": ""escalator"", ""transport_mode"": ""मेट्रो""}","{""station_id"": ""METRO_HIGHCOURT""}",ANSWERABLE_NOW,template_instantiation,TMPL_STATION_ACCESSIBILITY_HI_DEVA_7
PILOT_T2_TR_001538,,SFAM_MODE_AVAILABILITY_013,FAM_MODE_AVAILABILITY_013,PARA_MODE_AVAILABILITY_12_2,T2_MEDIUM_V1,service_availability,CHECK_SERVICE_AVAILABILITY,Quick check: wimco nagar depot se nelvoy tak direct transit options available hain kya? [suvidha F13] #4,hi,Latn,CS0,N0,"{""origin"": ""wimco nagar depot"", ""destination"": ""nelvoy"", ""transport_mode"": ""any""}","{""origin_id"": ""METRO_WIMCO_NAGAR"", ""destination_id"": ""BUS_469106564""}",ANSWERABLE_WITH_PROVISIONAL_DATA,template_instantiation,TMPL_MODE_AVAILABILITY_HI_LATN_12
PILOT_T2_TR_001539,,SFAM_OUT_OF_SCOPE_008,FAM_OUT_OF_SCOPE_008,PARA_OUT_OF_SCOPE_7_0,T2_MEDIUM_V1,out_of_scope,REJECT_OUT_OF_SCOPE,"Excuse me, Book a private cab taxi ride from High Court to Little Mount. [cab F8] #6",en,Latn,CS0,N0,"{""origin"": ""High Court"", ""destination"": ""Little Mount""}","{""origin_id"": ""METRO_HIGHCOURT"", ""destination_id"": ""METRO_LITTLE_MOUNT""}",OUT_OF_SCOPE,template_instantiation,TMPL_OUT_OF_SCOPE_EN_7
PILOT_T2_TR_001540,,SFAM_STATION_ACCESSIBILITY_005,FAM_STATION_ACCESSIBILITY_005,PARA_STATION_ACCESSIBILITY_4_0,T2_MEDIUM_V1,accessibility,GET_ACCESSIBILITY_INFO,Could you specify Are wheelchair ramp provisions available for differently abled passengers at CMBT? [a11y F5]? #3,en,Latn,CS0,N0,"{""station"": ""CMBT"", ""accessibility_feature"": ""wheelchair"", ""transport_mode"": ""metro""}","{""station_id"": ""METRO_PURATCHI_THALAIVI_DR_J_JAYALALITHAA_CMBT""}",ANSWERABLE_NOW,template_instantiation,TMPL_STATION_ACCESSIBILITY_EN_4
PILOT_T2_TR_001541,,SFAM_MODE_AVAILABILITY_003,FAM_MODE_AVAILABILITY_003,PARA_MODE_AVAILABILITY_2_1,T2_MEDIUM_V1,service_availability,CHECK_SERVICE_AVAILABILITY,"Excuse me, क्या गिंडी से अडयार के लिए कोई सार्वजनिक बस या ट्रेन उपलब्ध है? (उपलब्धता F3) #6",hi,Deva,CS0,N0,"{""origin"": ""गिंडी"", ""destination"": ""अडयार"", ""transport_mode"": ""सार्वजनिक बस या ट्रेन""}","{""origin_id"": ""METRO_GUINDY"", ""destination_id"": ""BUS_2587520213""}",ANSWERABLE_WITH_PROVISIONAL_DATA,template_instantiation,TMPL_MODE_AVAILABILITY_HI_DEVA_2
PILOT_T2_TR_001542,,SFAM_INTERCHANGE_TRANSFER_009,FAM_INTERCHANGE_TRANSFER_009,PARA_INTERCHANGE_TRANSFER_8_3,T2_MEDIUM_V1,interchange_query,GET_INTERCHANGE_DETAILS,Transfer walking time and directions at Thirumangalam multimodal terminal (F9),hi-en,Latn,CS3,N0,"{""station"": ""Thirumangalam"", ""facility_type"": ""interchange""}","{""station_id"": ""METRO_THIRUMANGALAM""}",ANSWERABLE_AFTER_MANUAL_VERIFICATION,template_instantiation,TMPL_INTERCHANGE_TRANSFER_HINGLISH_LATN_8
PILOT_T2_TR_001543,,SFAM_FARE_CALCULATION_007,FAM_FARE_CALCULATION_007,PARA_FARE_CALCULATION_6_1,T2_MEDIUM_V1,fare_query,CALCULATE_FARE,Could you specify वडपलनी से वॉशरमैनपेट तक का मेट्रो का टोकन किराया कितना रुपया है? (किराया F7)? #3,hi,Deva,CS0,N0,"{""origin"": ""वडपलनी"", ""destination"": ""वॉशरमैनपेट"", ""fare_type"": ""टोकन"", ""transport_mode"": ""मेट्रो""}","{""origin_id"": ""METRO_VADAPALANI"", ""destination_id"": ""METRO_WASHERMENPET""}",ANSWERABLE_NOW,template_instantiation,TMPL_FARE_CALCULATION_HI_DEVA_6
PILOT_T2_TR_001544,,SFAM_INTERCHANGE_TRANSFER_019,FAM_INTERCHANGE_TRANSFER_019,PARA_INTERCHANGE_TRANSFER_18_4,T2_MEDIUM_V1,interchange_query,GET_INTERCHANGE_DETAILS,Please tell: Kilpauk interchange par line switch connection point details check F19 #2,hi-en,Deva+Latn,CS4,N0,"{""station"": ""Kilpauk"", ""facility_type"": ""interchange""}","{""station_id"": ""METRO_KILPAUK""}",ANSWERABLE_AFTER_MANUAL_VERIFICATION,template_instantiation,TMPL_INTERCHANGE_TRANSFER_MIXED_SCRIPT_CS_18
PILOT_T2_TR_001545,,SFAM_FARE_CALCULATION_005,FAM_FARE_CALCULATION_005,PARA_FARE_CALCULATION_4_3,T2_MEDIUM_V1,fare_query,CALCULATE_FARE,Transit query: Calculate fare for travel between CMBT and Thousand Lights stations (F5) #5,hi-en,Latn,CS3,N0,"{""origin"": ""CMBT"", ""destination"": ""Thousand Lights"", ""transport_mode"": ""metro""}","{""origin_id"": ""METRO_PURATCHI_THALAIVI_DR_J_JAYALALITHAA_CMBT"", ""destination_id"": ""METRO_THOUSAND_LIGHTS""}",ANSWERABLE_NOW,template_instantiation,TMPL_FARE_CALCULATION_HINGLISH_LATN_4
PILOT_T2_TR_001546,,SFAM_NEAREST_TRANSPORT_010,FAM_NEAREST_TRANSPORT_010,PARA_NEAREST_TRANSPORT_9_1,T2_MEDIUM_V1,nearest_transport,FIND_NEAREST_STATION,"Excuse me, पडलम अस्पताल के सबसे निकटतम मेट्रो स्टेशन या बस स्टॉप कौन सा है? (निकट F10) #6",hi,Deva,CS0,N0,"{""landmark"": ""पडलम अस्पताल"", ""transport_mode"": ""मेट्रो या बस""}","{""place_id"": ""OSM_POI_7257518724""}",ANSWERABLE_NOW,template_instantiation,TMPL_NEAREST_TRANSPORT_HI_DEVA_9
PILOT_T2_TR_001547,,SFAM_STATION_ACCESSIBILITY_009,FAM_STATION_ACCESSIBILITY_009,PARA_STATION_ACCESSIBILITY_8_4,T2_MEDIUM_V1,accessibility,GET_ACCESSIBILITY_INFO,Please tell: Thirumangalam station par handicapped passengers ke liye wheelchair ramp support status F9 #2,hi-en,Deva+Latn,CS4,N0,"{""station"": ""Thirumangalam"", ""accessibility_feature"": ""wheelchair"", ""transport_mode"": ""metro""}","{""station_id"": ""METRO_THIRUMANGALAM""}",ANSWERABLE_NOW,template_instantiation,TMPL_STATION_ACCESSIBILITY_MIXED_SCRIPT_CS_8
PILOT_T2_TR_001548,,SFAM_NEAREST_TRANSPORT_012,FAM_NEAREST_TRANSPORT_012,PARA_NEAREST_TRANSPORT_11_3,T2_MEDIUM_V1,nearest_transport,FIND_NEAREST_STATION,Find closest public transport access point near IIT Madras (F12),hi-en,Latn,CS3,N0,"{""landmark"": ""IIT Madras"", ""transport_mode"": ""public transport""}","{""place_id"": ""OSM_POI_11013406019""}",ANSWERABLE_NOW,template_instantiation,TMPL_NEAREST_TRANSPORT_HINGLISH_LATN_11
PILOT_T2_TR_001549,,SFAM_SERVICE_FREQUENCY_004,FAM_SERVICE_FREQUENCY_004,PARA_SERVICE_FREQUENCY_3_0,T2_MEDIUM_V1,service_timing,GET_SERVICE_FREQUENCY,How many minutes between trains on the line connecting Alandur and Egmore? [freq F4],en,Latn,CS0,N0,"{""origin"": ""Alandur"", ""destination"": ""Egmore"", ""timing_type"": ""frequency"", ""transport_mode"": ""metro""}","{""origin_id"": ""METRO_ARIGNAR_ANNA_ALANDUR"", ""destination_id"": ""METRO_EGMORE""}",ANSWERABLE_NOW,template_instantiation,TMPL_SERVICE_FREQUENCY_EN_3
PILOT_T2_TR_001550,,SFAM_NEAREST_TRANSPORT_011,FAM_NEAREST_TRANSPORT_011,PARA_NEAREST_TRANSPORT_10_4,T2_MEDIUM_V1,nearest_transport,FIND_NEAREST_STATION,Please tell: Marina Beach ke pass nearest metro stop connection distance bataye F11 #2,hi-en,Deva+Latn,CS4,N0,"{""landmark"": ""Marina Beach"", ""transport_mode"": ""metro""}","{""place_id"": ""OSM_POI_12137617372""}",ANSWERABLE_NOW,template_instantiation,TMPL_NEAREST_TRANSPORT_MIXED_SCRIPT_CS_10
PILOT_T2_TR_001551,,SFAM_STATION_ACCESSIBILITY_003,FAM_STATION_ACCESSIBILITY_003,PARA_STATION_ACCESSIBILITY_2_0,T2_MEDIUM_V1,accessibility,GET_ACCESSIBILITY_INFO,Could you specify Are tactile floor paths provisions available for differently abled passengers at Guindy? [a11y F3]? #3,en,Latn,CS0,N0,"{""station"": ""Guindy"", ""accessibility_feature"": ""tactile_path"", ""transport_mode"": ""metro""}","{""station_id"": ""METRO_GUINDY""}",ANSWERABLE_NOW,template_instantiation,TMPL_STATION_ACCESSIBILITY_EN_2
PILOT_T2_TR_001552,,SFAM_ROUTE_STOP_SEQUENCE_014,FAM_ROUTE_STOP_SEQUENCE_014,PARA_ROUTE_STOP_SEQUENCE_13_2,T2_MEDIUM_V1,route_stops,LIST_ROUTE_STOPS,Please tell: Route Blue Line bus ke sare consecutive stops ki list check kare. [line F14] #2,hi,Latn,CS0,N0,"{""route_number"": ""Blue Line"", ""transport_mode"": ""bus""}","{""route_id"": ""CMRL_BLUE_CORRIDOR_1""}",ANSWERABLE_WITH_PROVISIONAL_DATA,template_instantiation,TMPL_ROUTE_STOP_SEQUENCE_HI_LATN_13
PILOT_T2_TR_001553,,SFAM_OUT_OF_SCOPE_010,FAM_OUT_OF_SCOPE_010,PARA_OUT_OF_SCOPE_9_4,T2_MEDIUM_V1,out_of_scope,REJECT_OUT_OF_SCOPE,Please tell: Anna Nagar Tower ke pass hotel reservation aur movie ticket booking service F10 #2,hi-en,Deva+Latn,CS4,N0,"{""station"": ""Anna Nagar Tower""}","{""station_id"": ""METRO_ANNA_NAGAR_TOWER""}",OUT_OF_SCOPE,template_instantiation,TMPL_OUT_OF_SCOPE_MIXED_SCRIPT_CS_9
PILOT_T2_TR_001554,,SFAM_ROUTE_STOP_SEQUENCE_012,FAM_ROUTE_STOP_SEQUENCE_012,PARA_ROUTE_STOP_SEQUENCE_11_1,T2_MEDIUM_V1,route_stops,LIST_ROUTE_STOPS,Could you specify बस रूट 22 CT के सभी ठहरावों की क्रमबद्ध सूची दिखाएं। (क्रम F12)? #3,hi,Deva,CS0,N0,"{""route_number"": ""22 CT"", ""transport_mode"": ""बस""}","{""route_id"": ""GTFS_ROUTE_18753""}",ANSWERABLE_WITH_PROVISIONAL_DATA,template_instantiation,TMPL_ROUTE_STOP_SEQUENCE_HI_DEVA_11
PILOT_T2_TR_001555,,SFAM_REALTIME_STATUS_QUERY_009,FAM_REALTIME_STATUS_QUERY_009,PARA_REALTIME_STATUS_QUERY_8_1,T2_MEDIUM_V1,realtime_status_query,REJECT_UNSUPPORTED_REALTIME,Quick check: क्या तिरुमंगलम से आने वाली ट्रेन अभी लेट चल रही है लाइव स्थिति बताएं? (ताज़ा F9) #4,hi,Deva,CS0,N0,"{""origin"": ""तिरुमंगलम"", ""transport_mode"": ""ट्रेन""}","{""origin_id"": ""METRO_THIRUMANGALAM""}",REQUIRES_REALTIME_DATA,template_instantiation,TMPL_REALTIME_STATUS_QUERY_HI_DEVA_8
PILOT_T2_TR_001556,,SFAM_MODE_AVAILABILITY_018,FAM_MODE_AVAILABILITY_018,PARA_MODE_AVAILABILITY_17_0,T2_MEDIUM_V1,service_availability,CHECK_SERVICE_AVAILABILITY,Could you specify Are there direct public transport options from Nehru Park to Broadway? [avail F18]? #3,en,Latn,CS0,N0,"{""origin"": ""Nehru Park"", ""destination"": ""Broadway"", ""transport_mode"": ""any""}","{""origin_id"": ""METRO_NEHRU_PARK"", ""destination_id"": ""BUS_27618346""}",ANSWERABLE_WITH_PROVISIONAL_DATA,template_instantiation,TMPL_MODE_AVAILABILITY_EN_17
PILOT_T2_TR_001557,,SFAM_REALTIME_STATUS_QUERY_014,FAM_REALTIME_STATUS_QUERY_014,PARA_REALTIME_STATUS_QUERY_13_1,T2_MEDIUM_V1,realtime_status_query,REJECT_UNSUPPORTED_REALTIME,Please tell: क्या वॉशरमैनपेट से आने वाली ट्रेन अभी लेट चल रही है लाइव स्थिति बताएं? (ताज़ा F14) #2,hi,Deva,CS0,N0,"{""origin"": ""वॉशरमैनपेट"", ""transport_mode"": ""ट्रेन""}","{""origin_id"": ""METRO_WASHERMENPET""}",REQUIRES_REALTIME_DATA,template_instantiation,TMPL_REALTIME_STATUS_QUERY_HI_DEVA_13
PILOT_T2_TR_001558,,SFAM_FARE_CALCULATION_012,FAM_FARE_CALCULATION_012,PARA_FARE_CALCULATION_11_0,T2_MEDIUM_V1,fare_query,CALCULATE_FARE,Transit query: What is the single-journey ticket fare from Thousand Lights to Kilpauk on metro? [fare F12] #5,en,Latn,CS0,N0,"{""origin"": ""Thousand Lights"", ""destination"": ""Kilpauk"", ""fare_type"": ""token"", ""transport_mode"": ""metro""}","{""origin_id"": ""METRO_THOUSAND_LIGHTS"", ""destination_id"": ""METRO_KILPAUK""}",ANSWERABLE_NOW,template_instantiation,TMPL_FARE_CALCULATION_EN_11
PILOT_T2_TR_001559,,SFAM_ROUTE_STOP_SEQUENCE_016,FAM_ROUTE_STOP_SEQUENCE_016,PARA_ROUTE_STOP_SEQUENCE_15_3,T2_MEDIUM_V1,route_stops,LIST_ROUTE_STOPS,Please tell: Full stop order details for bus number 21G please provide (F16) #2,hi-en,Latn,CS3,N0,"{""route_number"": ""21G"", ""transport_mode"": ""bus""}","{""route_id"": ""GTFS_ROUTE_8458""}",ANSWERABLE_WITH_PROVISIONAL_DATA,template_instantiation,TMPL_ROUTE_STOP_SEQUENCE_HINGLISH_LATN_15
PILOT_T2_TR_001560,,SFAM_STATION_FACILITIES_001,FAM_STATION_FACILITIES_001,PARA_STATION_FACILITIES_0_0,T2_MEDIUM_V1,station_facilities,GET_STATION_FACILITY,"Excuse me, Is car parking facility available at Airport metro station? [fac F1] #6",en,Latn,CS0,N0,"{""station"": ""Airport"", ""facility_type"": ""parking"", ""transport_mode"": ""metro""}","{""station_id"": ""METRO_CHENNAI_INTERNATIONAL_AIRPORT""}",ANSWERABLE_NOW,template_instantiation,TMPL_STATION_FACILITIES_EN_0
PILOT_T2_TR_001561,,SFAM_STATION_ACCESSIBILITY_010,FAM_STATION_ACCESSIBILITY_010,PARA_STATION_ACCESSIBILITY_9_1,T2_MEDIUM_V1,accessibility,GET_ACCESSIBILITY_INFO,Could you specify क्या अन्ना नगर टावर स्टेशन पर दिव्यांग यात्रियों के लिए यात्री लिफ्ट उपलब्ध है? (सुलभता F10)? #3,hi,Deva,CS0,N0,"{""station"": ""अन्ना नगर टावर"", ""accessibility_feature"": ""lift"", ""transport_mode"": ""मेट्रो""}","{""station_id"": ""METRO_ANNA_NAGAR_TOWER""}",ANSWERABLE_NOW,template_instantiation,TMPL_STATION_ACCESSIBILITY_HI_DEVA_9
PILOT_T2_TR_001562,,SFAM_INTERCHANGE_TRANSFER_018,FAM_INTERCHANGE_TRANSFER_018,PARA_INTERCHANGE_TRANSFER_17_3,T2_MEDIUM_V1,interchange_query,GET_INTERCHANGE_DETAILS,Transfer walking time and directions at Nehru Park multimodal terminal (F18),hi-en,Latn,CS3,N0,"{""station"": ""Nehru Park"", ""facility_type"": ""interchange""}","{""station_id"": ""METRO_NEHRU_PARK""}",ANSWERABLE_AFTER_MANUAL_VERIFICATION,template_instantiation,TMPL_INTERCHANGE_TRANSFER_HINGLISH_LATN_17
PILOT_T2_TR_001563,,SFAM_INTERCHANGE_TRANSFER_020,FAM_INTERCHANGE_TRANSFER_020,PARA_INTERCHANGE_TRANSFER_19_2,T2_MEDIUM_V1,interchange_query,GET_INTERCHANGE_DETAILS,Could you specify pachaiyappa college hub par metro line change karke vadapalani kaise jaye? [platform F20]? #3,hi,Latn,CS0,N0,"{""station"": ""pachaiyappa college"", ""destination"": ""vadapalani"", ""facility_type"": ""interchange""}","{""station_id"": ""METRO_PACHAIYAPPA_S_COLLEGE"", ""destination_id"": ""METRO_VADAPALANI""}",ANSWERABLE_AFTER_MANUAL_VERIFICATION,template_instantiation,TMPL_INTERCHANGE_TRANSFER_HI_LATN_19
PILOT_T2_TR_001564,,SFAM_STATION_ACCESSIBILITY_009,FAM_STATION_ACCESSIBILITY_009,PARA_STATION_ACCESSIBILITY_8_0,T2_MEDIUM_V1,accessibility,GET_ACCESSIBILITY_INFO,Transit query: Are wheelchair ramp provisions available for differently abled passengers at Thirumangalam? [a11y F9] #5,en,Latn,CS0,N0,"{""station"": ""Thirumangalam"", ""accessibility_feature"": ""wheelchair"", ""transport_mode"": ""metro""}","{""station_id"": ""METRO_THIRUMANGALAM""}",ANSWERABLE_NOW,template_instantiation,TMPL_STATION_ACCESSIBILITY_EN_8
PILOT_T2_TR_001565,,SFAM_ROUTE_STOP_MEMBERSHIP_002,FAM_ROUTE_STOP_MEMBERSHIP_002,PARA_ROUTE_STOP_MEMBERSHIP_1_3,T2_MEDIUM_V1,route_stops,CHECK_STOP_ON_ROUTE,Could you specify Verify if Broadway bus stop is covered by route 102 (F2)? #3,hi-en,Latn,CS3,N0,"{""route_number"": ""102"", ""stop"": ""Broadway"", ""transport_mode"": ""bus""}","{""route_id"": ""GTFS_ROUTE_16861"", ""stop_id"": ""BUS_27618346""}",ANSWERABLE_WITH_PROVISIONAL_DATA,template_instantiation,TMPL_ROUTE_STOP_MEMBERSHIP_HINGLISH_LATN_1
PILOT_T2_TR_001566,,SFAM_INTERCHANGE_TRANSFER_013,FAM_INTERCHANGE_TRANSFER_013,PARA_INTERCHANGE_TRANSFER_12_1,T2_MEDIUM_V1,interchange_query,GET_INTERCHANGE_DETAILS,विमको नगर इंटरचेंज पर दूसरी लाइन में ट्रांसफर करने का मार्ग क्या है? (बदलाव F13),hi,Deva,CS0,N1,"{""station"": ""विमको नगर"", ""facility_type"": ""इंटरचेंज""}","{""station_id"": ""METRO_WIMCO_NAGAR""}",ANSWERABLE_AFTER_MANUAL_VERIFICATION,template_instantiation,TMPL_INTERCHANGE_TRANSFER_HI_DEVA_12
PILOT_T2_TR_001567,,SFAM_MODE_AVAILABILITY_004,FAM_MODE_AVAILABILITY_004,PARA_MODE_AVAILABILITY_3_1,T2_MEDIUM_V1,service_availability,CHECK_SERVICE_AVAILABILITY,Please tell: क्या आलंदूर से वेलाचेरी के लिए कोई सार्वजनिक बस या ट्रेन उपलब्ध है? (उपलब्धता F4) #2,hi,Deva,CS0,N0,"{""origin"": ""आलंदूर"", ""destination"": ""वेलाचेरी"", ""transport_mode"": ""सार्वजनिक बस या ट्रेन""}","{""origin_id"": ""METRO_ARIGNAR_ANNA_ALANDUR"", ""destination_id"": ""BUS_1764308008""}",ANSWERABLE_WITH_PROVISIONAL_DATA,template_instantiation,TMPL_MODE_AVAILABILITY_HI_DEVA_3
PILOT_T2_TR_001568,,SFAM_STATION_ACCESSIBILITY_010,FAM_STATION_ACCESSIBILITY_010,PARA_STATION_ACCESSIBILITY_9_4,T2_MEDIUM_V1,accessibility,GET_ACCESSIBILITY_INFO,Please tell: Anna Nagar Tower station par handicapped passengers ke liye passenger elevator lift support status F10 #2,hi-en,Deva+Latn,CS4,N0,"{""station"": ""Anna Nagar Tower"", ""accessibility_feature"": ""lift"", ""transport_mode"": ""metro""}","{""station_id"": ""METRO_ANNA_NAGAR_TOWER""}",ANSWERABLE_NOW,template_instantiation,TMPL_STATION_ACCESSIBILITY_MIXED_SCRIPT_CS_9
PILOT_T2_TR_001569,,SFAM_REALTIME_STATUS_QUERY_012,FAM_REALTIME_STATUS_QUERY_012,PARA_REALTIME_STATUS_QUERY_11_2,T2_MEDIUM_V1,realtime_status_query,REJECT_UNSUPPORTED_REALTIME,Quick check: Bus 22 CT ka real time current gps location update kahan pahuncha? [track F12] #4,hi,Latn,CS0,N0,"{""route_number"": ""22 CT"", ""transport_mode"": ""bus""}","{""route_id"": ""GTFS_ROUTE_18753""}",REQUIRES_REALTIME_DATA,template_instantiation,TMPL_REALTIME_STATUS_QUERY_HI_LATN_11
PILOT_T2_TR_001570,,SFAM_ROUTE_STOP_SEQUENCE_006,FAM_ROUTE_STOP_SEQUENCE_006,PARA_ROUTE_STOP_SEQUENCE_5_1,T2_MEDIUM_V1,route_stops,LIST_ROUTE_STOPS,Could you specify बस रूट 29C के सभी ठहरावों की क्रमबद्ध सूची दिखाएं। (क्रम F6)? #3,hi,Deva,CS0,N0,"{""route_number"": ""29C"", ""transport_mode"": ""बस""}","{""route_id"": ""GTFS_ROUTE_8631""}",ANSWERABLE_WITH_PROVISIONAL_DATA,template_instantiation,TMPL_ROUTE_STOP_SEQUENCE_HI_DEVA_5
PILOT_T2_TR_001571,,SFAM_REALTIME_STATUS_QUERY_017,FAM_REALTIME_STATUS_QUERY_017,PARA_REALTIME_STATUS_QUERY_16_1,T2_MEDIUM_V1,realtime_status_query,REJECT_UNSUPPORTED_REALTIME,Transit query: क्या सेंट थॉमस माउंट से आने वाली ट्रेन अभी लेट चल रही है लाइव स्थिति बताएं? (ताज़ा F17) #5,hi,Deva,CS0,N2,"{""origin"": ""सेंट थॉमस माउंट"", ""transport_mode"": ""ट्रेन""}","{""origin_id"": ""METRO_ST__THOMAS_MOUNT""}",REQUIRES_REALTIME_DATA,template_instantiation,TMPL_REALTIME_STATUS_QUERY_HI_DEVA_16
PILOT_T2_TR_001572,,SFAM_SCHEDULED_DEPARTURE_004,FAM_SCHEDULED_DEPARTURE_004,PARA_SCHEDULED_DEPARTURE_3_4,T2_MEDIUM_V1,service_timing,GET_SCHEDULED_DEPARTURES,Alandur से bare 8 baje departure timings schedule status F4,hi-en,Deva+Latn,CS4,N0,"{""origin"": ""Alandur"", ""time"": ""8 baje"", ""temporal_ambiguity"": true, ""dual_candidates"": [""08:00:00"", ""20:00:00""]}","{""origin_id"": ""METRO_ARIGNAR_ANNA_ALANDUR""}",ANSWERABLE_NOW,template_instantiation,TMPL_SCHEDULED_DEPARTURE_MIXED_SCRIPT_CS_3
PILOT_T2_TR_001573,,SFAM_FARE_CALCULATION_005,FAM_FARE_CALCULATION_005,PARA_FARE_CALCULATION_4_0,T2_MEDIUM_V1,fare_query,CALCULATE_FARE,Quick check: What is the single-journey ticket fare from CMBT to Thousand Lights on metro? [fare F5] #4,en,Latn,CS0,N0,"{""origin"": ""CMBT"", ""destination"": ""Thousand Lights"", ""fare_type"": ""token"", ""transport_mode"": ""metro""}","{""origin_id"": ""METRO_PURATCHI_THALAIVI_DR_J_JAYALALITHAA_CMBT"", ""destination_id"": ""METRO_THOUSAND_LIGHTS""}",ANSWERABLE_NOW,template_instantiation,TMPL_FARE_CALCULATION_EN_4
PILOT_T2_TR_001574,,SFAM_OUT_OF_SCOPE_010,FAM_OUT_OF_SCOPE_010,PARA_OUT_OF_SCOPE_9_2,T2_MEDIUM_V1,out_of_scope,REJECT_OUT_OF_SCOPE,Quick check: anna nagar tower airport terminal ke flight delay timings check kijiye. [bahar F10] #4,hi,Latn,CS0,N0,"{""station"": ""anna nagar tower""}","{""station_id"": ""METRO_ANNA_NAGAR_TOWER""}",OUT_OF_SCOPE,template_instantiation,TMPL_OUT_OF_SCOPE_HI_LATN_9
PILOT_T2_TR_001575,,SFAM_TICKETING_AND_PASSES_019,FAM_TICKETING_AND_PASSES_019,PARA_TICKETING_AND_PASSES_18_2,T2_MEDIUM_V1,ticketing_rules,GET_TICKETING_POLICY,monthly pass recharge karne ka guidelines aur validity rule bataye. [card F19],hi,Latn,CS0,N0,"{""ticket_type"": ""monthly_pass"", ""transport_mode"": ""transit""}",{},ANSWERABLE_NOW,template_instantiation,TMPL_TICKETING_AND_PASSES_HI_LATN_18
PILOT_T2_TR_001576,,SFAM_SERVICE_FREQUENCY_016,FAM_SERVICE_FREQUENCY_016,PARA_SERVICE_FREQUENCY_15_0,T2_MEDIUM_V1,service_timing,GET_SERVICE_FREQUENCY,Please tell: How many minutes between trains on the line connecting Saidapet and Guindy? [freq F16] #2,en,Latn,CS0,N0,"{""origin"": ""Saidapet"", ""destination"": ""Guindy"", ""timing_type"": ""frequency"", ""transport_mode"": ""metro""}","{""origin_id"": ""METRO_SAIDAPET"", ""destination_id"": ""METRO_GUINDY""}",ANSWERABLE_NOW,template_instantiation,TMPL_SERVICE_FREQUENCY_EN_15
PILOT_T2_TR_001577,,SFAM_FIRST_AND_LAST_SERVICE_001,FAM_FIRST_AND_LAST_SERVICE_001,PARA_FIRST_AND_LAST_SERVICE_0_1,T2_MEDIUM_V1,service_timing,GET_FIRST_LAST_SERVICE,एयरपोर्ट से हाई कोर्ट के लिए पहली और आखिरी ट्रेन का समय क्या है? (समय F1),hi,Deva,CS0,N0,"{""origin"": ""एयरपोर्ट"", ""destination"": ""हाई कोर्ट"", ""timing_type"": ""first_last"", ""transport_mode"": ""ट्रेन""}","{""origin_id"": ""METRO_CHENNAI_INTERNATIONAL_AIRPORT"", ""destination_id"": ""METRO_HIGHCOURT""}",ANSWERABLE_NOW,template_instantiation,TMPL_FIRST_AND_LAST_SERVICE_HI_DEVA_0
PILOT_T2_TR_001578,,SFAM_OUT_OF_SCOPE_010,FAM_OUT_OF_SCOPE_010,PARA_OUT_OF_SCOPE_9_0,T2_MEDIUM_V1,out_of_scope,REJECT_OUT_OF_SCOPE,Transit query: Book a private cab taxi ride from Anna Nagar Tower to St. Thomas Mount. [cab F10] #5,en,Latn,CS0,N0,"{""origin"": ""Anna Nagar Tower"", ""destination"": ""St. Thomas Mount""}","{""origin_id"": ""METRO_ANNA_NAGAR_TOWER"", ""destination_id"": ""METRO_ST__THOMAS_MOUNT""}",OUT_OF_SCOPE,template_instantiation,TMPL_OUT_OF_SCOPE_EN_9
PILOT_T2_TR_001579,,SFAM_OUT_OF_SCOPE_020,FAM_OUT_OF_SCOPE_020,PARA_OUT_OF_SCOPE_19_1,T2_MEDIUM_V1,out_of_scope,REJECT_OUT_OF_SCOPE,Could you specify पचैयप्पा कॉलेज के निकटतम सबसे अच्छे रेस्टोरेंट और भोजनालय की सूची दें। (बाहर F20)? #3,hi,Deva,CS0,N0,"{""station"": ""पचैयप्पा कॉलेज""}","{""station_id"": ""METRO_PACHAIYAPPA_S_COLLEGE""}",OUT_OF_SCOPE,template_instantiation,TMPL_OUT_OF_SCOPE_HI_DEVA_19
PILOT_T2_TR_001580,,SFAM_FARE_CALCULATION_008,FAM_FARE_CALCULATION_008,PARA_FARE_CALCULATION_7_1,T2_MEDIUM_V1,fare_query,CALCULATE_FARE,Transit query: हाई कोर्ट से लिटिल माउंट तक का मेट्रो का टोकन किराया कितना रुपया है? (किराया F8) #5,hi,Deva,CS0,N2,"{""origin"": ""हाई कोर्ट"", ""destination"": ""लिटिल माउंट"", ""fare_type"": ""टोकन"", ""transport_mode"": ""मेट्रो""}","{""origin_id"": ""METRO_HIGHCOURT"", ""destination_id"": ""METRO_LITTLE_MOUNT""}",ANSWERABLE_NOW,template_instantiation,TMPL_FARE_CALCULATION_HI_DEVA_7
PILOT_T2_TR_001581,,SFAM_OUT_OF_SCOPE_009,FAM_OUT_OF_SCOPE_009,PARA_OUT_OF_SCOPE_8_1,T2_MEDIUM_V1,out_of_scope,REJECT_OUT_OF_SCOPE,तिरुमंगलम के निकटतम सबसे अच्छे रेस्टोरेंट और भोजनालय की सूची दें। (बाहर F9),hi,Deva,CS0,N1,"{""station"": ""तिरुमंगलम""}","{""station_id"": ""METRO_THIRUMANGALAM""}",OUT_OF_SCOPE,template_instantiation,TMPL_OUT_OF_SCOPE_HI_DEVA_8
PILOT_T2_TR_001582,,SFAM_OUT_OF_SCOPE_015,FAM_OUT_OF_SCOPE_015,PARA_OUT_OF_SCOPE_14_2,T2_MEDIUM_V1,out_of_scope,REJECT_OUT_OF_SCOPE,Quick check: little mount airport terminal ke flight delay timings check kijiye. [bahar F15] #4,hi,Latn,CS0,N0,"{""station"": ""little mount""}","{""station_id"": ""METRO_LITTLE_MOUNT""}",OUT_OF_SCOPE,template_instantiation,TMPL_OUT_OF_SCOPE_HI_LATN_14
PILOT_T2_TR_001583,,SFAM_MULTIMODAL_ROUTE_015,FAM_MULTIMODAL_ROUTE_015,PARA_MULTIMODAL_ROUTE_14_2,T2_MEDIUM_V1,route_query,PLAN_MULTIMODAL_ROUTE,Please tell: bus stand se chennai central bus aur metro switch karke shortest transit kya hai? [opt F15] #2,hi,Latn,CS0,N0,"{""origin"": ""bus stand"", ""destination"": ""chennai central"", ""transport_mode"": ""bus aur metro""}","{""origin_id"": ""BUS_5300484122"", ""destination_id"": ""METRO_PURATCHI_THALAIVAR_DR__M_G_RAMACHANDRAN_CENTRAL""}",ANSWERABLE_WITH_PROVISIONAL_DATA,template_instantiation,TMPL_MULTIMODAL_ROUTE_HI_LATN_14
PILOT_T2_TR_001584,,SFAM_STATION_FACILITIES_014,FAM_STATION_FACILITIES_014,PARA_STATION_FACILITIES_13_3,T2_MEDIUM_V1,station_facilities,GET_STATION_FACILITY,Could you specify Does Washermenpet station premises include operational two-wheeler bike parking (F14)?? #3,hi-en,Latn,CS3,N0,"{""station"": ""Washermenpet"", ""facility_type"": ""two_wheeler_parking"", ""transport_mode"": ""metro""}","{""station_id"": ""METRO_WASHERMENPET""}",ANSWERABLE_NOW,template_instantiation,TMPL_STATION_FACILITIES_HINGLISH_LATN_13
PILOT_T2_TR_001585,,SFAM_STATION_FACILITIES_016,FAM_STATION_FACILITIES_016,PARA_STATION_FACILITIES_15_3,T2_MEDIUM_V1,station_facilities,GET_STATION_FACILITY,Transit query: Does Saidapet station premises include operational bicycle parking stand (F16)? #5,hi-en,Latn,CS3,N0,"{""station"": ""Saidapet"", ""facility_type"": ""bicycle_stand"", ""transport_mode"": ""metro""}","{""station_id"": ""METRO_SAIDAPET""}",ANSWERABLE_NOW,template_instantiation,TMPL_STATION_FACILITIES_HINGLISH_LATN_15
PILOT_T2_TR_001586,,SFAM_OUT_OF_SCOPE_006,FAM_OUT_OF_SCOPE_006,PARA_OUT_OF_SCOPE_5_0,T2_MEDIUM_V1,out_of_scope,REJECT_OUT_OF_SCOPE,"Excuse me, Book a private cab taxi ride from Koyambedu to Wimco Nagar Depot. [cab F6] #6",en,Latn,CS0,N0,"{""origin"": ""Koyambedu"", ""destination"": ""Wimco Nagar Depot""}","{""origin_id"": ""METRO_KOYAMBEDU"", ""destination_id"": ""METRO_WIMCO_NAGAR""}",OUT_OF_SCOPE,template_instantiation,TMPL_OUT_OF_SCOPE_EN_5
PILOT_T2_TR_001587,,SFAM_NEAREST_TRANSPORT_017,FAM_NEAREST_TRANSPORT_017,PARA_NEAREST_TRANSPORT_16_0,T2_MEDIUM_V1,nearest_transport,FIND_NEAREST_STATION,Quick check: Which is the nearest metro station or transit stop to Mother Child Hospital? [loc F17] #4,en,Latn,CS0,N0,"{""landmark"": ""Mother Child Hospital"", ""transport_mode"": ""metro""}","{""place_id"": ""OSM_POI_7257518731""}",ANSWERABLE_NOW,template_instantiation,TMPL_NEAREST_TRANSPORT_EN_16
PILOT_T2_TR_001588,,SFAM_STATION_FACILITIES_014,FAM_STATION_FACILITIES_014,PARA_STATION_FACILITIES_13_0,T2_MEDIUM_V1,station_facilities,GET_STATION_FACILITY,"Excuse me, Is two-wheeler bike parking facility available at Washermenpet metro station? [fac F14] #6",en,Latn,CS0,N0,"{""station"": ""Washermenpet"", ""facility_type"": ""two_wheeler_parking"", ""transport_mode"": ""metro""}","{""station_id"": ""METRO_WASHERMENPET""}",ANSWERABLE_NOW,template_instantiation,TMPL_STATION_FACILITIES_EN_13
PILOT_T2_TR_001589,,SFAM_MODE_AVAILABILITY_005,FAM_MODE_AVAILABILITY_005,PARA_MODE_AVAILABILITY_4_0,T2_MEDIUM_V1,service_availability,CHECK_SERVICE_AVAILABILITY,Quick check: Are there direct public transport options from CMBT to Besant Nagar? [avail F5] #4,en,Latn,CS0,N0,"{""origin"": ""CMBT"", ""destination"": ""Besant Nagar"", ""transport_mode"": ""any""}","{""origin_id"": ""METRO_PURATCHI_THALAIVI_DR_J_JAYALALITHAA_CMBT"", ""destination_id"": ""BUS_417750654""}",ANSWERABLE_WITH_PROVISIONAL_DATA,template_instantiation,TMPL_MODE_AVAILABILITY_EN_4
PILOT_T2_TR_001590,,SFAM_STATION_ACCESSIBILITY_006,FAM_STATION_ACCESSIBILITY_006,PARA_STATION_ACCESSIBILITY_5_1,T2_MEDIUM_V1,accessibility,GET_ACCESSIBILITY_INFO,क्या कोयम्बेडु स्टेशन पर दिव्यांग यात्रियों के लिए यात्री लिफ्ट उपलब्ध है? (सुलभता F6),hi,Deva,CS0,N1,"{""station"": ""कोयम्बेडु"", ""accessibility_feature"": ""lift"", ""transport_mode"": ""मेट्रो""}","{""station_id"": ""METRO_KOYAMBEDU""}",ANSWERABLE_NOW,template_instantiation,TMPL_STATION_ACCESSIBILITY_HI_DEVA_5
PILOT_T2_TR_001591,,SFAM_ROUTE_STOP_MEMBERSHIP_006,FAM_ROUTE_STOP_MEMBERSHIP_006,PARA_ROUTE_STOP_MEMBERSHIP_5_1,T2_MEDIUM_V1,route_stops,CHECK_STOP_ON_ROUTE,क्या बस 29C पूनमल्ली स्टॉप पर रुकती है? (जांच F6),hi,Deva,CS0,N0,"{""route_number"": ""29C"", ""stop"": ""पूनमल्ली"", ""transport_mode"": ""बस""}","{""route_id"": ""GTFS_ROUTE_8631"", ""stop_id"": ""BUS_13972050953""}",ANSWERABLE_WITH_PROVISIONAL_DATA,template_instantiation,TMPL_ROUTE_STOP_MEMBERSHIP_HI_DEVA_5
PILOT_T2_TR_001592,,SFAM_REALTIME_STATUS_QUERY_019,FAM_REALTIME_STATUS_QUERY_019,PARA_REALTIME_STATUS_QUERY_18_2,T2_MEDIUM_V1,realtime_status_query,REJECT_UNSUPPORTED_REALTIME,Bus 570 ka real time current gps location update kahan pahuncha? [track F19],hi,Latn,CS0,N0,"{""route_number"": ""570"", ""transport_mode"": ""bus""}","{""route_id"": ""GTFS_ROUTE_17967""}",REQUIRES_REALTIME_DATA,template_instantiation,TMPL_REALTIME_STATUS_QUERY_HI_LATN_18
PILOT_T2_TR_001593,,SFAM_STATION_ACCESSIBILITY_010,FAM_STATION_ACCESSIBILITY_010,PARA_STATION_ACCESSIBILITY_9_1,T2_MEDIUM_V1,accessibility,GET_ACCESSIBILITY_INFO,"Excuse me, क्या अन्ना नगर टावर स्टेशन पर दिव्यांग यात्रियों के लिए यात्री लिफ्ट उपलब्ध है? (सुलभता F10) #6",hi,Deva,CS0,N0,"{""station"": ""अन्ना नगर टावर"", ""accessibility_feature"": ""lift"", ""transport_mode"": ""मेट्रो""}","{""station_id"": ""METRO_ANNA_NAGAR_TOWER""}",ANSWERABLE_NOW,template_instantiation,TMPL_STATION_ACCESSIBILITY_HI_DEVA_9
PILOT_T2_TR_001594,,SFAM_MODE_AVAILABILITY_004,FAM_MODE_AVAILABILITY_004,PARA_MODE_AVAILABILITY_3_0,T2_MEDIUM_V1,service_availability,CHECK_SERVICE_AVAILABILITY,Transit query: Are there direct public transport options from Alandur to Velachery? [avail F4] #5,en,Latn,CS0,N0,"{""origin"": ""Alandur"", ""destination"": ""Velachery"", ""transport_mode"": ""any""}","{""origin_id"": ""METRO_ARIGNAR_ANNA_ALANDUR"", ""destination_id"": ""BUS_1764308008""}",ANSWERABLE_WITH_PROVISIONAL_DATA,template_instantiation,TMPL_MODE_AVAILABILITY_EN_3
PILOT_T2_TR_001595,,SFAM_STATION_ACCESSIBILITY_008,FAM_STATION_ACCESSIBILITY_008,PARA_STATION_ACCESSIBILITY_7_2,T2_MEDIUM_V1,accessibility,GET_ACCESSIBILITY_INFO,Could you specify kya high court metro station me wheelchair disabled ke liye escalator hai? [barrier-free F8]? #3,hi,Latn,CS0,N0,"{""station"": ""high court"", ""accessibility_feature"": ""escalator"", ""transport_mode"": ""metro""}","{""station_id"": ""METRO_HIGHCOURT""}",ANSWERABLE_NOW,template_instantiation,TMPL_STATION_ACCESSIBILITY_HI_LATN_7
PILOT_T2_TR_001596,,SFAM_NEAREST_TRANSPORT_013,FAM_NEAREST_TRANSPORT_013,PARA_NEAREST_TRANSPORT_12_2,T2_MEDIUM_V1,nearest_transport,FIND_NEAREST_STATION,Quick check: great lakes institute se closest walking distance metro transit point kaunsa hai? [paas F13] #4,hi,Latn,CS0,N0,"{""landmark"": ""great lakes institute"", ""transport_mode"": ""metro""}","{""place_id"": ""OSM_POI_577328882""}",ANSWERABLE_NOW,template_instantiation,TMPL_NEAREST_TRANSPORT_HI_LATN_12
PILOT_T2_TR_001597,,SFAM_TICKETING_AND_PASSES_011,FAM_TICKETING_AND_PASSES_011,PARA_TICKETING_AND_PASSES_10_3,T2_MEDIUM_V1,ticketing_rules,GET_TICKETING_POLICY,Quick check: How can regular passengers apply for and renew Student Concession Card (F11)? #4,hi-en,Latn,CS3,N0,"{""ticket_type"": ""student_pass"", ""transport_mode"": ""transit""}",{},ANSWERABLE_NOW,template_instantiation,TMPL_TICKETING_AND_PASSES_HINGLISH_LATN_10
PILOT_T2_TR_001598,,SFAM_SCHEDULED_DEPARTURE_009,FAM_SCHEDULED_DEPARTURE_009,PARA_SCHEDULED_DEPARTURE_8_1,T2_MEDIUM_V1,service_timing,GET_SCHEDULED_DEPARTURES,तिरुमंगलम से सुबह 8 बजे छूटने वाली गाड़ियों की समय सारणी दिखाएं। (समय F9),hi,Deva,CS0,N0,"{""origin"": ""तिरुमंगलम"", ""time"": ""सुबह 8 बजे"", ""resolved_time"": ""08:00:00""}","{""origin_id"": ""METRO_THIRUMANGALAM""}",ANSWERABLE_NOW,template_instantiation,TMPL_SCHEDULED_DEPARTURE_HI_DEVA_8
PILOT_T2_TR_001599,,SFAM_FARE_CALCULATION_008,FAM_FARE_CALCULATION_008,PARA_FARE_CALCULATION_7_3,T2_MEDIUM_V1,fare_query,CALCULATE_FARE,"Excuse me, Calculate fare for travel between High Court and Little Mount stations (F8) #6",hi-en,Latn,CS3,N2,"{""origin"": ""High Court"", ""destination"": ""Little Mount"", ""transport_mode"": ""metro""}","{""origin_id"": ""METRO_HIGHCOURT"", ""destination_id"": ""METRO_LITTLE_MOUNT""}",ANSWERABLE_NOW,template_instantiation,TMPL_FARE_CALCULATION_HINGLISH_LATN_7
PILOT_T2_TR_001600,,SFAM_INTERCHANGE_TRANSFER_018,FAM_INTERCHANGE_TRANSFER_018,PARA_INTERCHANGE_TRANSFER_17_1,T2_MEDIUM_V1,interchange_query,GET_INTERCHANGE_DETAILS,नेहरू पार्क इंटरचेंज पर दूसरी लाइन में ट्रांसफर करने का मार्ग क्या है? (बदलाव F18),hi,Deva,CS0,N1,"{""station"": ""नेहरू पार्क"", ""facility_type"": ""इंटरचेंज""}","{""station_id"": ""METRO_NEHRU_PARK""}",ANSWERABLE_AFTER_MANUAL_VERIFICATION,template_instantiation,TMPL_INTERCHANGE_TRANSFER_HI_DEVA_17
PILOT_T2_TR_001601,,SFAM_STATION_ACCESSIBILITY_004,FAM_STATION_ACCESSIBILITY_004,PARA_STATION_ACCESSIBILITY_3_4,T2_MEDIUM_V1,accessibility,GET_ACCESSIBILITY_INFO,Alandur station par handicapped passengers ke liye escalator stairs support status F4,hi-en,Deva+Latn,CS4,N0,"{""station"": ""Alandur"", ""accessibility_feature"": ""escalator"", ""transport_mode"": ""metro""}","{""station_id"": ""METRO_ARIGNAR_ANNA_ALANDUR""}",ANSWERABLE_NOW,template_instantiation,TMPL_STATION_ACCESSIBILITY_MIXED_SCRIPT_CS_3
PILOT_T2_TR_001602,,SFAM_STATION_FACILITIES_001,FAM_STATION_FACILITIES_001,PARA_STATION_FACILITIES_0_2,T2_MEDIUM_V1,station_facilities,GET_STATION_FACILITY,Please tell: kya airport station par passenger car parking service available hai? [amenity F1] #2,hi,Latn,CS0,N0,"{""station"": ""airport"", ""facility_type"": ""parking"", ""transport_mode"": ""metro""}","{""station_id"": ""METRO_CHENNAI_INTERNATIONAL_AIRPORT""}",ANSWERABLE_NOW,template_instantiation,TMPL_STATION_FACILITIES_HI_LATN_0
PILOT_T2_TR_001603,,SFAM_NEAREST_TRANSPORT_012,FAM_NEAREST_TRANSPORT_012,PARA_NEAREST_TRANSPORT_11_0,T2_MEDIUM_V1,nearest_transport,FIND_NEAREST_STATION,Quick check: Which is the nearest metro station or transit stop to IIT Madras? [loc F12] #4,en,Latn,CS0,N0,"{""landmark"": ""IIT Madras"", ""transport_mode"": ""metro""}","{""place_id"": ""OSM_POI_11013406019""}",ANSWERABLE_NOW,template_instantiation,TMPL_NEAREST_TRANSPORT_EN_11
PILOT_T2_TR_001604,,SFAM_TICKETING_AND_PASSES_007,FAM_TICKETING_AND_PASSES_007,PARA_TICKETING_AND_PASSES_6_3,T2_MEDIUM_V1,ticketing_rules,GET_TICKETING_POLICY,"Excuse me, How can regular passengers apply for and renew Monthly Season Pass (F7)? #6",hi-en,Latn,CS3,N2,"{""ticket_type"": ""monthly_pass"", ""transport_mode"": ""transit""}",{},ANSWERABLE_NOW,template_instantiation,TMPL_TICKETING_AND_PASSES_HINGLISH_LATN_6
PILOT_T2_TR_001605,,SFAM_TICKETING_AND_PASSES_005,FAM_TICKETING_AND_PASSES_005,PARA_TICKETING_AND_PASSES_4_4,T2_MEDIUM_V1,ticketing_rules,GET_TICKETING_POLICY,Commuter Student Concession Card ke application aur terms ki complete details F5,hi-en,Deva+Latn,CS4,N0,"{""ticket_type"": ""student_pass"", ""transport_mode"": ""transit""}",{},ANSWERABLE_NOW,template_instantiation,TMPL_TICKETING_AND_PASSES_MIXED_SCRIPT_CS_4
PILOT_T2_TR_001606,,SFAM_ROUTE_STOP_SEQUENCE_012,FAM_ROUTE_STOP_SEQUENCE_012,PARA_ROUTE_STOP_SEQUENCE_11_1,T2_MEDIUM_V1,route_stops,LIST_ROUTE_STOPS,बस रूट 22 CT के सभी ठहरावों की क्रमबद्ध सूची दिखाएं। (क्रम F12),hi,Deva,CS0,N0,"{""route_number"": ""22 CT"", ""transport_mode"": ""बस""}","{""route_id"": ""GTFS_ROUTE_18753""}",ANSWERABLE_WITH_PROVISIONAL_DATA,template_instantiation,TMPL_ROUTE_STOP_SEQUENCE_HI_DEVA_11
PILOT_T2_TR_001607,,SFAM_INTERCHANGE_TRANSFER_019,FAM_INTERCHANGE_TRANSFER_019,PARA_INTERCHANGE_TRANSFER_18_1,T2_MEDIUM_V1,interchange_query,GET_INTERCHANGE_DETAILS,Please tell: किल्पौक इंटरचेंज पर दूसरी लाइन में ट्रांसफर करने का मार्ग क्या है? (बदलाव F19) #2,hi,Deva,CS0,N0,"{""station"": ""किल्पौक"", ""facility_type"": ""इंटरचेंज""}","{""station_id"": ""METRO_KILPAUK""}",ANSWERABLE_AFTER_MANUAL_VERIFICATION,template_instantiation,TMPL_INTERCHANGE_TRANSFER_HI_DEVA_18
PILOT_T2_TR_001608,,SFAM_STATION_FACILITIES_020,FAM_STATION_FACILITIES_020,PARA_STATION_FACILITIES_19_3,T2_MEDIUM_V1,station_facilities,GET_STATION_FACILITY,Does Pachaiyappa College station premises include operational bicycle parking stand (F20)?,hi-en,Latn,CS3,N0,"{""station"": ""Pachaiyappa College"", ""facility_type"": ""bicycle_stand"", ""transport_mode"": ""metro""}","{""station_id"": ""METRO_PACHAIYAPPA_S_COLLEGE""}",ANSWERABLE_NOW,template_instantiation,TMPL_STATION_FACILITIES_HINGLISH_LATN_19
PILOT_T2_TR_001609,,SFAM_ROUTE_STOP_MEMBERSHIP_003,FAM_ROUTE_STOP_MEMBERSHIP_003,PARA_ROUTE_STOP_MEMBERSHIP_2_4,T2_MEDIUM_V1,route_stops,CHECK_STOP_ON_ROUTE,क्या route 102A bus Adyar पर rukegi verification F3?,hi-en,Deva+Latn,CS4,N0,"{""route_number"": ""102A"", ""stop"": ""Adyar"", ""transport_mode"": ""bus""}","{""route_id"": ""GTFS_ROUTE_10248"", ""stop_id"": ""BUS_2587520213""}",ANSWERABLE_WITH_PROVISIONAL_DATA,template_instantiation,TMPL_ROUTE_STOP_MEMBERSHIP_MIXED_SCRIPT_CS_2
PILOT_T2_TR_001610,,SFAM_ROUTE_STOP_SEQUENCE_017,FAM_ROUTE_STOP_SEQUENCE_017,PARA_ROUTE_STOP_SEQUENCE_16_4,T2_MEDIUM_V1,route_stops,LIST_ROUTE_STOPS,Route 102 bus के सभी stops ka sequence display karein data F17,hi-en,Deva+Latn,CS4,N0,"{""route_number"": ""102"", ""transport_mode"": ""bus""}","{""route_id"": ""GTFS_ROUTE_16861""}",ANSWERABLE_WITH_PROVISIONAL_DATA,template_instantiation,TMPL_ROUTE_STOP_SEQUENCE_MIXED_SCRIPT_CS_16
PILOT_T2_TR_001611,,SFAM_ROUTE_STOP_SEQUENCE_003,FAM_ROUTE_STOP_SEQUENCE_003,PARA_ROUTE_STOP_SEQUENCE_2_4,T2_MEDIUM_V1,route_stops,LIST_ROUTE_STOPS,Route 102A bus के सभी stops ka sequence display karein data F3,hi-en,Deva+Latn,CS4,N0,"{""route_number"": ""102A"", ""transport_mode"": ""bus""}","{""route_id"": ""GTFS_ROUTE_10248""}",ANSWERABLE_WITH_PROVISIONAL_DATA,template_instantiation,TMPL_ROUTE_STOP_SEQUENCE_MIXED_SCRIPT_CS_2
PILOT_T2_TR_001612,,SFAM_NEAREST_TRANSPORT_005,FAM_NEAREST_TRANSPORT_005,PARA_NEAREST_TRANSPORT_4_1,T2_MEDIUM_V1,nearest_transport,FIND_NEAREST_STATION,मारुति अस्पताल के सबसे निकटतम मेट्रो स्टेशन या बस स्टॉप कौन सा है? (निकट F5),hi,Deva,CS0,N0,"{""landmark"": ""मारुति अस्पताल"", ""transport_mode"": ""मेट्रो या बस""}","{""place_id"": ""OSM_POI_7820652140""}",ANSWERABLE_NOW,template_instantiation,TMPL_NEAREST_TRANSPORT_HI_DEVA_4
PILOT_T2_TR_001613,,SFAM_MODE_AVAILABILITY_009,FAM_MODE_AVAILABILITY_009,PARA_MODE_AVAILABILITY_8_0,T2_MEDIUM_V1,service_availability,CHECK_SERVICE_AVAILABILITY,Are there direct public transport options from Thirumangalam to Madurantakam? [avail F9],en,Latn,CS0,N0,"{""origin"": ""Thirumangalam"", ""destination"": ""Madurantakam"", ""transport_mode"": ""any""}","{""origin_id"": ""METRO_THIRUMANGALAM"", ""destination_id"": ""BUS_5306412986""}",ANSWERABLE_WITH_PROVISIONAL_DATA,template_instantiation,TMPL_MODE_AVAILABILITY_EN_8
PILOT_T2_TR_001614,,SFAM_STATION_FACILITIES_020,FAM_STATION_FACILITIES_020,PARA_STATION_FACILITIES_19_3,T2_MEDIUM_V1,station_facilities,GET_STATION_FACILITY,Please tell: Does Pachaiyappa College station premises include operational bicycle parking stand (F20)? #2,hi-en,Latn,CS3,N0,"{""station"": ""Pachaiyappa College"", ""facility_type"": ""bicycle_stand"", ""transport_mode"": ""metro""}","{""station_id"": ""METRO_PACHAIYAPPA_S_COLLEGE""}",ANSWERABLE_NOW,template_instantiation,TMPL_STATION_FACILITIES_HINGLISH_LATN_19
PILOT_T2_TR_001615,,SFAM_FARE_CALCULATION_001,FAM_FARE_CALCULATION_001,PARA_FARE_CALCULATION_0_0,T2_MEDIUM_V1,fare_query,CALCULATE_FARE,Transit query: What is the single-journey ticket fare from Airport to High Court on metro? [fare F1] #5,en,Latn,CS0,N0,"{""origin"": ""Airport"", ""destination"": ""High Court"", ""fare_type"": ""token"", ""transport_mode"": ""metro""}","{""origin_id"": ""METRO_CHENNAI_INTERNATIONAL_AIRPORT"", ""destination_id"": ""METRO_HIGHCOURT""}",ANSWERABLE_NOW,template_instantiation,TMPL_FARE_CALCULATION_EN_0
PILOT_T2_TR_001616,,SFAM_MODE_AVAILABILITY_012,FAM_MODE_AVAILABILITY_012,PARA_MODE_AVAILABILITY_11_3,T2_MEDIUM_V1,service_availability,CHECK_SERVICE_AVAILABILITY,Quick check: Is public transit operational connecting Thousand Lights and Walajabad (F12)? #4,hi-en,Latn,CS3,N0,"{""origin"": ""Thousand Lights"", ""destination"": ""Walajabad"", ""transport_mode"": ""public transit""}","{""origin_id"": ""METRO_THOUSAND_LIGHTS"", ""destination_id"": ""BUS_261716087""}",ANSWERABLE_WITH_PROVISIONAL_DATA,template_instantiation,TMPL_MODE_AVAILABILITY_HINGLISH_LATN_11
PILOT_T2_TR_001617,,SFAM_INTERCHANGE_TRANSFER_020,FAM_INTERCHANGE_TRANSFER_020,PARA_INTERCHANGE_TRANSFER_19_1,T2_MEDIUM_V1,interchange_query,GET_INTERCHANGE_DETAILS,Please tell: पचैयप्पा कॉलेज इंटरचेंज पर दूसरी लाइन में ट्रांसफर करने का मार्ग क्या है? (बदलाव F20) #2,hi,Deva,CS0,N0,"{""station"": ""पचैयप्पा कॉलेज"", ""facility_type"": ""इंटरचेंज""}","{""station_id"": ""METRO_PACHAIYAPPA_S_COLLEGE""}",ANSWERABLE_AFTER_MANUAL_VERIFICATION,template_instantiation,TMPL_INTERCHANGE_TRANSFER_HI_DEVA_19
PILOT_T2_TR_001618,,SFAM_NEAREST_TRANSPORT_004,FAM_NEAREST_TRANSPORT_004,PARA_NEAREST_TRANSPORT_3_0,T2_MEDIUM_V1,nearest_transport,FIND_NEAREST_STATION,"Hello assistant, Which is the nearest metro station or transit stop to Maritime Institute? [loc F4] #7",en,Latn,CS0,N1,"{""landmark"": ""Maritime Institute"", ""transport_mode"": ""metro""}","{""place_id"": ""OSM_POI_314081186""}",ANSWERABLE_NOW,template_instantiation,TMPL_NEAREST_TRANSPORT_EN_3
PILOT_T2_TR_001619,,SFAM_STATION_FACILITIES_007,FAM_STATION_FACILITIES_007,PARA_STATION_FACILITIES_6_0,T2_MEDIUM_V1,station_facilities,GET_STATION_FACILITY,Is EV vehicle charging facility available at Vadapalani metro station? [fac F7],en,Latn,CS0,N0,"{""station"": ""Vadapalani"", ""facility_type"": ""ev_charging"", ""transport_mode"": ""metro""}","{""station_id"": ""METRO_VADAPALANI""}",ANSWERABLE_NOW,template_instantiation,TMPL_STATION_FACILITIES_EN_6
PILOT_T2_TR_001620,,SFAM_OUT_OF_SCOPE_009,FAM_OUT_OF_SCOPE_009,PARA_OUT_OF_SCOPE_8_1,T2_MEDIUM_V1,out_of_scope,REJECT_OUT_OF_SCOPE,Please tell: तिरुमंगलम के निकटतम सबसे अच्छे रेस्टोरेंट और भोजनालय की सूची दें। (बाहर F9) #2,hi,Deva,CS0,N0,"{""station"": ""तिरुमंगलम""}","{""station_id"": ""METRO_THIRUMANGALAM""}",OUT_OF_SCOPE,template_instantiation,TMPL_OUT_OF_SCOPE_HI_DEVA_8
PILOT_T2_TR_001621,,SFAM_STATION_FACILITIES_016,FAM_STATION_FACILITIES_016,PARA_STATION_FACILITIES_15_3,T2_MEDIUM_V1,station_facilities,GET_STATION_FACILITY,Does Saidapet station premises include operational bicycle parking stand (F16)?,hi-en,Latn,CS3,N0,"{""station"": ""Saidapet"", ""facility_type"": ""bicycle_stand"", ""transport_mode"": ""metro""}","{""station_id"": ""METRO_SAIDAPET""}",ANSWERABLE_NOW,template_instantiation,TMPL_STATION_FACILITIES_HINGLISH_LATN_15
PILOT_T2_TR_001622,,SFAM_OUT_OF_SCOPE_011,FAM_OUT_OF_SCOPE_011,PARA_OUT_OF_SCOPE_10_3,T2_MEDIUM_V1,out_of_scope,REJECT_OUT_OF_SCOPE,Quick check: What is the general weather rain forecast in Chennai near Marina Beach today (F11)? #4,hi-en,Latn,CS3,N0,"{""landmark"": ""Marina Beach""}","{""place_id"": ""OSM_POI_12137617372""}",OUT_OF_SCOPE,template_instantiation,TMPL_OUT_OF_SCOPE_HINGLISH_LATN_10
PILOT_T2_TR_001623,,SFAM_ROUTE_STOP_MEMBERSHIP_019,FAM_ROUTE_STOP_MEMBERSHIP_019,PARA_ROUTE_STOP_MEMBERSHIP_18_2,T2_MEDIUM_V1,route_stops,CHECK_STOP_ON_ROUTE,kya bus 570 ka adyar par stoppage hai confirm kare? [check F19],hi,Latn,CS0,N1,"{""route_number"": ""570"", ""stop"": ""adyar"", ""transport_mode"": ""bus""}","{""route_id"": ""GTFS_ROUTE_17967"", ""stop_id"": ""BUS_2587520213""}",ANSWERABLE_WITH_PROVISIONAL_DATA,template_instantiation,TMPL_ROUTE_STOP_MEMBERSHIP_HI_LATN_18
PILOT_T2_TR_001624,,SFAM_MODE_AVAILABILITY_002,FAM_MODE_AVAILABILITY_002,PARA_MODE_AVAILABILITY_1_0,T2_MEDIUM_V1,service_availability,CHECK_SERVICE_AVAILABILITY,Transit query: Are there direct public transport options from Chennai Central to Broadway? [avail F2] #5,en,Latn,CS0,N0,"{""origin"": ""Chennai Central"", ""destination"": ""Broadway"", ""transport_mode"": ""any""}","{""origin_id"": ""METRO_PURATCHI_THALAIVAR_DR__M_G_RAMACHANDRAN_CENTRAL"", ""destination_id"": ""BUS_27618346""}",ANSWERABLE_WITH_PROVISIONAL_DATA,template_instantiation,TMPL_MODE_AVAILABILITY_EN_1
PILOT_T2_TR_001625,,SFAM_SCHEDULED_DEPARTURE_001,FAM_SCHEDULED_DEPARTURE_001,PARA_SCHEDULED_DEPARTURE_0_0,T2_MEDIUM_V1,service_timing,GET_SCHEDULED_DEPARTURES,Please tell: Show metro departure timetable at bare 8 o'clock from Airport [sched F1] #2,en,Latn,CS0,N0,"{""origin"": ""Airport"", ""time"": ""8 o'clock"", ""temporal_ambiguity"": true, ""dual_candidates"": [""08:00:00"", ""20:00:00""]}","{""origin_id"": ""METRO_CHENNAI_INTERNATIONAL_AIRPORT""}",ANSWERABLE_NOW,template_instantiation,TMPL_SCHEDULED_DEPARTURE_EN_0
PILOT_T2_TR_001626,,SFAM_REALTIME_STATUS_QUERY_002,FAM_REALTIME_STATUS_QUERY_002,PARA_REALTIME_STATUS_QUERY_1_1,T2_MEDIUM_V1,realtime_status_query,REJECT_UNSUPPORTED_REALTIME,Please tell: क्या चेन्नई सेंट्रल से आने वाली ट्रेन अभी लेट चल रही है लाइव स्थिति बताएं? (ताज़ा F2) #2,hi,Deva,CS0,N0,"{""origin"": ""चेन्नई सेंट्रल"", ""transport_mode"": ""ट्रेन""}","{""origin_id"": ""METRO_PURATCHI_THALAIVAR_DR__M_G_RAMACHANDRAN_CENTRAL""}",REQUIRES_REALTIME_DATA,template_instantiation,TMPL_REALTIME_STATUS_QUERY_HI_DEVA_1
PILOT_T2_TR_001627,,SFAM_FARE_CALCULATION_011,FAM_FARE_CALCULATION_011,PARA_FARE_CALCULATION_10_3,T2_MEDIUM_V1,fare_query,CALCULATE_FARE,Transit query: Calculate fare for travel between Egmore and Nehru Park stations (F11) #5,hi-en,Latn,CS3,N1,"{""origin"": ""Egmore"", ""destination"": ""Nehru Park"", ""transport_mode"": ""metro""}","{""origin_id"": ""METRO_EGMORE"", ""destination_id"": ""METRO_NEHRU_PARK""}",ANSWERABLE_NOW,template_instantiation,TMPL_FARE_CALCULATION_HINGLISH_LATN_10
PILOT_T2_TR_001628,,SFAM_REALTIME_STATUS_QUERY_016,FAM_REALTIME_STATUS_QUERY_016,PARA_REALTIME_STATUS_QUERY_15_2,T2_MEDIUM_V1,realtime_status_query,REJECT_UNSUPPORTED_REALTIME,Please tell: Bus 21G ka real time current gps location update kahan pahuncha? [track F16] #2,hi,Latn,CS0,N1,"{""route_number"": ""21G"", ""transport_mode"": ""bus""}","{""route_id"": ""GTFS_ROUTE_8458""}",REQUIRES_REALTIME_DATA,template_instantiation,TMPL_REALTIME_STATUS_QUERY_HI_LATN_15
PILOT_T2_TR_001629,,SFAM_TICKETING_AND_PASSES_012,FAM_TICKETING_AND_PASSES_012,PARA_TICKETING_AND_PASSES_11_0,T2_MEDIUM_V1,ticketing_rules,GET_TICKETING_POLICY,Quick check: What are the rules and procedure to purchase a National Common Mobility Card for commuters? [pass F12] #4,en,Latn,CS0,N0,"{""ticket_type"": ""ncmc_card"", ""transport_mode"": ""transit""}",{},ANSWERABLE_NOW,template_instantiation,TMPL_TICKETING_AND_PASSES_EN_11
PILOT_T2_TR_001630,,SFAM_NEAREST_TRANSPORT_018,FAM_NEAREST_TRANSPORT_018,PARA_NEAREST_TRANSPORT_17_0,T2_MEDIUM_V1,nearest_transport,FIND_NEAREST_STATION,Transit query: Which is the nearest metro station or transit stop to Madhuranthagam Hospital? [loc F18] #5,en,Latn,CS0,N0,"{""landmark"": ""Madhuranthagam Hospital"", ""transport_mode"": ""metro""}","{""place_id"": ""OSM_POI_7257518777""}",ANSWERABLE_NOW,template_instantiation,TMPL_NEAREST_TRANSPORT_EN_17
PILOT_T2_TR_001631,,SFAM_REALTIME_STATUS_QUERY_009,FAM_REALTIME_STATUS_QUERY_009,PARA_REALTIME_STATUS_QUERY_8_3,T2_MEDIUM_V1,realtime_status_query,REJECT_UNSUPPORTED_REALTIME,Live crowd density and train arrival countdown at Thirumangalam right now (F9),hi-en,Latn,CS3,N0,"{""station"": ""Thirumangalam"", ""transport_mode"": ""metro""}","{""station_id"": ""METRO_THIRUMANGALAM""}",REQUIRES_REALTIME_DATA,template_instantiation,TMPL_REALTIME_STATUS_QUERY_HINGLISH_LATN_8
PILOT_T2_TR_001632,,SFAM_REALTIME_STATUS_QUERY_012,FAM_REALTIME_STATUS_QUERY_012,PARA_REALTIME_STATUS_QUERY_11_4,T2_MEDIUM_V1,realtime_status_query,REJECT_UNSUPPORTED_REALTIME,Please tell: Thousand Lights se metro live delay status aur real time position tracking F12 #2,hi-en,Deva+Latn,CS4,N0,"{""origin"": ""Thousand Lights"", ""transport_mode"": ""metro""}","{""origin_id"": ""METRO_THOUSAND_LIGHTS""}",REQUIRES_REALTIME_DATA,template_instantiation,TMPL_REALTIME_STATUS_QUERY_MIXED_SCRIPT_CS_11
PILOT_T2_TR_001633,,SFAM_MODE_AVAILABILITY_004,FAM_MODE_AVAILABILITY_004,PARA_MODE_AVAILABILITY_3_0,T2_MEDIUM_V1,service_availability,CHECK_SERVICE_AVAILABILITY,"Excuse me, Are there direct public transport options from Alandur to Velachery? [avail F4] #6",en,Latn,CS0,N0,"{""origin"": ""Alandur"", ""destination"": ""Velachery"", ""transport_mode"": ""any""}","{""origin_id"": ""METRO_ARIGNAR_ANNA_ALANDUR"", ""destination_id"": ""BUS_1764308008""}",ANSWERABLE_WITH_PROVISIONAL_DATA,template_instantiation,TMPL_MODE_AVAILABILITY_EN_3
PILOT_T2_TR_001634,,SFAM_STATION_FACILITIES_001,FAM_STATION_FACILITIES_001,PARA_STATION_FACILITIES_0_3,T2_MEDIUM_V1,station_facilities,GET_STATION_FACILITY,Please tell: Does Airport station premises include operational car parking (F1)? #2,hi-en,Latn,CS3,N0,"{""station"": ""Airport"", ""facility_type"": ""parking"", ""transport_mode"": ""metro""}","{""station_id"": ""METRO_CHENNAI_INTERNATIONAL_AIRPORT""}",ANSWERABLE_NOW,template_instantiation,TMPL_STATION_FACILITIES_HINGLISH_LATN_0
PILOT_T2_TR_001635,,SFAM_TICKETING_AND_PASSES_009,FAM_TICKETING_AND_PASSES_009,PARA_TICKETING_AND_PASSES_8_1,T2_MEDIUM_V1,ticketing_rules,GET_TICKETING_POLICY,Quick check: यात्रियों के लिए क्यूआर टिकट प्राप्त करने के नियम और प्रक्रिया क्या हैं? (पास F9) #4,hi,Deva,CS0,N0,"{""ticket_type"": ""qr_ticket"", ""transport_mode"": ""पारगमन""}",{},ANSWERABLE_NOW,template_instantiation,TMPL_TICKETING_AND_PASSES_HI_DEVA_8
PILOT_T2_TR_001636,,SFAM_NEAREST_TRANSPORT_018,FAM_NEAREST_TRANSPORT_018,PARA_NEAREST_TRANSPORT_17_3,T2_MEDIUM_V1,nearest_transport,FIND_NEAREST_STATION,Transit query: Find closest public transport access point near Madhuranthagam Hospital (F18) #5,hi-en,Latn,CS3,N0,"{""landmark"": ""Madhuranthagam Hospital"", ""transport_mode"": ""public transport""}","{""place_id"": ""OSM_POI_7257518777""}",ANSWERABLE_NOW,template_instantiation,TMPL_NEAREST_TRANSPORT_HINGLISH_LATN_17
PILOT_T2_TR_001637,,SFAM_REALTIME_STATUS_QUERY_014,FAM_REALTIME_STATUS_QUERY_014,PARA_REALTIME_STATUS_QUERY_13_1,T2_MEDIUM_V1,realtime_status_query,REJECT_UNSUPPORTED_REALTIME,Quick check: क्या वॉशरमैनपेट से आने वाली ट्रेन अभी लेट चल रही है लाइव स्थिति बताएं? (ताज़ा F14) #4,hi,Deva,CS0,N0,"{""origin"": ""वॉशरमैनपेट"", ""transport_mode"": ""ट्रेन""}","{""origin_id"": ""METRO_WASHERMENPET""}",REQUIRES_REALTIME_DATA,template_instantiation,TMPL_REALTIME_STATUS_QUERY_HI_DEVA_13
PILOT_T2_TR_001638,,SFAM_NEAREST_TRANSPORT_018,FAM_NEAREST_TRANSPORT_018,PARA_NEAREST_TRANSPORT_17_1,T2_MEDIUM_V1,nearest_transport,FIND_NEAREST_STATION,Please tell: मदुरंतकम अस्पताल के सबसे निकटतम मेट्रो स्टेशन या बस स्टॉप कौन सा है? (निकट F18) #2,hi,Deva,CS0,N0,"{""landmark"": ""मदुरंतकम अस्पताल"", ""transport_mode"": ""मेट्रो या बस""}","{""place_id"": ""OSM_POI_7257518777""}",ANSWERABLE_NOW,template_instantiation,TMPL_NEAREST_TRANSPORT_HI_DEVA_17
PILOT_T2_TR_001639,,SFAM_STATION_ACCESSIBILITY_004,FAM_STATION_ACCESSIBILITY_004,PARA_STATION_ACCESSIBILITY_3_1,T2_MEDIUM_V1,accessibility,GET_ACCESSIBILITY_INFO,Transit query: क्या आलंदूर स्टेशन पर दिव्यांग यात्रियों के लिए एस्केलेटर उपलब्ध है? (सुलभता F4) #5,hi,Deva,CS0,N0,"{""station"": ""आलंदूर"", ""accessibility_feature"": ""escalator"", ""transport_mode"": ""मेट्रो""}","{""station_id"": ""METRO_ARIGNAR_ANNA_ALANDUR""}",ANSWERABLE_NOW,template_instantiation,TMPL_STATION_ACCESSIBILITY_HI_DEVA_3
PILOT_T2_TR_001640,,SFAM_TICKETING_AND_PASSES_017,FAM_TICKETING_AND_PASSES_017,PARA_TICKETING_AND_PASSES_16_2,T2_MEDIUM_V1,ticketing_rules,GET_TICKETING_POLICY,Please tell: student pass recharge karne ka guidelines aur validity rule bataye. [card F17] #2,hi,Latn,CS0,N1,"{""ticket_type"": ""student_pass"", ""transport_mode"": ""transit""}",{},ANSWERABLE_NOW,template_instantiation,TMPL_TICKETING_AND_PASSES_HI_LATN_16
PILOT_T2_TR_001641,,SFAM_NEAREST_TRANSPORT_007,FAM_NEAREST_TRANSPORT_007,PARA_NEAREST_TRANSPORT_6_3,T2_MEDIUM_V1,nearest_transport,FIND_NEAREST_STATION,"Excuse me, Find closest public transport access point near Mother Child Hospital (F7) #6",hi-en,Latn,CS3,N2,"{""landmark"": ""Mother Child Hospital"", ""transport_mode"": ""public transport""}","{""place_id"": ""OSM_POI_7257518731""}",ANSWERABLE_NOW,template_instantiation,TMPL_NEAREST_TRANSPORT_HINGLISH_LATN_6
PILOT_T2_TR_001642,,SFAM_OUT_OF_SCOPE_014,FAM_OUT_OF_SCOPE_014,PARA_OUT_OF_SCOPE_13_3,T2_MEDIUM_V1,out_of_scope,REJECT_OUT_OF_SCOPE,Transit query: What is the general weather rain forecast in Chennai near Maritime Institute today (F14)? #5,hi-en,Latn,CS3,N1,"{""landmark"": ""Maritime Institute""}","{""place_id"": ""OSM_POI_314081186""}",OUT_OF_SCOPE,template_instantiation,TMPL_OUT_OF_SCOPE_HINGLISH_LATN_13
PILOT_T2_TR_001643,,SFAM_TICKETING_AND_PASSES_017,FAM_TICKETING_AND_PASSES_017,PARA_TICKETING_AND_PASSES_16_0,T2_MEDIUM_V1,ticketing_rules,GET_TICKETING_POLICY,Transit query: What are the rules and procedure to purchase a Student Concession Card for commuters? [pass F17] #5,en,Latn,CS0,N0,"{""ticket_type"": ""student_pass"", ""transport_mode"": ""transit""}",{},ANSWERABLE_NOW,template_instantiation,TMPL_TICKETING_AND_PASSES_EN_16
PILOT_T2_TR_001644,,SFAM_SCHEDULED_DEPARTURE_014,FAM_SCHEDULED_DEPARTURE_014,PARA_SCHEDULED_DEPARTURE_13_2,T2_MEDIUM_V1,service_timing,GET_SCHEDULED_DEPARTURES,washermenpet se sham 7 baje departure timing schedule bataye. [timetable F14],hi,Latn,CS0,N0,"{""origin"": ""washermenpet"", ""time"": ""sham 7 baje"", ""resolved_time"": ""19:00:00""}","{""origin_id"": ""METRO_WASHERMENPET""}",ANSWERABLE_NOW,template_instantiation,TMPL_SCHEDULED_DEPARTURE_HI_LATN_13
PILOT_T2_TR_001645,,SFAM_NEAREST_TRANSPORT_012,FAM_NEAREST_TRANSPORT_012,PARA_NEAREST_TRANSPORT_11_0,T2_MEDIUM_V1,nearest_transport,FIND_NEAREST_STATION,Transit query: Which is the nearest metro station or transit stop to IIT Madras? [loc F12] #5,en,Latn,CS0,N0,"{""landmark"": ""IIT Madras"", ""transport_mode"": ""metro""}","{""place_id"": ""OSM_POI_11013406019""}",ANSWERABLE_NOW,template_instantiation,TMPL_NEAREST_TRANSPORT_EN_11
PILOT_T2_TR_001646,,SFAM_TICKETING_AND_PASSES_005,FAM_TICKETING_AND_PASSES_005,PARA_TICKETING_AND_PASSES_4_2,T2_MEDIUM_V1,ticketing_rules,GET_TICKETING_POLICY,Please tell: student pass recharge karne ka guidelines aur validity rule bataye. [card F5] #2,hi,Latn,CS0,N0,"{""ticket_type"": ""student_pass"", ""transport_mode"": ""transit""}",{},ANSWERABLE_NOW,template_instantiation,TMPL_TICKETING_AND_PASSES_HI_LATN_4
PILOT_T2_TR_001647,,SFAM_MODE_AVAILABILITY_019,FAM_MODE_AVAILABILITY_019,PARA_MODE_AVAILABILITY_18_4,T2_MEDIUM_V1,service_availability,CHECK_SERVICE_AVAILABILITY,Please tell: क्या Kilpauk से Adyar transport line active hai mode info F19 #2,hi-en,Deva+Latn,CS4,N0,"{""origin"": ""Kilpauk"", ""destination"": ""Adyar"", ""transport_mode"": ""transport""}","{""origin_id"": ""METRO_KILPAUK"", ""destination_id"": ""BUS_2587520213""}",ANSWERABLE_WITH_PROVISIONAL_DATA,template_instantiation,TMPL_MODE_AVAILABILITY_MIXED_SCRIPT_CS_18
PILOT_T2_TR_001648,,SFAM_SERVICE_FREQUENCY_003,FAM_SERVICE_FREQUENCY_003,PARA_SERVICE_FREQUENCY_2_4,T2_MEDIUM_V1,service_timing,GET_SERVICE_FREQUENCY,Guindy से Anna Nagar Tower trains kitni frequency se run karti hain interval F3,hi-en,Deva+Latn,CS4,N0,"{""origin"": ""Guindy"", ""destination"": ""Anna Nagar Tower"", ""timing_type"": ""frequency"", ""transport_mode"": ""metro""}","{""origin_id"": ""METRO_GUINDY"", ""destination_id"": ""METRO_ANNA_NAGAR_TOWER""}",ANSWERABLE_NOW,template_instantiation,TMPL_SERVICE_FREQUENCY_MIXED_SCRIPT_CS_2
PILOT_T2_TR_001649,,SFAM_MULTIMODAL_ROUTE_016,FAM_MULTIMODAL_ROUTE_016,PARA_MULTIMODAL_ROUTE_15_2,T2_MEDIUM_V1,route_query,PLAN_MULTIMODAL_ROUTE,pudupattinam se guindy bus aur metro switch karke shortest transit kya hai? [opt F16],hi,Latn,CS0,N1,"{""origin"": ""pudupattinam"", ""destination"": ""guindy"", ""transport_mode"": ""bus aur metro""}","{""origin_id"": ""BUS_3616510666"", ""destination_id"": ""METRO_GUINDY""}",ANSWERABLE_WITH_PROVISIONAL_DATA,template_instantiation,TMPL_MULTIMODAL_ROUTE_HI_LATN_15
PILOT_T2_TR_001650,,SFAM_SERVICE_FREQUENCY_005,FAM_SERVICE_FREQUENCY_005,PARA_SERVICE_FREQUENCY_4_1,T2_MEDIUM_V1,service_timing,GET_SERVICE_FREQUENCY,सीएमबीटी और थाउजेंड लाइट्स के बीच मेट्रो हर कितने मिनट के अंतराल पर चलती है? (आवृत्ति F5),hi,Deva,CS0,N0,"{""origin"": ""सीएमबीटी"", ""destination"": ""थाउजेंड लाइट्स"", ""timing_type"": ""frequency"", ""transport_mode"": ""मेट्रो""}","{""origin_id"": ""METRO_PURATCHI_THALAIVI_DR_J_JAYALALITHAA_CMBT"", ""destination_id"": ""METRO_THOUSAND_LIGHTS""}",ANSWERABLE_NOW,template_instantiation,TMPL_SERVICE_FREQUENCY_HI_DEVA_4
PILOT_T2_TR_001651,,SFAM_ROUTE_STOP_MEMBERSHIP_011,FAM_ROUTE_STOP_MEMBERSHIP_011,PARA_ROUTE_STOP_MEMBERSHIP_10_2,T2_MEDIUM_V1,route_stops,CHECK_STOP_ON_ROUTE,Please tell: kya bus 11 R ka kalpakkam par stoppage hai confirm kare? [check F11] #2,hi,Latn,CS0,N0,"{""route_number"": ""11 R"", ""stop"": ""kalpakkam"", ""transport_mode"": ""bus""}","{""route_id"": ""GTFS_ROUTE_23728"", ""stop_id"": ""BUS_30143150""}",ANSWERABLE_WITH_PROVISIONAL_DATA,template_instantiation,TMPL_ROUTE_STOP_MEMBERSHIP_HI_LATN_10
PILOT_T2_TR_001652,,SFAM_STATION_FACILITIES_019,FAM_STATION_FACILITIES_019,PARA_STATION_FACILITIES_18_4,T2_MEDIUM_V1,station_facilities,GET_STATION_FACILITY,क्या Kilpauk station par passengers ke liye EV vehicle charging accessible hai F19,hi-en,Deva+Latn,CS4,N2,"{""station"": ""Kilpauk"", ""facility_type"": ""ev_charging"", ""transport_mode"": ""metro""}","{""station_id"": ""METRO_KILPAUK""}",ANSWERABLE_NOW,template_instantiation,TMPL_STATION_FACILITIES_MIXED_SCRIPT_CS_18
PILOT_T2_TR_001653,,SFAM_STATION_ACCESSIBILITY_020,FAM_STATION_ACCESSIBILITY_020,PARA_STATION_ACCESSIBILITY_19_0,T2_MEDIUM_V1,accessibility,GET_ACCESSIBILITY_INFO,Could you specify Are escalator stairs provisions available for differently abled passengers at Pachaiyappa College? [a11y F20]? #3,en,Latn,CS0,N0,"{""station"": ""Pachaiyappa College"", ""accessibility_feature"": ""escalator"", ""transport_mode"": ""metro""}","{""station_id"": ""METRO_PACHAIYAPPA_S_COLLEGE""}",ANSWERABLE_NOW,template_instantiation,TMPL_STATION_ACCESSIBILITY_EN_19
PILOT_T2_TR_001654,,SFAM_ROUTE_STOP_SEQUENCE_003,FAM_ROUTE_STOP_SEQUENCE_003,PARA_ROUTE_STOP_SEQUENCE_2_3,T2_MEDIUM_V1,route_stops,LIST_ROUTE_STOPS,Full stop order details for bus number 102A please provide (F3),hi-en,Latn,CS3,N0,"{""route_number"": ""102A"", ""transport_mode"": ""bus""}","{""route_id"": ""GTFS_ROUTE_10248""}",ANSWERABLE_WITH_PROVISIONAL_DATA,template_instantiation,TMPL_ROUTE_STOP_SEQUENCE_HINGLISH_LATN_2
PILOT_T2_TR_001655,,SFAM_MULTIMODAL_ROUTE_008,FAM_MULTIMODAL_ROUTE_008,PARA_MULTIMODAL_ROUTE_7_1,T2_MEDIUM_V1,route_query,PLAN_MULTIMODAL_ROUTE,Could you specify मायलापुर से लिटिल माउंट बस और मेट्रो मिलाकर सबसे तेज़ मार्ग कौन सा है? (योजना F8)? #3,hi,Deva,CS0,N0,"{""origin"": ""मायलापुर"", ""destination"": ""लिटिल माउंट"", ""transport_mode"": ""बस और मेट्रो""}","{""origin_id"": ""BUS_410614381"", ""destination_id"": ""METRO_LITTLE_MOUNT""}",ANSWERABLE_WITH_PROVISIONAL_DATA,template_instantiation,TMPL_MULTIMODAL_ROUTE_HI_DEVA_7
PILOT_T2_TR_001656,,SFAM_STATION_FACILITIES_010,FAM_STATION_FACILITIES_010,PARA_STATION_FACILITIES_9_3,T2_MEDIUM_V1,station_facilities,GET_STATION_FACILITY,Transit query: Does Anna Nagar Tower station premises include operational two-wheeler bike parking (F10)? #5,hi-en,Latn,CS3,N1,"{""station"": ""Anna Nagar Tower"", ""facility_type"": ""two_wheeler_parking"", ""transport_mode"": ""metro""}","{""station_id"": ""METRO_ANNA_NAGAR_TOWER""}",ANSWERABLE_NOW,template_instantiation,TMPL_STATION_FACILITIES_HINGLISH_LATN_9
PILOT_T2_TR_001657,,SFAM_TICKETING_AND_PASSES_012,FAM_TICKETING_AND_PASSES_012,PARA_TICKETING_AND_PASSES_11_3,T2_MEDIUM_V1,ticketing_rules,GET_TICKETING_POLICY,Could you specify How can regular passengers apply for and renew National Common Mobility Card (F12)?? #3,hi-en,Latn,CS3,N0,"{""ticket_type"": ""ncmc_card"", ""transport_mode"": ""transit""}",{},ANSWERABLE_NOW,template_instantiation,TMPL_TICKETING_AND_PASSES_HINGLISH_LATN_11
PILOT_T2_TR_001658,,SFAM_STATION_ACCESSIBILITY_016,FAM_STATION_ACCESSIBILITY_016,PARA_STATION_ACCESSIBILITY_15_1,T2_MEDIUM_V1,accessibility,GET_ACCESSIBILITY_INFO,Please tell: क्या साइदापेट स्टेशन पर दिव्यांग यात्रियों के लिए एस्केलेटर उपलब्ध है? (सुलभता F16) #2,hi,Deva,CS0,N0,"{""station"": ""साइदापेट"", ""accessibility_feature"": ""escalator"", ""transport_mode"": ""मेट्रो""}","{""station_id"": ""METRO_SAIDAPET""}",ANSWERABLE_NOW,template_instantiation,TMPL_STATION_ACCESSIBILITY_HI_DEVA_15
PILOT_T2_TR_001659,,SFAM_ROUTE_STOP_SEQUENCE_017,FAM_ROUTE_STOP_SEQUENCE_017,PARA_ROUTE_STOP_SEQUENCE_16_1,T2_MEDIUM_V1,route_stops,LIST_ROUTE_STOPS,बस रूट 102 के सभी ठहरावों की क्रमबद्ध सूची दिखाएं। (क्रम F17),hi,Deva,CS0,N0,"{""route_number"": ""102"", ""transport_mode"": ""बस""}","{""route_id"": ""GTFS_ROUTE_16861""}",ANSWERABLE_WITH_PROVISIONAL_DATA,template_instantiation,TMPL_ROUTE_STOP_SEQUENCE_HI_DEVA_16
PILOT_T2_TR_001660,,SFAM_NEAREST_TRANSPORT_004,FAM_NEAREST_TRANSPORT_004,PARA_NEAREST_TRANSPORT_3_3,T2_MEDIUM_V1,nearest_transport,FIND_NEAREST_STATION,Find closest public transport access point near Maritime Institute (F4),hi-en,Latn,CS3,N0,"{""landmark"": ""Maritime Institute"", ""transport_mode"": ""public transport""}","{""place_id"": ""OSM_POI_314081186""}",ANSWERABLE_NOW,template_instantiation,TMPL_NEAREST_TRANSPORT_HINGLISH_LATN_3
PILOT_T2_TR_001661,,SFAM_STATION_ACCESSIBILITY_017,FAM_STATION_ACCESSIBILITY_017,PARA_STATION_ACCESSIBILITY_16_3,T2_MEDIUM_V1,accessibility,GET_ACCESSIBILITY_INFO,Transit query: Verification of accessible wheelchair ramp support at St. Thomas Mount metro (F17) #5,hi-en,Latn,CS3,N0,"{""station"": ""St. Thomas Mount"", ""accessibility_feature"": ""wheelchair"", ""transport_mode"": ""metro""}","{""station_id"": ""METRO_ST__THOMAS_MOUNT""}",ANSWERABLE_NOW,template_instantiation,TMPL_STATION_ACCESSIBILITY_HINGLISH_LATN_16
PILOT_T2_TR_001662,,SFAM_REALTIME_STATUS_QUERY_020,FAM_REALTIME_STATUS_QUERY_020,PARA_REALTIME_STATUS_QUERY_19_3,T2_MEDIUM_V1,realtime_status_query,REJECT_UNSUPPORTED_REALTIME,Could you specify Live crowd density and train arrival countdown at Pachaiyappa College right now (F20)? #3,hi-en,Latn,CS3,N0,"{""station"": ""Pachaiyappa College"", ""transport_mode"": ""metro""}","{""station_id"": ""METRO_PACHAIYAPPA_S_COLLEGE""}",REQUIRES_REALTIME_DATA,template_instantiation,TMPL_REALTIME_STATUS_QUERY_HINGLISH_LATN_19
PILOT_T2_TR_001663,,SFAM_STATION_FACILITIES_016,FAM_STATION_FACILITIES_016,PARA_STATION_FACILITIES_15_2,T2_MEDIUM_V1,station_facilities,GET_STATION_FACILITY,kya saidapet station par passenger cycle stand service available hai? [amenity F16],hi,Latn,CS0,N0,"{""station"": ""saidapet"", ""facility_type"": ""bicycle_stand"", ""transport_mode"": ""metro""}","{""station_id"": ""METRO_SAIDAPET""}",ANSWERABLE_NOW,template_instantiation,TMPL_STATION_FACILITIES_HI_LATN_15
PILOT_T2_TR_001664,,SFAM_MODE_AVAILABILITY_009,FAM_MODE_AVAILABILITY_009,PARA_MODE_AVAILABILITY_8_3,T2_MEDIUM_V1,service_availability,CHECK_SERVICE_AVAILABILITY,Transit query: Is public transit operational connecting Thirumangalam and Madurantakam (F9)? #5,hi-en,Latn,CS3,N1,"{""origin"": ""Thirumangalam"", ""destination"": ""Madurantakam"", ""transport_mode"": ""public transit""}","{""origin_id"": ""METRO_THIRUMANGALAM"", ""destination_id"": ""BUS_5306412986""}",ANSWERABLE_WITH_PROVISIONAL_DATA,template_instantiation,TMPL_MODE_AVAILABILITY_HINGLISH_LATN_8
PILOT_T2_TR_001665,,SFAM_INTERCHANGE_TRANSFER_013,FAM_INTERCHANGE_TRANSFER_013,PARA_INTERCHANGE_TRANSFER_12_0,T2_MEDIUM_V1,interchange_query,GET_INTERCHANGE_DETAILS,Could you specify How do I switch lines to connect towards Pachaiyappa College at Wimco Nagar Depot interchange? [xfer F13]? #3,en,Latn,CS0,N0,"{""station"": ""Wimco Nagar Depot"", ""destination"": ""Pachaiyappa College"", ""facility_type"": ""interchange""}","{""station_id"": ""METRO_WIMCO_NAGAR"", ""destination_id"": ""METRO_PACHAIYAPPA_S_COLLEGE""}",ANSWERABLE_AFTER_MANUAL_VERIFICATION,template_instantiation,TMPL_INTERCHANGE_TRANSFER_EN_12
PILOT_T2_TR_001666,,SFAM_STATION_FACILITIES_009,FAM_STATION_FACILITIES_009,PARA_STATION_FACILITIES_8_4,T2_MEDIUM_V1,station_facilities,GET_STATION_FACILITY,Could you specify क्या Thirumangalam station par passengers ke liye car parking accessible hai F9? #3,hi-en,Deva+Latn,CS4,N0,"{""station"": ""Thirumangalam"", ""facility_type"": ""parking"", ""transport_mode"": ""metro""}","{""station_id"": ""METRO_THIRUMANGALAM""}",ANSWERABLE_NOW,template_instantiation,TMPL_STATION_FACILITIES_MIXED_SCRIPT_CS_8
PILOT_T2_TR_001667,,SFAM_STATION_ACCESSIBILITY_013,FAM_STATION_ACCESSIBILITY_013,PARA_STATION_ACCESSIBILITY_12_0,T2_MEDIUM_V1,accessibility,GET_ACCESSIBILITY_INFO,"Excuse me, Are wheelchair ramp provisions available for differently abled passengers at Wimco Nagar Depot? [a11y F13] #6",en,Latn,CS0,N0,"{""station"": ""Wimco Nagar Depot"", ""accessibility_feature"": ""wheelchair"", ""transport_mode"": ""metro""}","{""station_id"": ""METRO_WIMCO_NAGAR""}",ANSWERABLE_NOW,template_instantiation,TMPL_STATION_ACCESSIBILITY_EN_12
PILOT_T2_TR_001668,,SFAM_STATION_ACCESSIBILITY_004,FAM_STATION_ACCESSIBILITY_004,PARA_STATION_ACCESSIBILITY_3_1,T2_MEDIUM_V1,accessibility,GET_ACCESSIBILITY_INFO,"Hello assistant, क्या आलंदूर स्टेशन पर दिव्यांग यात्रियों के लिए एस्केलेटर उपलब्ध है? (सुलभता F4) #7",hi,Deva,CS0,N1,"{""station"": ""आलंदूर"", ""accessibility_feature"": ""escalator"", ""transport_mode"": ""मेट्रो""}","{""station_id"": ""METRO_ARIGNAR_ANNA_ALANDUR""}",ANSWERABLE_NOW,template_instantiation,TMPL_STATION_ACCESSIBILITY_HI_DEVA_3
PILOT_T2_TR_001669,,SFAM_SCHEDULED_DEPARTURE_005,FAM_SCHEDULED_DEPARTURE_005,PARA_SCHEDULED_DEPARTURE_4_0,T2_MEDIUM_V1,service_timing,GET_SCHEDULED_DEPARTURES,Please tell: Show metro departure timetable at bare 8 o'clock from CMBT [sched F5] #2,en,Latn,CS0,N0,"{""origin"": ""CMBT"", ""time"": ""8 o'clock"", ""temporal_ambiguity"": true, ""dual_candidates"": [""08:00:00"", ""20:00:00""]}","{""origin_id"": ""METRO_PURATCHI_THALAIVI_DR_J_JAYALALITHAA_CMBT""}",ANSWERABLE_NOW,template_instantiation,TMPL_SCHEDULED_DEPARTURE_EN_4
PILOT_T2_TR_001670,,SFAM_INTERCHANGE_TRANSFER_003,FAM_INTERCHANGE_TRANSFER_003,PARA_INTERCHANGE_TRANSFER_2_0,T2_MEDIUM_V1,interchange_query,GET_INTERCHANGE_DETAILS,Please tell: How do I switch lines to connect towards Anna Nagar Tower at Guindy interchange? [xfer F3] #2,en,Latn,CS0,N0,"{""station"": ""Guindy"", ""destination"": ""Anna Nagar Tower"", ""facility_type"": ""interchange""}","{""station_id"": ""METRO_GUINDY"", ""destination_id"": ""METRO_ANNA_NAGAR_TOWER""}",ANSWERABLE_AFTER_MANUAL_VERIFICATION,template_instantiation,TMPL_INTERCHANGE_TRANSFER_EN_2
PILOT_T2_TR_001671,,SFAM_STATION_ACCESSIBILITY_008,FAM_STATION_ACCESSIBILITY_008,PARA_STATION_ACCESSIBILITY_7_2,T2_MEDIUM_V1,accessibility,GET_ACCESSIBILITY_INFO,kya high court metro station me wheelchair disabled ke liye escalator hai? [barrier-free F8],hi,Latn,CS0,N0,"{""station"": ""high court"", ""accessibility_feature"": ""escalator"", ""transport_mode"": ""metro""}","{""station_id"": ""METRO_HIGHCOURT""}",ANSWERABLE_NOW,template_instantiation,TMPL_STATION_ACCESSIBILITY_HI_LATN_7
PILOT_T2_TR_001672,,SFAM_STATION_ACCESSIBILITY_006,FAM_STATION_ACCESSIBILITY_006,PARA_STATION_ACCESSIBILITY_5_4,T2_MEDIUM_V1,accessibility,GET_ACCESSIBILITY_INFO,Could you specify Koyambedu station par handicapped passengers ke liye passenger elevator lift support status F6? #3,hi-en,Deva+Latn,CS4,N0,"{""station"": ""Koyambedu"", ""accessibility_feature"": ""lift"", ""transport_mode"": ""metro""}","{""station_id"": ""METRO_KOYAMBEDU""}",ANSWERABLE_NOW,template_instantiation,TMPL_STATION_ACCESSIBILITY_MIXED_SCRIPT_CS_5
PILOT_T2_TR_001673,,SFAM_STATION_FACILITIES_020,FAM_STATION_FACILITIES_020,PARA_STATION_FACILITIES_19_1,T2_MEDIUM_V1,station_facilities,GET_STATION_FACILITY,Could you specify क्या पचैयप्पा कॉलेज मेट्रो स्टेशन पर साइकिल स्टैंड की व्यवस्था उपलब्ध है? (सुविधा F20)? #3,hi,Deva,CS0,N0,"{""station"": ""पचैयप्पा कॉलेज"", ""facility_type"": ""bicycle_stand"", ""transport_mode"": ""मेट्रो""}","{""station_id"": ""METRO_PACHAIYAPPA_S_COLLEGE""}",ANSWERABLE_NOW,template_instantiation,TMPL_STATION_FACILITIES_HI_DEVA_19
PILOT_T2_TR_001674,,SFAM_INTERCHANGE_TRANSFER_015,FAM_INTERCHANGE_TRANSFER_015,PARA_INTERCHANGE_TRANSFER_14_0,T2_MEDIUM_V1,interchange_query,GET_INTERCHANGE_DETAILS,Quick check: How do I switch lines to connect towards Chennai Central at Little Mount interchange? [xfer F15] #4,en,Latn,CS0,N0,"{""station"": ""Little Mount"", ""destination"": ""Chennai Central"", ""facility_type"": ""interchange""}","{""station_id"": ""METRO_LITTLE_MOUNT"", ""destination_id"": ""METRO_PURATCHI_THALAIVAR_DR__M_G_RAMACHANDRAN_CENTRAL""}",ANSWERABLE_AFTER_MANUAL_VERIFICATION,template_instantiation,TMPL_INTERCHANGE_TRANSFER_EN_14
PILOT_T2_TR_001675,,SFAM_MODE_AVAILABILITY_005,FAM_MODE_AVAILABILITY_005,PARA_MODE_AVAILABILITY_4_1,T2_MEDIUM_V1,service_availability,CHECK_SERVICE_AVAILABILITY,"Hello assistant, क्या सीएमबीटी से बेसेंट नगर के लिए कोई सार्वजनिक बस या ट्रेन उपलब्ध है? (उपलब्धता F5) #7",hi,Deva,CS0,N1,"{""origin"": ""सीएमबीटी"", ""destination"": ""बेसेंट नगर"", ""transport_mode"": ""सार्वजनिक बस या ट्रेन""}","{""origin_id"": ""METRO_PURATCHI_THALAIVI_DR_J_JAYALALITHAA_CMBT"", ""destination_id"": ""BUS_417750654""}",ANSWERABLE_WITH_PROVISIONAL_DATA,template_instantiation,TMPL_MODE_AVAILABILITY_HI_DEVA_4
PILOT_T2_TR_001676,,SFAM_FARE_CALCULATION_008,FAM_FARE_CALCULATION_008,PARA_FARE_CALCULATION_7_1,T2_MEDIUM_V1,fare_query,CALCULATE_FARE,Quick check: हाई कोर्ट से लिटिल माउंट तक का मेट्रो का टोकन किराया कितना रुपया है? (किराया F8) #4,hi,Deva,CS0,N0,"{""origin"": ""हाई कोर्ट"", ""destination"": ""लिटिल माउंट"", ""fare_type"": ""टोकन"", ""transport_mode"": ""मेट्रो""}","{""origin_id"": ""METRO_HIGHCOURT"", ""destination_id"": ""METRO_LITTLE_MOUNT""}",ANSWERABLE_NOW,template_instantiation,TMPL_FARE_CALCULATION_HI_DEVA_7
PILOT_T2_TR_001677,,SFAM_FARE_CALCULATION_008,FAM_FARE_CALCULATION_008,PARA_FARE_CALCULATION_7_4,T2_MEDIUM_V1,fare_query,CALCULATE_FARE,Please tell: High Court से Little Mount metro travel ka discounted smart card fare kya hai F8 #2,hi-en,Deva+Latn,CS4,N0,"{""origin"": ""High Court"", ""destination"": ""Little Mount"", ""ticket_type"": ""smart_card"", ""transport_mode"": ""metro""}","{""origin_id"": ""METRO_HIGHCOURT"", ""destination_id"": ""METRO_LITTLE_MOUNT""}",ANSWERABLE_NOW,template_instantiation,TMPL_FARE_CALCULATION_MIXED_SCRIPT_CS_7
PILOT_T2_TR_001678,,SFAM_MODE_AVAILABILITY_013,FAM_MODE_AVAILABILITY_013,PARA_MODE_AVAILABILITY_12_3,T2_MEDIUM_V1,service_availability,CHECK_SERVICE_AVAILABILITY,Transit query: Is public transit operational connecting Wimco Nagar Depot and Nelvoy (F13)? #5,hi-en,Latn,CS3,N1,"{""origin"": ""Wimco Nagar Depot"", ""destination"": ""Nelvoy"", ""transport_mode"": ""public transit""}","{""origin_id"": ""METRO_WIMCO_NAGAR"", ""destination_id"": ""BUS_469106564""}",ANSWERABLE_WITH_PROVISIONAL_DATA,template_instantiation,TMPL_MODE_AVAILABILITY_HINGLISH_LATN_12
PILOT_T2_TR_001679,,SFAM_ROUTE_STOP_MEMBERSHIP_001,FAM_ROUTE_STOP_MEMBERSHIP_001,PARA_ROUTE_STOP_MEMBERSHIP_0_4,T2_MEDIUM_V1,route_stops,CHECK_STOP_ON_ROUTE,Please tell: क्या route 21G bus Tambaram पर rukegi verification F1? #2,hi-en,Deva+Latn,CS4,N0,"{""route_number"": ""21G"", ""stop"": ""Tambaram"", ""transport_mode"": ""bus""}","{""route_id"": ""GTFS_ROUTE_8458"", ""stop_id"": ""BUS_5304399879""}",ANSWERABLE_WITH_PROVISIONAL_DATA,template_instantiation,TMPL_ROUTE_STOP_MEMBERSHIP_MIXED_SCRIPT_CS_0
PILOT_T2_TR_001680,,SFAM_STATION_ACCESSIBILITY_017,FAM_STATION_ACCESSIBILITY_017,PARA_STATION_ACCESSIBILITY_16_0,T2_MEDIUM_V1,accessibility,GET_ACCESSIBILITY_INFO,"Excuse me, Are wheelchair ramp provisions available for differently abled passengers at St. Thomas Mount? [a11y F17] #6",en,Latn,CS0,N0,"{""station"": ""St. Thomas Mount"", ""accessibility_feature"": ""wheelchair"", ""transport_mode"": ""metro""}","{""station_id"": ""METRO_ST__THOMAS_MOUNT""}",ANSWERABLE_NOW,template_instantiation,TMPL_STATION_ACCESSIBILITY_EN_16
PILOT_T2_TR_001681,,SFAM_OUT_OF_SCOPE_017,FAM_OUT_OF_SCOPE_017,PARA_OUT_OF_SCOPE_16_1,T2_MEDIUM_V1,out_of_scope,REJECT_OUT_OF_SCOPE,"Excuse me, सेंट थॉमस माउंट के निकटतम सबसे अच्छे रेस्टोरेंट और भोजनालय की सूची दें। (बाहर F17) #6",hi,Deva,CS0,N0,"{""station"": ""सेंट थॉमस माउंट""}","{""station_id"": ""METRO_ST__THOMAS_MOUNT""}",OUT_OF_SCOPE,template_instantiation,TMPL_OUT_OF_SCOPE_HI_DEVA_16
PILOT_T2_TR_001682,,SFAM_POINT_TO_POINT_ROUTE_004,FAM_POINT_TO_POINT_ROUTE_004,PARA_POINT_TO_POINT_ROUTE_3_3,T2_MEDIUM_V1,route_query,PLAN_ROUTE,Please tell: Alandur to Egmore metro ride ka best direct route bataiye (F4) #2,hi-en,Latn,CS3,N0,"{""origin"": ""Alandur"", ""destination"": ""Egmore"", ""transport_mode"": ""metro""}","{""origin_id"": ""METRO_ARIGNAR_ANNA_ALANDUR"", ""destination_id"": ""METRO_EGMORE""}",ANSWERABLE_WITH_PROVISIONAL_DATA,template_instantiation,TMPL_POINT_TO_POINT_ROUTE_HINGLISH_LATN_3
PILOT_T2_TR_001683,,SFAM_OUT_OF_SCOPE_006,FAM_OUT_OF_SCOPE_006,PARA_OUT_OF_SCOPE_5_0,T2_MEDIUM_V1,out_of_scope,REJECT_OUT_OF_SCOPE,Please tell: Book a private cab taxi ride from Koyambedu to Wimco Nagar Depot. [cab F6] #2,en,Latn,CS0,N0,"{""origin"": ""Koyambedu"", ""destination"": ""Wimco Nagar Depot""}","{""origin_id"": ""METRO_KOYAMBEDU"", ""destination_id"": ""METRO_WIMCO_NAGAR""}",OUT_OF_SCOPE,template_instantiation,TMPL_OUT_OF_SCOPE_EN_5
PILOT_T2_TR_001684,,SFAM_MODE_AVAILABILITY_019,FAM_MODE_AVAILABILITY_019,PARA_MODE_AVAILABILITY_18_3,T2_MEDIUM_V1,service_availability,CHECK_SERVICE_AVAILABILITY,Could you specify Is public transit operational connecting Kilpauk and Adyar (F19)?? #3,hi-en,Latn,CS3,N0,"{""origin"": ""Kilpauk"", ""destination"": ""Adyar"", ""transport_mode"": ""public transit""}","{""origin_id"": ""METRO_KILPAUK"", ""destination_id"": ""BUS_2587520213""}",ANSWERABLE_WITH_PROVISIONAL_DATA,template_instantiation,TMPL_MODE_AVAILABILITY_HINGLISH_LATN_18
PILOT_T2_TR_001685,,SFAM_STATION_ACCESSIBILITY_003,FAM_STATION_ACCESSIBILITY_003,PARA_STATION_ACCESSIBILITY_2_1,T2_MEDIUM_V1,accessibility,GET_ACCESSIBILITY_INFO,Transit query: क्या गिंडी स्टेशन पर दिव्यांग यात्रियों के लिए टैक्टाइल पाथ उपलब्ध है? (सुलभता F3) #5,hi,Deva,CS0,N0,"{""station"": ""गिंडी"", ""accessibility_feature"": ""tactile_path"", ""transport_mode"": ""मेट्रो""}","{""station_id"": ""METRO_GUINDY""}",ANSWERABLE_NOW,template_instantiation,TMPL_STATION_ACCESSIBILITY_HI_DEVA_2
PILOT_T2_TR_001686,,SFAM_REALTIME_STATUS_QUERY_012,FAM_REALTIME_STATUS_QUERY_012,PARA_REALTIME_STATUS_QUERY_11_0,T2_MEDIUM_V1,realtime_status_query,REJECT_UNSUPPORTED_REALTIME,Quick check: Where is bus 22 CT right now and what is its live location? [live F12] #4,en,Latn,CS0,N0,"{""route_number"": ""22 CT"", ""transport_mode"": ""bus""}","{""route_id"": ""GTFS_ROUTE_18753""}",REQUIRES_REALTIME_DATA,template_instantiation,TMPL_REALTIME_STATUS_QUERY_EN_11
PILOT_T2_TR_001687,,SFAM_INTERCHANGE_TRANSFER_010,FAM_INTERCHANGE_TRANSFER_010,PARA_INTERCHANGE_TRANSFER_9_2,T2_MEDIUM_V1,interchange_query,GET_INTERCHANGE_DETAILS,Quick check: anna nagar tower hub par metro line change karke st thomas mount kaise jaye? [platform F10] #4,hi,Latn,CS0,N0,"{""station"": ""anna nagar tower"", ""destination"": ""st thomas mount"", ""facility_type"": ""interchange""}","{""station_id"": ""METRO_ANNA_NAGAR_TOWER"", ""destination_id"": ""METRO_ST__THOMAS_MOUNT""}",ANSWERABLE_AFTER_MANUAL_VERIFICATION,template_instantiation,TMPL_INTERCHANGE_TRANSFER_HI_LATN_9
PILOT_T2_TR_001688,,SFAM_INTERCHANGE_TRANSFER_010,FAM_INTERCHANGE_TRANSFER_010,PARA_INTERCHANGE_TRANSFER_9_2,T2_MEDIUM_V1,interchange_query,GET_INTERCHANGE_DETAILS,Please tell: anna nagar tower hub par metro line change karke st thomas mount kaise jaye? [platform F10] #2,hi,Latn,CS0,N1,"{""station"": ""anna nagar tower"", ""destination"": ""st thomas mount"", ""facility_type"": ""interchange""}","{""station_id"": ""METRO_ANNA_NAGAR_TOWER"", ""destination_id"": ""METRO_ST__THOMAS_MOUNT""}",ANSWERABLE_AFTER_MANUAL_VERIFICATION,template_instantiation,TMPL_INTERCHANGE_TRANSFER_HI_LATN_9
PILOT_T2_TR_001689,,SFAM_REALTIME_STATUS_QUERY_009,FAM_REALTIME_STATUS_QUERY_009,PARA_REALTIME_STATUS_QUERY_8_3,T2_MEDIUM_V1,realtime_status_query,REJECT_UNSUPPORTED_REALTIME,Quick check: Live crowd density and train arrival countdown at Thirumangalam right now (F9) #4,hi-en,Latn,CS3,N0,"{""station"": ""Thirumangalam"", ""transport_mode"": ""metro""}","{""station_id"": ""METRO_THIRUMANGALAM""}",REQUIRES_REALTIME_DATA,template_instantiation,TMPL_REALTIME_STATUS_QUERY_HINGLISH_LATN_8
PILOT_T2_TR_001690,,SFAM_NEAREST_TRANSPORT_018,FAM_NEAREST_TRANSPORT_018,PARA_NEAREST_TRANSPORT_17_2,T2_MEDIUM_V1,nearest_transport,FIND_NEAREST_STATION,Could you specify madhuranthagam hospital se closest walking distance metro transit point kaunsa hai? [paas F18]? #3,hi,Latn,CS0,N0,"{""landmark"": ""madhuranthagam hospital"", ""transport_mode"": ""metro""}","{""place_id"": ""OSM_POI_7257518777""}",ANSWERABLE_NOW,template_instantiation,TMPL_NEAREST_TRANSPORT_HI_LATN_17
PILOT_T2_TR_001691,,SFAM_STATION_FACILITIES_010,FAM_STATION_FACILITIES_010,PARA_STATION_FACILITIES_9_1,T2_MEDIUM_V1,station_facilities,GET_STATION_FACILITY,Could you specify क्या अन्ना नगर टावर मेट्रो स्टेशन पर बाइक पार्किंग की व्यवस्था उपलब्ध है? (सुविधा F10)? #3,hi,Deva,CS0,N0,"{""station"": ""अन्ना नगर टावर"", ""facility_type"": ""two_wheeler_parking"", ""transport_mode"": ""मेट्रो""}","{""station_id"": ""METRO_ANNA_NAGAR_TOWER""}",ANSWERABLE_NOW,template_instantiation,TMPL_STATION_FACILITIES_HI_DEVA_9
PILOT_T2_TR_001692,,SFAM_STATION_FACILITIES_010,FAM_STATION_FACILITIES_010,PARA_STATION_FACILITIES_9_0,T2_MEDIUM_V1,station_facilities,GET_STATION_FACILITY,Could you specify Is two-wheeler bike parking facility available at Anna Nagar Tower metro station? [fac F10]? #3,en,Latn,CS0,N0,"{""station"": ""Anna Nagar Tower"", ""facility_type"": ""two_wheeler_parking"", ""transport_mode"": ""metro""}","{""station_id"": ""METRO_ANNA_NAGAR_TOWER""}",ANSWERABLE_NOW,template_instantiation,TMPL_STATION_FACILITIES_EN_9
PILOT_T2_TR_001693,,SFAM_FIRST_AND_LAST_SERVICE_006,FAM_FIRST_AND_LAST_SERVICE_006,PARA_FIRST_AND_LAST_SERVICE_5_3,T2_MEDIUM_V1,service_timing,GET_FIRST_LAST_SERVICE,Please tell: First train and last train operational hours between Koyambedu and Wimco Nagar Depot (F6) #2,hi-en,Latn,CS3,N1,"{""origin"": ""Koyambedu"", ""destination"": ""Wimco Nagar Depot"", ""timing_type"": ""first_last"", ""transport_mode"": ""train""}","{""origin_id"": ""METRO_KOYAMBEDU"", ""destination_id"": ""METRO_WIMCO_NAGAR""}",ANSWERABLE_NOW,template_instantiation,TMPL_FIRST_AND_LAST_SERVICE_HINGLISH_LATN_5
PILOT_T2_TR_001694,,SFAM_POINT_TO_POINT_ROUTE_003,FAM_POINT_TO_POINT_ROUTE_003,PARA_POINT_TO_POINT_ROUTE_2_0,T2_MEDIUM_V1,route_query,PLAN_ROUTE,Could you specify How do I commute from Guindy to Anna Nagar Tower by metro? [pattern F3]? #3,en,Latn,CS0,N0,"{""origin"": ""Guindy"", ""destination"": ""Anna Nagar Tower"", ""transport_mode"": ""metro""}","{""origin_id"": ""METRO_GUINDY"", ""destination_id"": ""METRO_ANNA_NAGAR_TOWER""}",ANSWERABLE_WITH_PROVISIONAL_DATA,template_instantiation,TMPL_POINT_TO_POINT_ROUTE_EN_2
PILOT_T2_TR_001695,,SFAM_FARE_CALCULATION_012,FAM_FARE_CALCULATION_012,PARA_FARE_CALCULATION_11_3,T2_MEDIUM_V1,fare_query,CALCULATE_FARE,Calculate fare for travel between Thousand Lights and Kilpauk stations (F12),hi-en,Latn,CS3,N0,"{""origin"": ""Thousand Lights"", ""destination"": ""Kilpauk"", ""transport_mode"": ""metro""}","{""origin_id"": ""METRO_THOUSAND_LIGHTS"", ""destination_id"": ""METRO_KILPAUK""}",ANSWERABLE_NOW,template_instantiation,TMPL_FARE_CALCULATION_HINGLISH_LATN_11
PILOT_T2_TR_001696,,SFAM_STATION_FACILITIES_009,FAM_STATION_FACILITIES_009,PARA_STATION_FACILITIES_8_4,T2_MEDIUM_V1,station_facilities,GET_STATION_FACILITY,क्या Thirumangalam station par passengers ke liye car parking accessible hai F9,hi-en,Deva+Latn,CS4,N0,"{""station"": ""Thirumangalam"", ""facility_type"": ""parking"", ""transport_mode"": ""metro""}","{""station_id"": ""METRO_THIRUMANGALAM""}",ANSWERABLE_NOW,template_instantiation,TMPL_STATION_FACILITIES_MIXED_SCRIPT_CS_8
PILOT_T2_TR_001697,,SFAM_ROUTE_STOP_MEMBERSHIP_009,FAM_ROUTE_STOP_MEMBERSHIP_009,PARA_ROUTE_STOP_MEMBERSHIP_8_0,T2_MEDIUM_V1,route_stops,CHECK_STOP_ON_ROUTE,Could you specify Does bus route 29A make a scheduled halt at Madurantakam? [chk F9]? #3,en,Latn,CS0,N0,"{""route_number"": ""29A"", ""stop"": ""Madurantakam"", ""transport_mode"": ""bus""}","{""route_id"": ""GTFS_ROUTE_18751"", ""stop_id"": ""BUS_5306412986""}",ANSWERABLE_WITH_PROVISIONAL_DATA,template_instantiation,TMPL_ROUTE_STOP_MEMBERSHIP_EN_8
PILOT_T2_TR_001698,,SFAM_MODE_AVAILABILITY_004,FAM_MODE_AVAILABILITY_004,PARA_MODE_AVAILABILITY_3_1,T2_MEDIUM_V1,service_availability,CHECK_SERVICE_AVAILABILITY,Could you specify क्या आलंदूर से वेलाचेरी के लिए कोई सार्वजनिक बस या ट्रेन उपलब्ध है? (उपलब्धता F4)? #3,hi,Deva,CS0,N0,"{""origin"": ""आलंदूर"", ""destination"": ""वेलाचेरी"", ""transport_mode"": ""सार्वजनिक बस या ट्रेन""}","{""origin_id"": ""METRO_ARIGNAR_ANNA_ALANDUR"", ""destination_id"": ""BUS_1764308008""}",ANSWERABLE_WITH_PROVISIONAL_DATA,template_instantiation,TMPL_MODE_AVAILABILITY_HI_DEVA_3
PILOT_T2_TR_001699,,SFAM_OUT_OF_SCOPE_006,FAM_OUT_OF_SCOPE_006,PARA_OUT_OF_SCOPE_5_2,T2_MEDIUM_V1,out_of_scope,REJECT_OUT_OF_SCOPE,Could you specify koyambedu airport terminal ke flight delay timings check kijiye. [bahar F6]? #3,hi,Latn,CS0,N0,"{""station"": ""koyambedu""}","{""station_id"": ""METRO_KOYAMBEDU""}",OUT_OF_SCOPE,template_instantiation,TMPL_OUT_OF_SCOPE_HI_LATN_5
PILOT_T2_TR_001700,,SFAM_SCHEDULED_DEPARTURE_009,FAM_SCHEDULED_DEPARTURE_009,PARA_SCHEDULED_DEPARTURE_8_2,T2_MEDIUM_V1,service_timing,GET_SCHEDULED_DEPARTURES,thirumangalam se sham 7 baje departure timing schedule bataye. [timetable F9],hi,Latn,CS0,N0,"{""origin"": ""thirumangalam"", ""time"": ""sham 7 baje"", ""resolved_time"": ""19:00:00""}","{""origin_id"": ""METRO_THIRUMANGALAM""}",ANSWERABLE_NOW,template_instantiation,TMPL_SCHEDULED_DEPARTURE_HI_LATN_8
PILOT_T2_TR_001701,,SFAM_MODE_AVAILABILITY_002,FAM_MODE_AVAILABILITY_002,PARA_MODE_AVAILABILITY_1_0,T2_MEDIUM_V1,service_availability,CHECK_SERVICE_AVAILABILITY,Quick check: Are there direct public transport options from Chennai Central to Broadway? [avail F2] #4,en,Latn,CS0,N0,"{""origin"": ""Chennai Central"", ""destination"": ""Broadway"", ""transport_mode"": ""any""}","{""origin_id"": ""METRO_PURATCHI_THALAIVAR_DR__M_G_RAMACHANDRAN_CENTRAL"", ""destination_id"": ""BUS_27618346""}",ANSWERABLE_WITH_PROVISIONAL_DATA,template_instantiation,TMPL_MODE_AVAILABILITY_EN_1
PILOT_T2_TR_001702,,SFAM_REALTIME_STATUS_QUERY_008,FAM_REALTIME_STATUS_QUERY_008,PARA_REALTIME_STATUS_QUERY_7_3,T2_MEDIUM_V1,realtime_status_query,REJECT_UNSUPPORTED_REALTIME,Could you specify Live crowd density and train arrival countdown at High Court right now (F8)? #3,hi-en,Latn,CS3,N0,"{""station"": ""High Court"", ""transport_mode"": ""metro""}","{""station_id"": ""METRO_HIGHCOURT""}",REQUIRES_REALTIME_DATA,template_instantiation,TMPL_REALTIME_STATUS_QUERY_HINGLISH_LATN_7
PILOT_T2_TR_001703,,SFAM_STATION_FACILITIES_020,FAM_STATION_FACILITIES_020,PARA_STATION_FACILITIES_19_2,T2_MEDIUM_V1,station_facilities,GET_STATION_FACILITY,kya pachaiyappa college station par passenger cycle stand service available hai? [amenity F20],hi,Latn,CS0,N0,"{""station"": ""pachaiyappa college"", ""facility_type"": ""bicycle_stand"", ""transport_mode"": ""metro""}","{""station_id"": ""METRO_PACHAIYAPPA_S_COLLEGE""}",ANSWERABLE_NOW,template_instantiation,TMPL_STATION_FACILITIES_HI_LATN_19
PILOT_T2_TR_001704,,SFAM_STATION_FACILITIES_002,FAM_STATION_FACILITIES_002,PARA_STATION_FACILITIES_1_1,T2_MEDIUM_V1,station_facilities,GET_STATION_FACILITY,Please tell: क्या चेन्नई सेंट्रल मेट्रो स्टेशन पर बाइक पार्किंग की व्यवस्था उपलब्ध है? (सुविधा F2) #2,hi,Deva,CS0,N0,"{""station"": ""चेन्नई सेंट्रल"", ""facility_type"": ""two_wheeler_parking"", ""transport_mode"": ""मेट्रो""}","{""station_id"": ""METRO_PURATCHI_THALAIVAR_DR__M_G_RAMACHANDRAN_CENTRAL""}",ANSWERABLE_NOW,template_instantiation,TMPL_STATION_FACILITIES_HI_DEVA_1
PILOT_T2_TR_001705,,SFAM_STATION_FACILITIES_017,FAM_STATION_FACILITIES_017,PARA_STATION_FACILITIES_16_1,T2_MEDIUM_V1,station_facilities,GET_STATION_FACILITY,Transit query: क्या सेंट थॉमस माउंट मेट्रो स्टेशन पर कार पार्किंग की व्यवस्था उपलब्ध है? (सुविधा F17) #5,hi,Deva,CS0,N2,"{""station"": ""सेंट थॉमस माउंट"", ""facility_type"": ""parking"", ""transport_mode"": ""मेट्रो""}","{""station_id"": ""METRO_ST__THOMAS_MOUNT""}",ANSWERABLE_NOW,template_instantiation,TMPL_STATION_FACILITIES_HI_DEVA_16
PILOT_T2_TR_001706,,SFAM_OUT_OF_SCOPE_001,FAM_OUT_OF_SCOPE_001,PARA_OUT_OF_SCOPE_0_3,T2_MEDIUM_V1,out_of_scope,REJECT_OUT_OF_SCOPE,Quick check: What is the general weather rain forecast in Chennai near Marina Beach today (F1)? #4,hi-en,Latn,CS3,N2,"{""landmark"": ""Marina Beach""}","{""place_id"": ""OSM_POI_12137617372""}",OUT_OF_SCOPE,template_instantiation,TMPL_OUT_OF_SCOPE_HINGLISH_LATN_0
PILOT_T2_TR_001707,,SFAM_OUT_OF_SCOPE_015,FAM_OUT_OF_SCOPE_015,PARA_OUT_OF_SCOPE_14_3,T2_MEDIUM_V1,out_of_scope,REJECT_OUT_OF_SCOPE,Quick check: What is the general weather rain forecast in Chennai near Maruthi Hospital today (F15)? #4,hi-en,Latn,CS3,N0,"{""landmark"": ""Maruthi Hospital""}","{""place_id"": ""OSM_POI_7820652140""}",OUT_OF_SCOPE,template_instantiation,TMPL_OUT_OF_SCOPE_HINGLISH_LATN_14
PILOT_T2_TR_001708,,SFAM_FARE_CALCULATION_004,FAM_FARE_CALCULATION_004,PARA_FARE_CALCULATION_3_2,T2_MEDIUM_V1,fare_query,CALCULATE_FARE,Please tell: alandur se egmore metro ride ka standard ticket cost kitna hoga? [kiraya F4] #2,hi,Latn,CS0,N0,"{""origin"": ""alandur"", ""destination"": ""egmore"", ""transport_mode"": ""metro""}","{""origin_id"": ""METRO_ARIGNAR_ANNA_ALANDUR"", ""destination_id"": ""METRO_EGMORE""}",ANSWERABLE_NOW,template_instantiation,TMPL_FARE_CALCULATION_HI_LATN_3
PILOT_T2_TR_001709,,SFAM_REALTIME_STATUS_QUERY_013,FAM_REALTIME_STATUS_QUERY_013,PARA_REALTIME_STATUS_QUERY_12_4,T2_MEDIUM_V1,realtime_status_query,REJECT_UNSUPPORTED_REALTIME,Please tell: Wimco Nagar Depot se metro live delay status aur real time position tracking F13 #2,hi-en,Deva+Latn,CS4,N0,"{""origin"": ""Wimco Nagar Depot"", ""transport_mode"": ""metro""}","{""origin_id"": ""METRO_WIMCO_NAGAR""}",REQUIRES_REALTIME_DATA,template_instantiation,TMPL_REALTIME_STATUS_QUERY_MIXED_SCRIPT_CS_12
PILOT_T2_TR_001710,,SFAM_FIRST_AND_LAST_SERVICE_017,FAM_FIRST_AND_LAST_SERVICE_017,PARA_FIRST_AND_LAST_SERVICE_16_0,T2_MEDIUM_V1,service_timing,GET_FIRST_LAST_SERVICE,What time does the earliest and latest train depart St. Thomas Mount for Alandur? [hrs F17],en,Latn,CS0,N0,"{""origin"": ""St. Thomas Mount"", ""destination"": ""Alandur"", ""timing_type"": ""first_last"", ""transport_mode"": ""metro""}","{""origin_id"": ""METRO_ST__THOMAS_MOUNT"", ""destination_id"": ""METRO_ARIGNAR_ANNA_ALANDUR""}",ANSWERABLE_NOW,template_instantiation,TMPL_FIRST_AND_LAST_SERVICE_EN_16
PILOT_T2_TR_001711,,SFAM_INTERCHANGE_TRANSFER_016,FAM_INTERCHANGE_TRANSFER_016,PARA_INTERCHANGE_TRANSFER_15_4,T2_MEDIUM_V1,interchange_query,GET_INTERCHANGE_DETAILS,Please tell: Saidapet interchange par line switch connection point details check F16 #2,hi-en,Deva+Latn,CS4,N0,"{""station"": ""Saidapet"", ""facility_type"": ""interchange""}","{""station_id"": ""METRO_SAIDAPET""}",ANSWERABLE_AFTER_MANUAL_VERIFICATION,template_instantiation,TMPL_INTERCHANGE_TRANSFER_MIXED_SCRIPT_CS_15
PILOT_T2_TR_001712,,SFAM_REALTIME_STATUS_QUERY_012,FAM_REALTIME_STATUS_QUERY_012,PARA_REALTIME_STATUS_QUERY_11_0,T2_MEDIUM_V1,realtime_status_query,REJECT_UNSUPPORTED_REALTIME,Transit query: Where is bus 22 CT right now and what is its live location? [live F12] #5,en,Latn,CS0,N0,"{""route_number"": ""22 CT"", ""transport_mode"": ""bus""}","{""route_id"": ""GTFS_ROUTE_18753""}",REQUIRES_REALTIME_DATA,template_instantiation,TMPL_REALTIME_STATUS_QUERY_EN_11
PILOT_T2_TR_001713,,SFAM_TICKETING_AND_PASSES_019,FAM_TICKETING_AND_PASSES_019,PARA_TICKETING_AND_PASSES_18_1,T2_MEDIUM_V1,ticketing_rules,GET_TICKETING_POLICY,Transit query: यात्रियों के लिए मासिक पास प्राप्त करने के नियम और प्रक्रिया क्या हैं? (पास F19) #5,hi,Deva,CS0,N2,"{""ticket_type"": ""monthly_pass"", ""transport_mode"": ""पारगमन""}",{},ANSWERABLE_NOW,template_instantiation,TMPL_TICKETING_AND_PASSES_HI_DEVA_18
PILOT_T2_TR_001714,,SFAM_ROUTE_STOP_MEMBERSHIP_015,FAM_ROUTE_STOP_MEMBERSHIP_015,PARA_ROUTE_STOP_MEMBERSHIP_14_0,T2_MEDIUM_V1,route_stops,CHECK_STOP_ON_ROUTE,Does bus route Green Line make a scheduled halt at Bus stand? [chk F15],en,Latn,CS0,N0,"{""route_number"": ""Green Line"", ""stop"": ""Bus stand"", ""transport_mode"": ""bus""}","{""route_id"": ""CMRL_GREEN_CORRIDOR_2"", ""stop_id"": ""BUS_5300484122""}",ANSWERABLE_WITH_PROVISIONAL_DATA,template_instantiation,TMPL_ROUTE_STOP_MEMBERSHIP_EN_14
PILOT_T2_TR_001715,,SFAM_OUT_OF_SCOPE_011,FAM_OUT_OF_SCOPE_011,PARA_OUT_OF_SCOPE_10_4,T2_MEDIUM_V1,out_of_scope,REJECT_OUT_OF_SCOPE,Please tell: Egmore ke pass hotel reservation aur movie ticket booking service F11 #2,hi-en,Deva+Latn,CS4,N0,"{""station"": ""Egmore""}","{""station_id"": ""METRO_EGMORE""}",OUT_OF_SCOPE,template_instantiation,TMPL_OUT_OF_SCOPE_MIXED_SCRIPT_CS_10
PILOT_T2_TR_001716,,SFAM_SCHEDULED_DEPARTURE_020,FAM_SCHEDULED_DEPARTURE_020,PARA_SCHEDULED_DEPARTURE_19_1,T2_MEDIUM_V1,service_timing,GET_SCHEDULED_DEPARTURES,Please tell: पचैयप्पा कॉलेज से सुबह 8 बजे छूटने वाली गाड़ियों की समय सारणी दिखाएं। (समय F20) #2,hi,Deva,CS0,N0,"{""origin"": ""पचैयप्पा कॉलेज"", ""time"": ""सुबह 8 बजे"", ""resolved_time"": ""08:00:00""}","{""origin_id"": ""METRO_PACHAIYAPPA_S_COLLEGE""}",ANSWERABLE_NOW,template_instantiation,TMPL_SCHEDULED_DEPARTURE_HI_DEVA_19
PILOT_T2_TR_001717,,SFAM_MODE_AVAILABILITY_008,FAM_MODE_AVAILABILITY_008,PARA_MODE_AVAILABILITY_7_3,T2_MEDIUM_V1,service_availability,CHECK_SERVICE_AVAILABILITY,Please tell: Is public transit operational connecting High Court and Mylapore (F8)? #2,hi-en,Latn,CS3,N0,"{""origin"": ""High Court"", ""destination"": ""Mylapore"", ""transport_mode"": ""public transit""}","{""origin_id"": ""METRO_HIGHCOURT"", ""destination_id"": ""BUS_410614381""}",ANSWERABLE_WITH_PROVISIONAL_DATA,template_instantiation,TMPL_MODE_AVAILABILITY_HINGLISH_LATN_7
PILOT_T2_TR_001718,,SFAM_MULTIMODAL_ROUTE_016,FAM_MULTIMODAL_ROUTE_016,PARA_MULTIMODAL_ROUTE_15_0,T2_MEDIUM_V1,route_query,PLAN_MULTIMODAL_ROUTE,Please tell: What is the combined bus and metro route from Pudupattinam to Guindy? [plan F16] #2,en,Latn,CS0,N0,"{""origin"": ""Pudupattinam"", ""destination"": ""Guindy"", ""transport_mode"": ""multimodal""}","{""origin_id"": ""BUS_3616510666"", ""destination_id"": ""METRO_GUINDY""}",ANSWERABLE_WITH_PROVISIONAL_DATA,template_instantiation,TMPL_MULTIMODAL_ROUTE_EN_15
PILOT_T2_TR_001719,,SFAM_NEAREST_TRANSPORT_001,FAM_NEAREST_TRANSPORT_001,PARA_NEAREST_TRANSPORT_0_1,T2_MEDIUM_V1,nearest_transport,FIND_NEAREST_STATION,Quick check: मरीना बीच के सबसे निकटतम मेट्रो स्टेशन या बस स्टॉप कौन सा है? (निकट F1) #4,hi,Deva,CS0,N2,"{""landmark"": ""मरीना बीच"", ""transport_mode"": ""मेट्रो या बस""}","{""place_id"": ""OSM_POI_12137617372""}",ANSWERABLE_NOW,template_instantiation,TMPL_NEAREST_TRANSPORT_HI_DEVA_0
PILOT_T2_TR_001720,,SFAM_MODE_AVAILABILITY_001,FAM_MODE_AVAILABILITY_001,PARA_MODE_AVAILABILITY_0_0,T2_MEDIUM_V1,service_availability,CHECK_SERVICE_AVAILABILITY,Transit query: Are there direct public transport options from Airport to Tambaram? [avail F1] #5,en,Latn,CS0,N0,"{""origin"": ""Airport"", ""destination"": ""Tambaram"", ""transport_mode"": ""any""}","{""origin_id"": ""METRO_CHENNAI_INTERNATIONAL_AIRPORT"", ""destination_id"": ""BUS_5304399879""}",ANSWERABLE_WITH_PROVISIONAL_DATA,template_instantiation,TMPL_MODE_AVAILABILITY_EN_0
PILOT_T2_TR_001721,,SFAM_SCHEDULED_DEPARTURE_003,FAM_SCHEDULED_DEPARTURE_003,PARA_SCHEDULED_DEPARTURE_2_3,T2_MEDIUM_V1,service_timing,GET_SCHEDULED_DEPARTURES,Guindy station se kal 8 baje train schedule kya hoga (F3),hi-en,Latn,CS3,N1,"{""origin"": ""Guindy"", ""temporal_relative"": ""kal"", ""resolved_temporal_offset"": ""UNRESOLVED_TEMPORAL_AMBIGUITY"", ""time"": ""8 baje"", ""temporal_ambiguity"": true, ""dual_candidates"": [""08:00:00"", ""20:00:00""]}","{""origin_id"": ""METRO_GUINDY""}",ANSWERABLE_NOW,template_instantiation,TMPL_SCHEDULED_DEPARTURE_HINGLISH_LATN_2
PILOT_T2_TR_001722,,SFAM_FARE_CALCULATION_011,FAM_FARE_CALCULATION_011,PARA_FARE_CALCULATION_10_3,T2_MEDIUM_V1,fare_query,CALCULATE_FARE,Calculate fare for travel between Egmore and Nehru Park stations (F11),hi-en,Latn,CS3,N0,"{""origin"": ""Egmore"", ""destination"": ""Nehru Park"", ""transport_mode"": ""metro""}","{""origin_id"": ""METRO_EGMORE"", ""destination_id"": ""METRO_NEHRU_PARK""}",ANSWERABLE_NOW,template_instantiation,TMPL_FARE_CALCULATION_HINGLISH_LATN_10
PILOT_T2_TR_001723,,SFAM_OUT_OF_SCOPE_001,FAM_OUT_OF_SCOPE_001,PARA_OUT_OF_SCOPE_0_0,T2_MEDIUM_V1,out_of_scope,REJECT_OUT_OF_SCOPE,Could you specify Book a private cab taxi ride from Airport to High Court. [cab F1]? #3,en,Latn,CS0,N0,"{""origin"": ""Airport"", ""destination"": ""High Court""}","{""origin_id"": ""METRO_CHENNAI_INTERNATIONAL_AIRPORT"", ""destination_id"": ""METRO_HIGHCOURT""}",OUT_OF_SCOPE,template_instantiation,TMPL_OUT_OF_SCOPE_EN_0
PILOT_T2_TR_001724,,SFAM_FARE_CALCULATION_002,FAM_FARE_CALCULATION_002,PARA_FARE_CALCULATION_1_3,T2_MEDIUM_V1,fare_query,CALCULATE_FARE,Calculate fare for travel between Chennai Central and Thirumangalam stations (F2),hi-en,Latn,CS3,N0,"{""origin"": ""Chennai Central"", ""destination"": ""Thirumangalam"", ""transport_mode"": ""metro""}","{""origin_id"": ""METRO_PURATCHI_THALAIVAR_DR__M_G_RAMACHANDRAN_CENTRAL"", ""destination_id"": ""METRO_THIRUMANGALAM""}",ANSWERABLE_NOW,template_instantiation,TMPL_FARE_CALCULATION_HINGLISH_LATN_1
PILOT_T2_TR_001725,,SFAM_INTERCHANGE_TRANSFER_003,FAM_INTERCHANGE_TRANSFER_003,PARA_INTERCHANGE_TRANSFER_2_4,T2_MEDIUM_V1,interchange_query,GET_INTERCHANGE_DETAILS,Please tell: Guindy interchange par line switch connection point details check F3 #2,hi-en,Deva+Latn,CS4,N0,"{""station"": ""Guindy"", ""facility_type"": ""interchange""}","{""station_id"": ""METRO_GUINDY""}",ANSWERABLE_AFTER_MANUAL_VERIFICATION,template_instantiation,TMPL_INTERCHANGE_TRANSFER_MIXED_SCRIPT_CS_2
PILOT_T2_TR_001726,,SFAM_REALTIME_STATUS_QUERY_001,FAM_REALTIME_STATUS_QUERY_001,PARA_REALTIME_STATUS_QUERY_0_3,T2_MEDIUM_V1,realtime_status_query,REJECT_UNSUPPORTED_REALTIME,"Excuse me, Live crowd density and train arrival countdown at Airport right now (F1) #6",hi-en,Latn,CS3,N0,"{""station"": ""Airport"", ""transport_mode"": ""metro""}","{""station_id"": ""METRO_CHENNAI_INTERNATIONAL_AIRPORT""}",REQUIRES_REALTIME_DATA,template_instantiation,TMPL_REALTIME_STATUS_QUERY_HINGLISH_LATN_0
PILOT_T2_TR_001727,,SFAM_TICKETING_AND_PASSES_019,FAM_TICKETING_AND_PASSES_019,PARA_TICKETING_AND_PASSES_18_3,T2_MEDIUM_V1,ticketing_rules,GET_TICKETING_POLICY,Quick check: How can regular passengers apply for and renew Monthly Season Pass (F19)? #4,hi-en,Latn,CS3,N0,"{""ticket_type"": ""monthly_pass"", ""transport_mode"": ""transit""}",{},ANSWERABLE_NOW,template_instantiation,TMPL_TICKETING_AND_PASSES_HINGLISH_LATN_18
PILOT_T2_TR_001728,,SFAM_POINT_TO_POINT_ROUTE_006,FAM_POINT_TO_POINT_ROUTE_006,PARA_POINT_TO_POINT_ROUTE_5_4,T2_MEDIUM_V1,route_query,PLAN_ROUTE,Koyambedu से Wimco Nagar Depot direct metro connection bataye route plan F6,hi-en,Deva+Latn,CS4,N0,"{""origin"": ""Koyambedu"", ""destination"": ""Wimco Nagar Depot"", ""transport_mode"": ""metro""}","{""origin_id"": ""METRO_KOYAMBEDU"", ""destination_id"": ""METRO_WIMCO_NAGAR""}",ANSWERABLE_WITH_PROVISIONAL_DATA,template_instantiation,TMPL_POINT_TO_POINT_ROUTE_MIXED_SCRIPT_CS_5
PILOT_T2_TR_001729,,SFAM_STATION_FACILITIES_009,FAM_STATION_FACILITIES_009,PARA_STATION_FACILITIES_8_0,T2_MEDIUM_V1,station_facilities,GET_STATION_FACILITY,Please tell: Is car parking facility available at Thirumangalam metro station? [fac F9] #2,en,Latn,CS0,N0,"{""station"": ""Thirumangalam"", ""facility_type"": ""parking"", ""transport_mode"": ""metro""}","{""station_id"": ""METRO_THIRUMANGALAM""}",ANSWERABLE_NOW,template_instantiation,TMPL_STATION_FACILITIES_EN_8
PILOT_T2_TR_001730,,SFAM_NEAREST_TRANSPORT_018,FAM_NEAREST_TRANSPORT_018,PARA_NEAREST_TRANSPORT_17_3,T2_MEDIUM_V1,nearest_transport,FIND_NEAREST_STATION,Could you specify Find closest public transport access point near Madhuranthagam Hospital (F18)? #3,hi-en,Latn,CS3,N0,"{""landmark"": ""Madhuranthagam Hospital"", ""transport_mode"": ""public transport""}","{""place_id"": ""OSM_POI_7257518777""}",ANSWERABLE_NOW,template_instantiation,TMPL_NEAREST_TRANSPORT_HINGLISH_LATN_17
PILOT_T2_TR_001731,,SFAM_SCHEDULED_DEPARTURE_017,FAM_SCHEDULED_DEPARTURE_017,PARA_SCHEDULED_DEPARTURE_16_2,T2_MEDIUM_V1,service_timing,GET_SCHEDULED_DEPARTURES,st thomas mount se sham 7 baje departure timing schedule bataye. [timetable F17],hi,Latn,CS0,N0,"{""origin"": ""st thomas mount"", ""time"": ""sham 7 baje"", ""resolved_time"": ""19:00:00""}","{""origin_id"": ""METRO_ST__THOMAS_MOUNT""}",ANSWERABLE_NOW,template_instantiation,TMPL_SCHEDULED_DEPARTURE_HI_LATN_16
PILOT_T2_TR_001732,,SFAM_STATION_FACILITIES_005,FAM_STATION_FACILITIES_005,PARA_STATION_FACILITIES_4_0,T2_MEDIUM_V1,station_facilities,GET_STATION_FACILITY,Please tell: Is car parking facility available at CMBT metro station? [fac F5] #2,en,Latn,CS0,N0,"{""station"": ""CMBT"", ""facility_type"": ""parking"", ""transport_mode"": ""metro""}","{""station_id"": ""METRO_PURATCHI_THALAIVI_DR_J_JAYALALITHAA_CMBT""}",ANSWERABLE_NOW,template_instantiation,TMPL_STATION_FACILITIES_EN_4
PILOT_T2_TR_001733,,SFAM_ROUTE_STOP_SEQUENCE_004,FAM_ROUTE_STOP_SEQUENCE_004,PARA_ROUTE_STOP_SEQUENCE_3_4,T2_MEDIUM_V1,route_stops,LIST_ROUTE_STOPS,Please tell: Route 570 bus के सभी stops ka sequence display karein data F4 #2,hi-en,Deva+Latn,CS4,N0,"{""route_number"": ""570"", ""transport_mode"": ""bus""}","{""route_id"": ""GTFS_ROUTE_17967""}",ANSWERABLE_WITH_PROVISIONAL_DATA,template_instantiation,TMPL_ROUTE_STOP_SEQUENCE_MIXED_SCRIPT_CS_3
PILOT_T2_TR_001734,,SFAM_INTERCHANGE_TRANSFER_008,FAM_INTERCHANGE_TRANSFER_008,PARA_INTERCHANGE_TRANSFER_7_0,T2_MEDIUM_V1,interchange_query,GET_INTERCHANGE_DETAILS,Transit query: How do I switch lines to connect towards Little Mount at High Court interchange? [xfer F8] #5,en,Latn,CS0,N0,"{""station"": ""High Court"", ""destination"": ""Little Mount"", ""facility_type"": ""interchange""}","{""station_id"": ""METRO_HIGHCOURT"", ""destination_id"": ""METRO_LITTLE_MOUNT""}",ANSWERABLE_AFTER_MANUAL_VERIFICATION,template_instantiation,TMPL_INTERCHANGE_TRANSFER_EN_7
PILOT_T2_TR_001735,,SFAM_FARE_CALCULATION_005,FAM_FARE_CALCULATION_005,PARA_FARE_CALCULATION_4_3,T2_MEDIUM_V1,fare_query,CALCULATE_FARE,Please tell: Calculate fare for travel between CMBT and Thousand Lights stations (F5) #2,hi-en,Latn,CS3,N0,"{""origin"": ""CMBT"", ""destination"": ""Thousand Lights"", ""transport_mode"": ""metro""}","{""origin_id"": ""METRO_PURATCHI_THALAIVI_DR_J_JAYALALITHAA_CMBT"", ""destination_id"": ""METRO_THOUSAND_LIGHTS""}",ANSWERABLE_NOW,template_instantiation,TMPL_FARE_CALCULATION_HINGLISH_LATN_4
PILOT_T2_TR_001736,,SFAM_FIRST_AND_LAST_SERVICE_006,FAM_FIRST_AND_LAST_SERVICE_006,PARA_FIRST_AND_LAST_SERVICE_5_0,T2_MEDIUM_V1,service_timing,GET_FIRST_LAST_SERVICE,What time does the earliest and latest train depart Koyambedu for Wimco Nagar Depot? [hrs F6],en,Latn,CS0,N0,"{""origin"": ""Koyambedu"", ""destination"": ""Wimco Nagar Depot"", ""timing_type"": ""first_last"", ""transport_mode"": ""metro""}","{""origin_id"": ""METRO_KOYAMBEDU"", ""destination_id"": ""METRO_WIMCO_NAGAR""}",ANSWERABLE_NOW,template_instantiation,TMPL_FIRST_AND_LAST_SERVICE_EN_5
PILOT_T2_TR_001737,,SFAM_NEAREST_TRANSPORT_005,FAM_NEAREST_TRANSPORT_005,PARA_NEAREST_TRANSPORT_4_1,T2_MEDIUM_V1,nearest_transport,FIND_NEAREST_STATION,Please tell: मारुति अस्पताल के सबसे निकटतम मेट्रो स्टेशन या बस स्टॉप कौन सा है? (निकट F5) #2,hi,Deva,CS0,N0,"{""landmark"": ""मारुति अस्पताल"", ""transport_mode"": ""मेट्रो या बस""}","{""place_id"": ""OSM_POI_7820652140""}",ANSWERABLE_NOW,template_instantiation,TMPL_NEAREST_TRANSPORT_HI_DEVA_4
PILOT_T2_TR_001738,,SFAM_ROUTE_STOP_MEMBERSHIP_016,FAM_ROUTE_STOP_MEMBERSHIP_016,PARA_ROUTE_STOP_MEMBERSHIP_15_4,T2_MEDIUM_V1,route_stops,CHECK_STOP_ON_ROUTE,क्या route 21G bus Pudupattinam पर rukegi verification F16?,hi-en,Deva+Latn,CS4,N0,"{""route_number"": ""21G"", ""stop"": ""Pudupattinam"", ""transport_mode"": ""bus""}","{""route_id"": ""GTFS_ROUTE_8458"", ""stop_id"": ""BUS_3616510666""}",ANSWERABLE_WITH_PROVISIONAL_DATA,template_instantiation,TMPL_ROUTE_STOP_MEMBERSHIP_MIXED_SCRIPT_CS_15
PILOT_T2_TR_001739,,SFAM_REALTIME_STATUS_QUERY_003,FAM_REALTIME_STATUS_QUERY_003,PARA_REALTIME_STATUS_QUERY_2_4,T2_MEDIUM_V1,realtime_status_query,REJECT_UNSUPPORTED_REALTIME,Guindy se metro live delay status aur real time position tracking F3,hi-en,Deva+Latn,CS4,N0,"{""origin"": ""Guindy"", ""transport_mode"": ""metro""}","{""origin_id"": ""METRO_GUINDY""}",REQUIRES_REALTIME_DATA,template_instantiation,TMPL_REALTIME_STATUS_QUERY_MIXED_SCRIPT_CS_2
PILOT_T2_TR_001740,,SFAM_FIRST_AND_LAST_SERVICE_010,FAM_FIRST_AND_LAST_SERVICE_010,PARA_FIRST_AND_LAST_SERVICE_9_0,T2_MEDIUM_V1,service_timing,GET_FIRST_LAST_SERVICE,What time does the earliest and latest train depart Anna Nagar Tower for St. Thomas Mount? [hrs F10],en,Latn,CS0,N0,"{""origin"": ""Anna Nagar Tower"", ""destination"": ""St. Thomas Mount"", ""timing_type"": ""first_last"", ""transport_mode"": ""metro""}","{""origin_id"": ""METRO_ANNA_NAGAR_TOWER"", ""destination_id"": ""METRO_ST__THOMAS_MOUNT""}",ANSWERABLE_NOW,template_instantiation,TMPL_FIRST_AND_LAST_SERVICE_EN_9
PILOT_T2_TR_001741,,SFAM_FIRST_AND_LAST_SERVICE_017,FAM_FIRST_AND_LAST_SERVICE_017,PARA_FIRST_AND_LAST_SERVICE_16_1,T2_MEDIUM_V1,service_timing,GET_FIRST_LAST_SERVICE,सेंट थॉमस माउंट से आलंदूर के लिए पहली और आखिरी ट्रेन का समय क्या है? (समय F17),hi,Deva,CS0,N0,"{""origin"": ""सेंट थॉमस माउंट"", ""destination"": ""आलंदूर"", ""timing_type"": ""first_last"", ""transport_mode"": ""ट्रेन""}","{""origin_id"": ""METRO_ST__THOMAS_MOUNT"", ""destination_id"": ""METRO_ARIGNAR_ANNA_ALANDUR""}",ANSWERABLE_NOW,template_instantiation,TMPL_FIRST_AND_LAST_SERVICE_HI_DEVA_16
PILOT_T2_TR_001742,,SFAM_TICKETING_AND_PASSES_018,FAM_TICKETING_AND_PASSES_018,PARA_TICKETING_AND_PASSES_17_0,T2_MEDIUM_V1,ticketing_rules,GET_TICKETING_POLICY,Could you specify What are the rules and procedure to purchase a National Common Mobility Card for commuters? [pass F18]? #3,en,Latn,CS0,N0,"{""ticket_type"": ""ncmc_card"", ""transport_mode"": ""transit""}",{},ANSWERABLE_NOW,template_instantiation,TMPL_TICKETING_AND_PASSES_EN_17
PILOT_T2_TR_001743,,SFAM_NEAREST_TRANSPORT_014,FAM_NEAREST_TRANSPORT_014,PARA_NEAREST_TRANSPORT_13_2,T2_MEDIUM_V1,nearest_transport,FIND_NEAREST_STATION,Could you specify maritime institute se closest walking distance metro transit point kaunsa hai? [paas F14]? #3,hi,Latn,CS0,N0,"{""landmark"": ""maritime institute"", ""transport_mode"": ""metro""}","{""place_id"": ""OSM_POI_314081186""}",ANSWERABLE_NOW,template_instantiation,TMPL_NEAREST_TRANSPORT_HI_LATN_13
PILOT_T2_TR_001744,,SFAM_MULTIMODAL_ROUTE_009,FAM_MULTIMODAL_ROUTE_009,PARA_MULTIMODAL_ROUTE_8_4,T2_MEDIUM_V1,route_query,PLAN_MULTIMODAL_ROUTE,Madurantakam से Saidapet multimodal transit connection kaise le plan F9,hi-en,Deva+Latn,CS4,N0,"{""origin"": ""Madurantakam"", ""destination"": ""Saidapet"", ""transport_mode"": ""multimodal""}","{""origin_id"": ""BUS_5306412986"", ""destination_id"": ""METRO_SAIDAPET""}",ANSWERABLE_WITH_PROVISIONAL_DATA,template_instantiation,TMPL_MULTIMODAL_ROUTE_MIXED_SCRIPT_CS_8
PILOT_T2_TR_001745,,SFAM_MODE_AVAILABILITY_009,FAM_MODE_AVAILABILITY_009,PARA_MODE_AVAILABILITY_8_0,T2_MEDIUM_V1,service_availability,CHECK_SERVICE_AVAILABILITY,Could you specify Are there direct public transport options from Thirumangalam to Madurantakam? [avail F9]? #3,en,Latn,CS0,N0,"{""origin"": ""Thirumangalam"", ""destination"": ""Madurantakam"", ""transport_mode"": ""any""}","{""origin_id"": ""METRO_THIRUMANGALAM"", ""destination_id"": ""BUS_5306412986""}",ANSWERABLE_WITH_PROVISIONAL_DATA,template_instantiation,TMPL_MODE_AVAILABILITY_EN_8
PILOT_T2_TR_001746,,SFAM_MODE_AVAILABILITY_019,FAM_MODE_AVAILABILITY_019,PARA_MODE_AVAILABILITY_18_0,T2_MEDIUM_V1,service_availability,CHECK_SERVICE_AVAILABILITY,Please tell: Are there direct public transport options from Kilpauk to Adyar? [avail F19] #2,en,Latn,CS0,N0,"{""origin"": ""Kilpauk"", ""destination"": ""Adyar"", ""transport_mode"": ""any""}","{""origin_id"": ""METRO_KILPAUK"", ""destination_id"": ""BUS_2587520213""}",ANSWERABLE_WITH_PROVISIONAL_DATA,template_instantiation,TMPL_MODE_AVAILABILITY_EN_18
PILOT_T2_TR_001747,,SFAM_STATION_ACCESSIBILITY_002,FAM_STATION_ACCESSIBILITY_002,PARA_STATION_ACCESSIBILITY_1_0,T2_MEDIUM_V1,accessibility,GET_ACCESSIBILITY_INFO,Transit query: Are passenger elevator lift provisions available for differently abled passengers at Chennai Central? [a11y F2] #5,en,Latn,CS0,N0,"{""station"": ""Chennai Central"", ""accessibility_feature"": ""lift"", ""transport_mode"": ""metro""}","{""station_id"": ""METRO_PURATCHI_THALAIVAR_DR__M_G_RAMACHANDRAN_CENTRAL""}",ANSWERABLE_NOW,template_instantiation,TMPL_STATION_ACCESSIBILITY_EN_1
PILOT_T2_TR_001748,,SFAM_STATION_FACILITIES_018,FAM_STATION_FACILITIES_018,PARA_STATION_FACILITIES_17_0,T2_MEDIUM_V1,station_facilities,GET_STATION_FACILITY,Could you specify Is two-wheeler bike parking facility available at Nehru Park metro station? [fac F18]? #3,en,Latn,CS0,N0,"{""station"": ""Nehru Park"", ""facility_type"": ""two_wheeler_parking"", ""transport_mode"": ""metro""}","{""station_id"": ""METRO_NEHRU_PARK""}",ANSWERABLE_NOW,template_instantiation,TMPL_STATION_FACILITIES_EN_17
PILOT_T2_TR_001749,,SFAM_STATION_ACCESSIBILITY_011,FAM_STATION_ACCESSIBILITY_011,PARA_STATION_ACCESSIBILITY_10_1,T2_MEDIUM_V1,accessibility,GET_ACCESSIBILITY_INFO,Please tell: क्या एग्मोर स्टेशन पर दिव्यांग यात्रियों के लिए टैक्टाइल पाथ उपलब्ध है? (सुलभता F11) #2,hi,Deva,CS0,N0,"{""station"": ""एग्मोर"", ""accessibility_feature"": ""tactile_path"", ""transport_mode"": ""मेट्रो""}","{""station_id"": ""METRO_EGMORE""}",ANSWERABLE_NOW,template_instantiation,TMPL_STATION_ACCESSIBILITY_HI_DEVA_10
PILOT_T2_TR_001750,,SFAM_NEAREST_TRANSPORT_004,FAM_NEAREST_TRANSPORT_004,PARA_NEAREST_TRANSPORT_3_0,T2_MEDIUM_V1,nearest_transport,FIND_NEAREST_STATION,"Excuse me, Which is the nearest metro station or transit stop to Maritime Institute? [loc F4] #6",en,Latn,CS0,N0,"{""landmark"": ""Maritime Institute"", ""transport_mode"": ""metro""}","{""place_id"": ""OSM_POI_314081186""}",ANSWERABLE_NOW,template_instantiation,TMPL_NEAREST_TRANSPORT_EN_3
PILOT_T2_TR_001751,,SFAM_FARE_CALCULATION_007,FAM_FARE_CALCULATION_007,PARA_FARE_CALCULATION_6_1,T2_MEDIUM_V1,fare_query,CALCULATE_FARE,Transit query: वडपलनी से वॉशरमैनपेट तक का मेट्रो का टोकन किराया कितना रुपया है? (किराया F7) #5,hi,Deva,CS0,N2,"{""origin"": ""वडपलनी"", ""destination"": ""वॉशरमैनपेट"", ""fare_type"": ""टोकन"", ""transport_mode"": ""मेट्रो""}","{""origin_id"": ""METRO_VADAPALANI"", ""destination_id"": ""METRO_WASHERMENPET""}",ANSWERABLE_NOW,template_instantiation,TMPL_FARE_CALCULATION_HI_DEVA_6
PILOT_T2_TR_001752,,SFAM_SERVICE_FREQUENCY_018,FAM_SERVICE_FREQUENCY_018,PARA_SERVICE_FREQUENCY_17_1,T2_MEDIUM_V1,service_timing,GET_SERVICE_FREQUENCY,Please tell: नेहरू पार्क और सीएमबीटी के बीच मेट्रो हर कितने मिनट के अंतराल पर चलती है? (आवृत्ति F18) #2,hi,Deva,CS0,N0,"{""origin"": ""नेहरू पार्क"", ""destination"": ""सीएमबीटी"", ""timing_type"": ""frequency"", ""transport_mode"": ""मेट्रो""}","{""origin_id"": ""METRO_NEHRU_PARK"", ""destination_id"": ""METRO_PURATCHI_THALAIVI_DR_J_JAYALALITHAA_CMBT""}",ANSWERABLE_NOW,template_instantiation,TMPL_SERVICE_FREQUENCY_HI_DEVA_17
PILOT_T2_TR_001753,,SFAM_STATION_FACILITIES_013,FAM_STATION_FACILITIES_013,PARA_STATION_FACILITIES_12_3,T2_MEDIUM_V1,station_facilities,GET_STATION_FACILITY,Transit query: Does Wimco Nagar Depot station premises include operational car parking (F13)? #5,hi-en,Latn,CS3,N1,"{""station"": ""Wimco Nagar Depot"", ""facility_type"": ""parking"", ""transport_mode"": ""metro""}","{""station_id"": ""METRO_WIMCO_NAGAR""}",ANSWERABLE_NOW,template_instantiation,TMPL_STATION_FACILITIES_HINGLISH_LATN_12
PILOT_T2_TR_001754,,SFAM_REALTIME_STATUS_QUERY_011,FAM_REALTIME_STATUS_QUERY_011,PARA_REALTIME_STATUS_QUERY_10_1,T2_MEDIUM_V1,realtime_status_query,REJECT_UNSUPPORTED_REALTIME,क्या एग्मोर से आने वाली ट्रेन अभी लेट चल रही है लाइव स्थिति बताएं? (ताज़ा F11),hi,Deva,CS0,N1,"{""origin"": ""एग्मोर"", ""transport_mode"": ""ट्रेन""}","{""origin_id"": ""METRO_EGMORE""}",REQUIRES_REALTIME_DATA,template_instantiation,TMPL_REALTIME_STATUS_QUERY_HI_DEVA_10
PILOT_T2_TR_001755,,SFAM_INTERCHANGE_TRANSFER_012,FAM_INTERCHANGE_TRANSFER_012,PARA_INTERCHANGE_TRANSFER_11_2,T2_MEDIUM_V1,interchange_query,GET_INTERCHANGE_DETAILS,Quick check: thousand lights hub par metro line change karke kilpauk kaise jaye? [platform F12] #4,hi,Latn,CS0,N0,"{""station"": ""thousand lights"", ""destination"": ""kilpauk"", ""facility_type"": ""interchange""}","{""station_id"": ""METRO_THOUSAND_LIGHTS"", ""destination_id"": ""METRO_KILPAUK""}",ANSWERABLE_AFTER_MANUAL_VERIFICATION,template_instantiation,TMPL_INTERCHANGE_TRANSFER_HI_LATN_11
PILOT_T2_TR_001756,,SFAM_ROUTE_STOP_MEMBERSHIP_006,FAM_ROUTE_STOP_MEMBERSHIP_006,PARA_ROUTE_STOP_MEMBERSHIP_5_1,T2_MEDIUM_V1,route_stops,CHECK_STOP_ON_ROUTE,Could you specify क्या बस 29C पूनमल्ली स्टॉप पर रुकती है? (जांच F6)? #3,hi,Deva,CS0,N0,"{""route_number"": ""29C"", ""stop"": ""पूनमल्ली"", ""transport_mode"": ""बस""}","{""route_id"": ""GTFS_ROUTE_8631"", ""stop_id"": ""BUS_13972050953""}",ANSWERABLE_WITH_PROVISIONAL_DATA,template_instantiation,TMPL_ROUTE_STOP_MEMBERSHIP_HI_DEVA_5
PILOT_T2_TR_001757,,SFAM_REALTIME_STATUS_QUERY_016,FAM_REALTIME_STATUS_QUERY_016,PARA_REALTIME_STATUS_QUERY_15_1,T2_MEDIUM_V1,realtime_status_query,REJECT_UNSUPPORTED_REALTIME,Please tell: क्या साइदापेट से आने वाली ट्रेन अभी लेट चल रही है लाइव स्थिति बताएं? (ताज़ा F16) #2,hi,Deva,CS0,N0,"{""origin"": ""साइदापेट"", ""transport_mode"": ""ट्रेन""}","{""origin_id"": ""METRO_SAIDAPET""}",REQUIRES_REALTIME_DATA,template_instantiation,TMPL_REALTIME_STATUS_QUERY_HI_DEVA_15
PILOT_T2_TR_001758,,SFAM_FIRST_AND_LAST_SERVICE_005,FAM_FIRST_AND_LAST_SERVICE_005,PARA_FIRST_AND_LAST_SERVICE_4_1,T2_MEDIUM_V1,service_timing,GET_FIRST_LAST_SERVICE,Please tell: सीएमबीटी से थाउजेंड लाइट्स के लिए पहली और आखिरी ट्रेन का समय क्या है? (समय F5) #2,hi,Deva,CS0,N0,"{""origin"": ""सीएमबीटी"", ""destination"": ""थाउजेंड लाइट्स"", ""timing_type"": ""first_last"", ""transport_mode"": ""ट्रेन""}","{""origin_id"": ""METRO_PURATCHI_THALAIVI_DR_J_JAYALALITHAA_CMBT"", ""destination_id"": ""METRO_THOUSAND_LIGHTS""}",ANSWERABLE_NOW,template_instantiation,TMPL_FIRST_AND_LAST_SERVICE_HI_DEVA_4
PILOT_T2_TR_001759,,SFAM_REALTIME_STATUS_QUERY_018,FAM_REALTIME_STATUS_QUERY_018,PARA_REALTIME_STATUS_QUERY_17_0,T2_MEDIUM_V1,realtime_status_query,REJECT_UNSUPPORTED_REALTIME,Please tell: Where is bus 102A right now and what is its live location? [live F18] #2,en,Latn,CS0,N0,"{""route_number"": ""102A"", ""transport_mode"": ""bus""}","{""route_id"": ""GTFS_ROUTE_10248""}",REQUIRES_REALTIME_DATA,template_instantiation,TMPL_REALTIME_STATUS_QUERY_EN_17
PILOT_T2_TR_001760,,SFAM_OUT_OF_SCOPE_020,FAM_OUT_OF_SCOPE_020,PARA_OUT_OF_SCOPE_19_3,T2_MEDIUM_V1,out_of_scope,REJECT_OUT_OF_SCOPE,Quick check: What is the general weather rain forecast in Chennai near Padalam Hospital today (F20)? #4,hi-en,Latn,CS3,N0,"{""landmark"": ""Padalam Hospital""}","{""place_id"": ""OSM_POI_7257518724""}",OUT_OF_SCOPE,template_instantiation,TMPL_OUT_OF_SCOPE_HINGLISH_LATN_19
PILOT_T2_TR_001761,,SFAM_INTERCHANGE_TRANSFER_012,FAM_INTERCHANGE_TRANSFER_012,PARA_INTERCHANGE_TRANSFER_11_0,T2_MEDIUM_V1,interchange_query,GET_INTERCHANGE_DETAILS,Transit query: How do I switch lines to connect towards Kilpauk at Thousand Lights interchange? [xfer F12] #5,en,Latn,CS0,N0,"{""station"": ""Thousand Lights"", ""destination"": ""Kilpauk"", ""facility_type"": ""interchange""}","{""station_id"": ""METRO_THOUSAND_LIGHTS"", ""destination_id"": ""METRO_KILPAUK""}",ANSWERABLE_AFTER_MANUAL_VERIFICATION,template_instantiation,TMPL_INTERCHANGE_TRANSFER_EN_11
PILOT_T2_TR_001762,,SFAM_POINT_TO_POINT_ROUTE_008,FAM_POINT_TO_POINT_ROUTE_008,PARA_POINT_TO_POINT_ROUTE_7_3,T2_MEDIUM_V1,route_query,PLAN_ROUTE,High Court to Little Mount metro ride ka best direct route bataiye (F8),hi-en,Latn,CS3,N0,"{""origin"": ""High Court"", ""destination"": ""Little Mount"", ""transport_mode"": ""metro""}","{""origin_id"": ""METRO_HIGHCOURT"", ""destination_id"": ""METRO_LITTLE_MOUNT""}",ANSWERABLE_WITH_PROVISIONAL_DATA,template_instantiation,TMPL_POINT_TO_POINT_ROUTE_HINGLISH_LATN_7
PILOT_T2_TR_001763,,SFAM_FIRST_AND_LAST_SERVICE_019,FAM_FIRST_AND_LAST_SERVICE_019,PARA_FIRST_AND_LAST_SERVICE_18_1,T2_MEDIUM_V1,service_timing,GET_FIRST_LAST_SERVICE,किल्पौक से कोयम्बेडु के लिए पहली और आखिरी ट्रेन का समय क्या है? (समय F19),hi,Deva,CS0,N0,"{""origin"": ""किल्पौक"", ""destination"": ""कोयम्बेडु"", ""timing_type"": ""first_last"", ""transport_mode"": ""ट्रेन""}","{""origin_id"": ""METRO_KILPAUK"", ""destination_id"": ""METRO_KOYAMBEDU""}",ANSWERABLE_NOW,template_instantiation,TMPL_FIRST_AND_LAST_SERVICE_HI_DEVA_18
PILOT_T2_TR_001764,,SFAM_POINT_TO_POINT_ROUTE_007,FAM_POINT_TO_POINT_ROUTE_007,PARA_POINT_TO_POINT_ROUTE_6_3,T2_MEDIUM_V1,route_query,PLAN_ROUTE,Vadapalani to Washermenpet metro ride ka best direct route bataiye (F7),hi-en,Latn,CS3,N0,"{""origin"": ""Vadapalani"", ""destination"": ""Washermenpet"", ""transport_mode"": ""metro""}","{""origin_id"": ""METRO_VADAPALANI"", ""destination_id"": ""METRO_WASHERMENPET""}",ANSWERABLE_WITH_PROVISIONAL_DATA,template_instantiation,TMPL_POINT_TO_POINT_ROUTE_HINGLISH_LATN_6
PILOT_T2_TR_001765,,SFAM_FARE_CALCULATION_017,FAM_FARE_CALCULATION_017,PARA_FARE_CALCULATION_16_3,T2_MEDIUM_V1,fare_query,CALCULATE_FARE,Could you specify Calculate fare for travel between St. Thomas Mount and Alandur stations (F17)? #3,hi-en,Latn,CS3,N0,"{""origin"": ""St. Thomas Mount"", ""destination"": ""Alandur"", ""transport_mode"": ""metro""}","{""origin_id"": ""METRO_ST__THOMAS_MOUNT"", ""destination_id"": ""METRO_ARIGNAR_ANNA_ALANDUR""}",ANSWERABLE_NOW,template_instantiation,TMPL_FARE_CALCULATION_HINGLISH_LATN_16
PILOT_T2_TR_001766,,SFAM_INTERCHANGE_TRANSFER_011,FAM_INTERCHANGE_TRANSFER_011,PARA_INTERCHANGE_TRANSFER_10_4,T2_MEDIUM_V1,interchange_query,GET_INTERCHANGE_DETAILS,Please tell: Egmore interchange par line switch connection point details check F11 #2,hi-en,Deva+Latn,CS4,N0,"{""station"": ""Egmore"", ""facility_type"": ""interchange""}","{""station_id"": ""METRO_EGMORE""}",ANSWERABLE_AFTER_MANUAL_VERIFICATION,template_instantiation,TMPL_INTERCHANGE_TRANSFER_MIXED_SCRIPT_CS_10
PILOT_T2_TR_001767,,SFAM_NEAREST_TRANSPORT_018,FAM_NEAREST_TRANSPORT_018,PARA_NEAREST_TRANSPORT_17_0,T2_MEDIUM_V1,nearest_transport,FIND_NEAREST_STATION,"Excuse me, Which is the nearest metro station or transit stop to Madhuranthagam Hospital? [loc F18] #6",en,Latn,CS0,N0,"{""landmark"": ""Madhuranthagam Hospital"", ""transport_mode"": ""metro""}","{""place_id"": ""OSM_POI_7257518777""}",ANSWERABLE_NOW,template_instantiation,TMPL_NEAREST_TRANSPORT_EN_17
PILOT_T2_TR_001768,,SFAM_FIRST_AND_LAST_SERVICE_006,FAM_FIRST_AND_LAST_SERVICE_006,PARA_FIRST_AND_LAST_SERVICE_5_0,T2_MEDIUM_V1,service_timing,GET_FIRST_LAST_SERVICE,Please tell: What time does the earliest and latest train depart Koyambedu for Wimco Nagar Depot? [hrs F6] #2,en,Latn,CS0,N0,"{""origin"": ""Koyambedu"", ""destination"": ""Wimco Nagar Depot"", ""timing_type"": ""first_last"", ""transport_mode"": ""metro""}","{""origin_id"": ""METRO_KOYAMBEDU"", ""destination_id"": ""METRO_WIMCO_NAGAR""}",ANSWERABLE_NOW,template_instantiation,TMPL_FIRST_AND_LAST_SERVICE_EN_5
PILOT_T2_TR_001769,,SFAM_FARE_CALCULATION_003,FAM_FARE_CALCULATION_003,PARA_FARE_CALCULATION_2_3,T2_MEDIUM_V1,fare_query,CALCULATE_FARE,Calculate fare for travel between Guindy and Anna Nagar Tower stations (F3),hi-en,Latn,CS3,N0,"{""origin"": ""Guindy"", ""destination"": ""Anna Nagar Tower"", ""transport_mode"": ""metro""}","{""origin_id"": ""METRO_GUINDY"", ""destination_id"": ""METRO_ANNA_NAGAR_TOWER""}",ANSWERABLE_NOW,template_instantiation,TMPL_FARE_CALCULATION_HINGLISH_LATN_2
PILOT_T2_TR_001770,,SFAM_STATION_ACCESSIBILITY_014,FAM_STATION_ACCESSIBILITY_014,PARA_STATION_ACCESSIBILITY_13_1,T2_MEDIUM_V1,accessibility,GET_ACCESSIBILITY_INFO,Could you specify क्या वॉशरमैनपेट स्टेशन पर दिव्यांग यात्रियों के लिए यात्री लिफ्ट उपलब्ध है? (सुलभता F14)? #3,hi,Deva,CS0,N0,"{""station"": ""वॉशरमैनपेट"", ""accessibility_feature"": ""lift"", ""transport_mode"": ""मेट्रो""}","{""station_id"": ""METRO_WASHERMENPET""}",ANSWERABLE_NOW,template_instantiation,TMPL_STATION_ACCESSIBILITY_HI_DEVA_13
PILOT_T2_TR_001771,,SFAM_REALTIME_STATUS_QUERY_001,FAM_REALTIME_STATUS_QUERY_001,PARA_REALTIME_STATUS_QUERY_0_4,T2_MEDIUM_V1,realtime_status_query,REJECT_UNSUPPORTED_REALTIME,Please tell: Airport se metro live delay status aur real time position tracking F1 #2,hi-en,Deva+Latn,CS4,N0,"{""origin"": ""Airport"", ""transport_mode"": ""metro""}","{""origin_id"": ""METRO_CHENNAI_INTERNATIONAL_AIRPORT""}",REQUIRES_REALTIME_DATA,template_instantiation,TMPL_REALTIME_STATUS_QUERY_MIXED_SCRIPT_CS_0
PILOT_T2_TR_001772,,SFAM_STATION_FACILITIES_020,FAM_STATION_FACILITIES_020,PARA_STATION_FACILITIES_19_1,T2_MEDIUM_V1,station_facilities,GET_STATION_FACILITY,Transit query: क्या पचैयप्पा कॉलेज मेट्रो स्टेशन पर साइकिल स्टैंड की व्यवस्था उपलब्ध है? (सुविधा F20) #5,hi,Deva,CS0,N2,"{""station"": ""पचैयप्पा कॉलेज"", ""facility_type"": ""bicycle_stand"", ""transport_mode"": ""मेट्रो""}","{""station_id"": ""METRO_PACHAIYAPPA_S_COLLEGE""}",ANSWERABLE_NOW,template_instantiation,TMPL_STATION_FACILITIES_HI_DEVA_19
PILOT_T2_TR_001773,,SFAM_MULTIMODAL_ROUTE_008,FAM_MULTIMODAL_ROUTE_008,PARA_MULTIMODAL_ROUTE_7_0,T2_MEDIUM_V1,route_query,PLAN_MULTIMODAL_ROUTE,What is the combined bus and metro route from Mylapore to Little Mount? [plan F8],en,Latn,CS0,N0,"{""origin"": ""Mylapore"", ""destination"": ""Little Mount"", ""transport_mode"": ""multimodal""}","{""origin_id"": ""BUS_410614381"", ""destination_id"": ""METRO_LITTLE_MOUNT""}",ANSWERABLE_WITH_PROVISIONAL_DATA,template_instantiation,TMPL_MULTIMODAL_ROUTE_EN_7
PILOT_T2_TR_001774,,SFAM_FARE_CALCULATION_015,FAM_FARE_CALCULATION_015,PARA_FARE_CALCULATION_14_1,T2_MEDIUM_V1,fare_query,CALCULATE_FARE,Quick check: लिटिल माउंट से चेन्नई सेंट्रल तक का मेट्रो का टोकन किराया कितना रुपया है? (किराया F15) #4,hi,Deva,CS0,N0,"{""origin"": ""लिटिल माउंट"", ""destination"": ""चेन्नई सेंट्रल"", ""fare_type"": ""टोकन"", ""transport_mode"": ""मेट्रो""}","{""origin_id"": ""METRO_LITTLE_MOUNT"", ""destination_id"": ""METRO_PURATCHI_THALAIVAR_DR__M_G_RAMACHANDRAN_CENTRAL""}",ANSWERABLE_NOW,template_instantiation,TMPL_FARE_CALCULATION_HI_DEVA_14
PILOT_T2_TR_001775,,SFAM_POINT_TO_POINT_ROUTE_002,FAM_POINT_TO_POINT_ROUTE_002,PARA_POINT_TO_POINT_ROUTE_1_0,T2_MEDIUM_V1,route_query,PLAN_ROUTE,How do I commute from Chennai Central to Thirumangalam by metro? [pattern F2],en,Latn,CS0,N0,"{""origin"": ""Chennai Central"", ""destination"": ""Thirumangalam"", ""transport_mode"": ""metro""}","{""origin_id"": ""METRO_PURATCHI_THALAIVAR_DR__M_G_RAMACHANDRAN_CENTRAL"", ""destination_id"": ""METRO_THIRUMANGALAM""}",ANSWERABLE_WITH_PROVISIONAL_DATA,template_instantiation,TMPL_POINT_TO_POINT_ROUTE_EN_1
PILOT_T2_TR_001776,,SFAM_NEAREST_TRANSPORT_005,FAM_NEAREST_TRANSPORT_005,PARA_NEAREST_TRANSPORT_4_1,T2_MEDIUM_V1,nearest_transport,FIND_NEAREST_STATION,"Excuse me, मारुति अस्पताल के सबसे निकटतम मेट्रो स्टेशन या बस स्टॉप कौन सा है? (निकट F5) #6",hi,Deva,CS0,N0,"{""landmark"": ""मारुति अस्पताल"", ""transport_mode"": ""मेट्रो या बस""}","{""place_id"": ""OSM_POI_7820652140""}",ANSWERABLE_NOW,template_instantiation,TMPL_NEAREST_TRANSPORT_HI_DEVA_4
PILOT_T2_TR_001777,,SFAM_ROUTE_STOP_MEMBERSHIP_005,FAM_ROUTE_STOP_MEMBERSHIP_005,PARA_ROUTE_STOP_MEMBERSHIP_4_4,T2_MEDIUM_V1,route_stops,CHECK_STOP_ON_ROUTE,Please tell: क्या route 23C bus Besant Nagar पर rukegi verification F5? #2,hi-en,Deva+Latn,CS4,N0,"{""route_number"": ""23C"", ""stop"": ""Besant Nagar"", ""transport_mode"": ""bus""}","{""route_id"": ""GTFS_ROUTE_10214"", ""stop_id"": ""BUS_417750654""}",ANSWERABLE_WITH_PROVISIONAL_DATA,template_instantiation,TMPL_ROUTE_STOP_MEMBERSHIP_MIXED_SCRIPT_CS_4
PILOT_T2_TR_001778,,SFAM_REALTIME_STATUS_QUERY_020,FAM_REALTIME_STATUS_QUERY_020,PARA_REALTIME_STATUS_QUERY_19_3,T2_MEDIUM_V1,realtime_status_query,REJECT_UNSUPPORTED_REALTIME,Please tell: Live crowd density and train arrival countdown at Pachaiyappa College right now (F20) #2,hi-en,Latn,CS3,N0,"{""station"": ""Pachaiyappa College"", ""transport_mode"": ""metro""}","{""station_id"": ""METRO_PACHAIYAPPA_S_COLLEGE""}",REQUIRES_REALTIME_DATA,template_instantiation,TMPL_REALTIME_STATUS_QUERY_HINGLISH_LATN_19
PILOT_T2_TR_001779,,SFAM_OUT_OF_SCOPE_015,FAM_OUT_OF_SCOPE_015,PARA_OUT_OF_SCOPE_14_2,T2_MEDIUM_V1,out_of_scope,REJECT_OUT_OF_SCOPE,little mount airport terminal ke flight delay timings check kijiye. [bahar F15],hi,Latn,CS0,N0,"{""station"": ""little mount""}","{""station_id"": ""METRO_LITTLE_MOUNT""}",OUT_OF_SCOPE,template_instantiation,TMPL_OUT_OF_SCOPE_HI_LATN_14
PILOT_T2_TR_001780,,SFAM_MODE_AVAILABILITY_013,FAM_MODE_AVAILABILITY_013,PARA_MODE_AVAILABILITY_12_3,T2_MEDIUM_V1,service_availability,CHECK_SERVICE_AVAILABILITY,Please tell: Is public transit operational connecting Wimco Nagar Depot and Nelvoy (F13)? #2,hi-en,Latn,CS3,N0,"{""origin"": ""Wimco Nagar Depot"", ""destination"": ""Nelvoy"", ""transport_mode"": ""public transit""}","{""origin_id"": ""METRO_WIMCO_NAGAR"", ""destination_id"": ""BUS_469106564""}",ANSWERABLE_WITH_PROVISIONAL_DATA,template_instantiation,TMPL_MODE_AVAILABILITY_HINGLISH_LATN_12
PILOT_T2_TR_001781,,SFAM_NEAREST_TRANSPORT_011,FAM_NEAREST_TRANSPORT_011,PARA_NEAREST_TRANSPORT_10_1,T2_MEDIUM_V1,nearest_transport,FIND_NEAREST_STATION,"Excuse me, मरीना बीच के सबसे निकटतम मेट्रो स्टेशन या बस स्टॉप कौन सा है? (निकट F11) #6",hi,Deva,CS0,N0,"{""landmark"": ""मरीना बीच"", ""transport_mode"": ""मेट्रो या बस""}","{""place_id"": ""OSM_POI_12137617372""}",ANSWERABLE_NOW,template_instantiation,TMPL_NEAREST_TRANSPORT_HI_DEVA_10
PILOT_T2_TR_001782,,SFAM_NEAREST_TRANSPORT_013,FAM_NEAREST_TRANSPORT_013,PARA_NEAREST_TRANSPORT_12_3,T2_MEDIUM_V1,nearest_transport,FIND_NEAREST_STATION,Find closest public transport access point near Great Lakes Institute (F13),hi-en,Latn,CS3,N0,"{""landmark"": ""Great Lakes Institute"", ""transport_mode"": ""public transport""}","{""place_id"": ""OSM_POI_577328882""}",ANSWERABLE_NOW,template_instantiation,TMPL_NEAREST_TRANSPORT_HINGLISH_LATN_12
PILOT_T2_TR_001783,,SFAM_SCHEDULED_DEPARTURE_011,FAM_SCHEDULED_DEPARTURE_011,PARA_SCHEDULED_DEPARTURE_10_3,T2_MEDIUM_V1,service_timing,GET_SCHEDULED_DEPARTURES,Please tell: Egmore station se kal 8 baje train schedule kya hoga (F11) #2,hi-en,Latn,CS3,N1,"{""origin"": ""Egmore"", ""temporal_relative"": ""kal"", ""resolved_temporal_offset"": ""UNRESOLVED_TEMPORAL_AMBIGUITY"", ""time"": ""8 baje"", ""temporal_ambiguity"": true, ""dual_candidates"": [""08:00:00"", ""20:00:00""]}","{""origin_id"": ""METRO_EGMORE""}",ANSWERABLE_NOW,template_instantiation,TMPL_SCHEDULED_DEPARTURE_HINGLISH_LATN_10
PILOT_T2_TR_001784,,SFAM_NEAREST_TRANSPORT_003,FAM_NEAREST_TRANSPORT_003,PARA_NEAREST_TRANSPORT_2_2,T2_MEDIUM_V1,nearest_transport,FIND_NEAREST_STATION,Please tell: great lakes institute se closest walking distance metro transit point kaunsa hai? [paas F3] #2,hi,Latn,CS0,N0,"{""landmark"": ""great lakes institute"", ""transport_mode"": ""metro""}","{""place_id"": ""OSM_POI_577328882""}",ANSWERABLE_NOW,template_instantiation,TMPL_NEAREST_TRANSPORT_HI_LATN_2
PILOT_T2_TR_001785,,SFAM_REALTIME_STATUS_QUERY_013,FAM_REALTIME_STATUS_QUERY_013,PARA_REALTIME_STATUS_QUERY_12_3,T2_MEDIUM_V1,realtime_status_query,REJECT_UNSUPPORTED_REALTIME,Please tell: Live crowd density and train arrival countdown at Wimco Nagar Depot right now (F13) #2,hi-en,Latn,CS3,N0,"{""station"": ""Wimco Nagar Depot"", ""transport_mode"": ""metro""}","{""station_id"": ""METRO_WIMCO_NAGAR""}",REQUIRES_REALTIME_DATA,template_instantiation,TMPL_REALTIME_STATUS_QUERY_HINGLISH_LATN_12
PILOT_T2_TR_001786,,SFAM_POINT_TO_POINT_ROUTE_008,FAM_POINT_TO_POINT_ROUTE_008,PARA_POINT_TO_POINT_ROUTE_7_1,T2_MEDIUM_V1,route_query,PLAN_ROUTE,हाई कोर्ट से लिटिल माउंट मेट्रो से जाने का रास्ता क्या है? (प्रारूप F8),hi,Deva,CS0,N0,"{""origin"": ""हाई कोर्ट"", ""destination"": ""लिटिल माउंट"", ""transport_mode"": ""मेट्रो""}","{""origin_id"": ""METRO_HIGHCOURT"", ""destination_id"": ""METRO_LITTLE_MOUNT""}",ANSWERABLE_WITH_PROVISIONAL_DATA,template_instantiation,TMPL_POINT_TO_POINT_ROUTE_HI_DEVA_7
PILOT_T2_TR_001787,,SFAM_FIRST_AND_LAST_SERVICE_002,FAM_FIRST_AND_LAST_SERVICE_002,PARA_FIRST_AND_LAST_SERVICE_1_1,T2_MEDIUM_V1,service_timing,GET_FIRST_LAST_SERVICE,Please tell: चेन्नई सेंट्रल से तिरुमंगलम के लिए पहली और आखिरी ट्रेन का समय क्या है? (समय F2) #2,hi,Deva,CS0,N0,"{""origin"": ""चेन्नई सेंट्रल"", ""destination"": ""तिरुमंगलम"", ""timing_type"": ""first_last"", ""transport_mode"": ""ट्रेन""}","{""origin_id"": ""METRO_PURATCHI_THALAIVAR_DR__M_G_RAMACHANDRAN_CENTRAL"", ""destination_id"": ""METRO_THIRUMANGALAM""}",ANSWERABLE_NOW,template_instantiation,TMPL_FIRST_AND_LAST_SERVICE_HI_DEVA_1
PILOT_T2_TR_001788,,SFAM_MODE_AVAILABILITY_005,FAM_MODE_AVAILABILITY_005,PARA_MODE_AVAILABILITY_4_3,T2_MEDIUM_V1,service_availability,CHECK_SERVICE_AVAILABILITY,"Excuse me, Is public transit operational connecting CMBT and Besant Nagar (F5)? #6",hi-en,Latn,CS3,N0,"{""origin"": ""CMBT"", ""destination"": ""Besant Nagar"", ""transport_mode"": ""public transit""}","{""origin_id"": ""METRO_PURATCHI_THALAIVI_DR_J_JAYALALITHAA_CMBT"", ""destination_id"": ""BUS_417750654""}",ANSWERABLE_WITH_PROVISIONAL_DATA,template_instantiation,TMPL_MODE_AVAILABILITY_HINGLISH_LATN_4
PILOT_T2_TR_001789,,SFAM_ROUTE_STOP_SEQUENCE_010,FAM_ROUTE_STOP_SEQUENCE_010,PARA_ROUTE_STOP_SEQUENCE_9_2,T2_MEDIUM_V1,route_stops,LIST_ROUTE_STOPS,Please tell: Route 12G bus ke sare consecutive stops ki list check kare. [line F10] #2,hi,Latn,CS0,N0,"{""route_number"": ""12G"", ""transport_mode"": ""bus""}","{""route_id"": ""GTFS_ROUTE_18750""}",ANSWERABLE_WITH_PROVISIONAL_DATA,template_instantiation,TMPL_ROUTE_STOP_SEQUENCE_HI_LATN_9
PILOT_T2_TR_001790,,SFAM_ROUTE_STOP_SEQUENCE_017,FAM_ROUTE_STOP_SEQUENCE_017,PARA_ROUTE_STOP_SEQUENCE_16_0,T2_MEDIUM_V1,route_stops,LIST_ROUTE_STOPS,List every intermediate stop along route 102 in order. [seq F17],en,Latn,CS0,N0,"{""route_number"": ""102"", ""transport_mode"": ""bus""}","{""route_id"": ""GTFS_ROUTE_16861""}",ANSWERABLE_WITH_PROVISIONAL_DATA,template_instantiation,TMPL_ROUTE_STOP_SEQUENCE_EN_16
PILOT_T2_TR_001791,,SFAM_SERVICE_FREQUENCY_020,FAM_SERVICE_FREQUENCY_020,PARA_SERVICE_FREQUENCY_19_1,T2_MEDIUM_V1,service_timing,GET_SERVICE_FREQUENCY,Please tell: पचैयप्पा कॉलेज और वडपलनी के बीच मेट्रो हर कितने मिनट के अंतराल पर चलती है? (आवृत्ति F20) #2,hi,Deva,CS0,N0,"{""origin"": ""पचैयप्पा कॉलेज"", ""destination"": ""वडपलनी"", ""timing_type"": ""frequency"", ""transport_mode"": ""मेट्रो""}","{""origin_id"": ""METRO_PACHAIYAPPA_S_COLLEGE"", ""destination_id"": ""METRO_VADAPALANI""}",ANSWERABLE_NOW,template_instantiation,TMPL_SERVICE_FREQUENCY_HI_DEVA_19
PILOT_T2_TR_001792,,SFAM_SCHEDULED_DEPARTURE_016,FAM_SCHEDULED_DEPARTURE_016,PARA_SCHEDULED_DEPARTURE_15_2,T2_MEDIUM_V1,service_timing,GET_SCHEDULED_DEPARTURES,saidapet se sham 7 baje departure timing schedule bataye. [timetable F16],hi,Latn,CS0,N0,"{""origin"": ""saidapet"", ""time"": ""sham 7 baje"", ""resolved_time"": ""19:00:00""}","{""origin_id"": ""METRO_SAIDAPET""}",ANSWERABLE_NOW,template_instantiation,TMPL_SCHEDULED_DEPARTURE_HI_LATN_15
PILOT_T2_TR_001793,,SFAM_FIRST_AND_LAST_SERVICE_017,FAM_FIRST_AND_LAST_SERVICE_017,PARA_FIRST_AND_LAST_SERVICE_16_0,T2_MEDIUM_V1,service_timing,GET_FIRST_LAST_SERVICE,Please tell: What time does the earliest and latest train depart St. Thomas Mount for Alandur? [hrs F17] #2,en,Latn,CS0,N0,"{""origin"": ""St. Thomas Mount"", ""destination"": ""Alandur"", ""timing_type"": ""first_last"", ""transport_mode"": ""metro""}","{""origin_id"": ""METRO_ST__THOMAS_MOUNT"", ""destination_id"": ""METRO_ARIGNAR_ANNA_ALANDUR""}",ANSWERABLE_NOW,template_instantiation,TMPL_FIRST_AND_LAST_SERVICE_EN_16
PILOT_T2_TR_001794,,SFAM_MULTIMODAL_ROUTE_001,FAM_MULTIMODAL_ROUTE_001,PARA_MULTIMODAL_ROUTE_0_1,T2_MEDIUM_V1,route_query,PLAN_MULTIMODAL_ROUTE,Please tell: तांबरम से हाई कोर्ट बस और मेट्रो मिलाकर सबसे तेज़ मार्ग कौन सा है? (योजना F1) #2,hi,Deva,CS0,N0,"{""origin"": ""तांबरम"", ""destination"": ""हाई कोर्ट"", ""transport_mode"": ""बस और मेट्रो""}","{""origin_id"": ""BUS_5304399879"", ""destination_id"": ""METRO_HIGHCOURT""}",ANSWERABLE_WITH_PROVISIONAL_DATA,template_instantiation,TMPL_MULTIMODAL_ROUTE_HI_DEVA_0
PILOT_T2_TR_001795,,SFAM_POINT_TO_POINT_ROUTE_004,FAM_POINT_TO_POINT_ROUTE_004,PARA_POINT_TO_POINT_ROUTE_3_0,T2_MEDIUM_V1,route_query,PLAN_ROUTE,Could you specify How do I commute from Alandur to Egmore by metro? [pattern F4]? #3,en,Latn,CS0,N0,"{""origin"": ""Alandur"", ""destination"": ""Egmore"", ""transport_mode"": ""metro""}","{""origin_id"": ""METRO_ARIGNAR_ANNA_ALANDUR"", ""destination_id"": ""METRO_EGMORE""}",ANSWERABLE_WITH_PROVISIONAL_DATA,template_instantiation,TMPL_POINT_TO_POINT_ROUTE_EN_3
PILOT_T2_TR_001796,,SFAM_OUT_OF_SCOPE_005,FAM_OUT_OF_SCOPE_005,PARA_OUT_OF_SCOPE_4_3,T2_MEDIUM_V1,out_of_scope,REJECT_OUT_OF_SCOPE,"Hello assistant, What is the general weather rain forecast in Chennai near Maruthi Hospital today (F5)? #7",hi-en,Latn,CS3,N0,"{""landmark"": ""Maruthi Hospital""}","{""place_id"": ""OSM_POI_7820652140""}",OUT_OF_SCOPE,template_instantiation,TMPL_OUT_OF_SCOPE_HINGLISH_LATN_4
PILOT_T2_TR_001797,,SFAM_STATION_ACCESSIBILITY_005,FAM_STATION_ACCESSIBILITY_005,PARA_STATION_ACCESSIBILITY_4_0,T2_MEDIUM_V1,accessibility,GET_ACCESSIBILITY_INFO,"Excuse me, Are wheelchair ramp provisions available for differently abled passengers at CMBT? [a11y F5] #6",en,Latn,CS0,N0,"{""station"": ""CMBT"", ""accessibility_feature"": ""wheelchair"", ""transport_mode"": ""metro""}","{""station_id"": ""METRO_PURATCHI_THALAIVI_DR_J_JAYALALITHAA_CMBT""}",ANSWERABLE_NOW,template_instantiation,TMPL_STATION_ACCESSIBILITY_EN_4
PILOT_T2_TR_001798,,SFAM_SCHEDULED_DEPARTURE_013,FAM_SCHEDULED_DEPARTURE_013,PARA_SCHEDULED_DEPARTURE_12_3,T2_MEDIUM_V1,service_timing,GET_SCHEDULED_DEPARTURES,Please tell: Wimco Nagar Depot station se kal 8 baje train schedule kya hoga (F13) #2,hi-en,Latn,CS3,N1,"{""origin"": ""Wimco Nagar Depot"", ""temporal_relative"": ""kal"", ""resolved_temporal_offset"": ""UNRESOLVED_TEMPORAL_AMBIGUITY"", ""time"": ""8 baje"", ""temporal_ambiguity"": true, ""dual_candidates"": [""08:00:00"", ""20:00:00""]}","{""origin_id"": ""METRO_WIMCO_NAGAR""}",ANSWERABLE_NOW,template_instantiation,TMPL_SCHEDULED_DEPARTURE_HINGLISH_LATN_12
PILOT_T2_TR_001799,,SFAM_INTERCHANGE_TRANSFER_010,FAM_INTERCHANGE_TRANSFER_010,PARA_INTERCHANGE_TRANSFER_9_1,T2_MEDIUM_V1,interchange_query,GET_INTERCHANGE_DETAILS,"Excuse me, अन्ना नगर टावर इंटरचेंज पर दूसरी लाइन में ट्रांसफर करने का मार्ग क्या है? (बदलाव F10) #6",hi,Deva,CS0,N0,"{""station"": ""अन्ना नगर टावर"", ""facility_type"": ""इंटरचेंज""}","{""station_id"": ""METRO_ANNA_NAGAR_TOWER""}",ANSWERABLE_AFTER_MANUAL_VERIFICATION,template_instantiation,TMPL_INTERCHANGE_TRANSFER_HI_DEVA_9
PILOT_T2_TR_001800,,SFAM_INTERCHANGE_TRANSFER_009,FAM_INTERCHANGE_TRANSFER_009,PARA_INTERCHANGE_TRANSFER_8_1,T2_MEDIUM_V1,interchange_query,GET_INTERCHANGE_DETAILS,Could you specify तिरुमंगलम इंटरचेंज पर दूसरी लाइन में ट्रांसफर करने का मार्ग क्या है? (बदलाव F9)? #3,hi,Deva,CS0,N0,"{""station"": ""तिरुमंगलम"", ""facility_type"": ""इंटरचेंज""}","{""station_id"": ""METRO_THIRUMANGALAM""}",ANSWERABLE_AFTER_MANUAL_VERIFICATION,template_instantiation,TMPL_INTERCHANGE_TRANSFER_HI_DEVA_8
PILOT_T2_TR_001801,,SFAM_NEAREST_TRANSPORT_020,FAM_NEAREST_TRANSPORT_020,PARA_NEAREST_TRANSPORT_19_0,T2_MEDIUM_V1,nearest_transport,FIND_NEAREST_STATION,Please tell: Which is the nearest metro station or transit stop to Padalam Hospital? [loc F20] #2,en,Latn,CS0,N0,"{""landmark"": ""Padalam Hospital"", ""transport_mode"": ""metro""}","{""place_id"": ""OSM_POI_7257518724""}",ANSWERABLE_NOW,template_instantiation,TMPL_NEAREST_TRANSPORT_EN_19
PILOT_T2_TR_001802,,SFAM_MULTIMODAL_ROUTE_017,FAM_MULTIMODAL_ROUTE_017,PARA_MULTIMODAL_ROUTE_16_3,T2_MEDIUM_V1,route_query,PLAN_MULTIMODAL_ROUTE,Could you specify Can you give combined bus and train route from Tambaram to Alandur (F17)?? #3,hi-en,Latn,CS3,N2,"{""origin"": ""Tambaram"", ""destination"": ""Alandur"", ""transport_mode"": ""bus and train""}","{""origin_id"": ""BUS_5304399879"", ""destination_id"": ""METRO_ARIGNAR_ANNA_ALANDUR""}",ANSWERABLE_WITH_PROVISIONAL_DATA,template_instantiation,TMPL_MULTIMODAL_ROUTE_HINGLISH_LATN_16
PILOT_T2_TR_001803,,SFAM_STATION_ACCESSIBILITY_017,FAM_STATION_ACCESSIBILITY_017,PARA_STATION_ACCESSIBILITY_16_0,T2_MEDIUM_V1,accessibility,GET_ACCESSIBILITY_INFO,Transit query: Are wheelchair ramp provisions available for differently abled passengers at St. Thomas Mount? [a11y F17] #5,en,Latn,CS0,N0,"{""station"": ""St. Thomas Mount"", ""accessibility_feature"": ""wheelchair"", ""transport_mode"": ""metro""}","{""station_id"": ""METRO_ST__THOMAS_MOUNT""}",ANSWERABLE_NOW,template_instantiation,TMPL_STATION_ACCESSIBILITY_EN_16
PILOT_T2_TR_001804,,SFAM_ROUTE_STOP_SEQUENCE_003,FAM_ROUTE_STOP_SEQUENCE_003,PARA_ROUTE_STOP_SEQUENCE_2_2,T2_MEDIUM_V1,route_stops,LIST_ROUTE_STOPS,Route 102A bus ke sare consecutive stops ki list check kare. [line F3],hi,Latn,CS0,N1,"{""route_number"": ""102A"", ""transport_mode"": ""bus""}","{""route_id"": ""GTFS_ROUTE_10248""}",ANSWERABLE_WITH_PROVISIONAL_DATA,template_instantiation,TMPL_ROUTE_STOP_SEQUENCE_HI_LATN_2
PILOT_T2_TR_001805,,SFAM_INTERCHANGE_TRANSFER_013,FAM_INTERCHANGE_TRANSFER_013,PARA_INTERCHANGE_TRANSFER_12_1,T2_MEDIUM_V1,interchange_query,GET_INTERCHANGE_DETAILS,Quick check: विमको नगर इंटरचेंज पर दूसरी लाइन में ट्रांसफर करने का मार्ग क्या है? (बदलाव F13) #4,hi,Deva,CS0,N0,"{""station"": ""विमको नगर"", ""facility_type"": ""इंटरचेंज""}","{""station_id"": ""METRO_WIMCO_NAGAR""}",ANSWERABLE_AFTER_MANUAL_VERIFICATION,template_instantiation,TMPL_INTERCHANGE_TRANSFER_HI_DEVA_12
PILOT_T2_TR_001806,,SFAM_FARE_CALCULATION_003,FAM_FARE_CALCULATION_003,PARA_FARE_CALCULATION_2_0,T2_MEDIUM_V1,fare_query,CALCULATE_FARE,"Excuse me, What is the single-journey ticket fare from Guindy to Anna Nagar Tower on metro? [fare F3] #6",en,Latn,CS0,N0,"{""origin"": ""Guindy"", ""destination"": ""Anna Nagar Tower"", ""fare_type"": ""token"", ""transport_mode"": ""metro""}","{""origin_id"": ""METRO_GUINDY"", ""destination_id"": ""METRO_ANNA_NAGAR_TOWER""}",ANSWERABLE_NOW,template_instantiation,TMPL_FARE_CALCULATION_EN_2
PILOT_T2_TR_001807,,SFAM_MODE_AVAILABILITY_005,FAM_MODE_AVAILABILITY_005,PARA_MODE_AVAILABILITY_4_1,T2_MEDIUM_V1,service_availability,CHECK_SERVICE_AVAILABILITY,"Excuse me, क्या सीएमबीटी से बेसेंट नगर के लिए कोई सार्वजनिक बस या ट्रेन उपलब्ध है? (उपलब्धता F5) #6",hi,Deva,CS0,N0,"{""origin"": ""सीएमबीटी"", ""destination"": ""बेसेंट नगर"", ""transport_mode"": ""सार्वजनिक बस या ट्रेन""}","{""origin_id"": ""METRO_PURATCHI_THALAIVI_DR_J_JAYALALITHAA_CMBT"", ""destination_id"": ""BUS_417750654""}",ANSWERABLE_WITH_PROVISIONAL_DATA,template_instantiation,TMPL_MODE_AVAILABILITY_HI_DEVA_4
PILOT_T2_TR_001808,,SFAM_NEAREST_TRANSPORT_009,FAM_NEAREST_TRANSPORT_009,PARA_NEAREST_TRANSPORT_8_3,T2_MEDIUM_V1,nearest_transport,FIND_NEAREST_STATION,Transit query: Find closest public transport access point near Karpaga Institute (F9) #5,hi-en,Latn,CS3,N1,"{""landmark"": ""Karpaga Institute"", ""transport_mode"": ""public transport""}","{""place_id"": ""OSM_POI_3082849503""}",ANSWERABLE_NOW,template_instantiation,TMPL_NEAREST_TRANSPORT_HINGLISH_LATN_8
PILOT_T2_TR_001809,,SFAM_FARE_CALCULATION_012,FAM_FARE_CALCULATION_012,PARA_FARE_CALCULATION_11_2,T2_MEDIUM_V1,fare_query,CALCULATE_FARE,thousand lights se kilpauk metro ride ka standard ticket cost kitna hoga? [kiraya F12],hi,Latn,CS0,N0,"{""origin"": ""thousand lights"", ""destination"": ""kilpauk"", ""transport_mode"": ""metro""}","{""origin_id"": ""METRO_THOUSAND_LIGHTS"", ""destination_id"": ""METRO_KILPAUK""}",ANSWERABLE_NOW,template_instantiation,TMPL_FARE_CALCULATION_HI_LATN_11
PILOT_T2_TR_001810,,SFAM_REALTIME_STATUS_QUERY_009,FAM_REALTIME_STATUS_QUERY_009,PARA_REALTIME_STATUS_QUERY_8_3,T2_MEDIUM_V1,realtime_status_query,REJECT_UNSUPPORTED_REALTIME,"Excuse me, Live crowd density and train arrival countdown at Thirumangalam right now (F9) #6",hi-en,Latn,CS3,N2,"{""station"": ""Thirumangalam"", ""transport_mode"": ""metro""}","{""station_id"": ""METRO_THIRUMANGALAM""}",REQUIRES_REALTIME_DATA,template_instantiation,TMPL_REALTIME_STATUS_QUERY_HINGLISH_LATN_8
PILOT_T2_TR_001811,,SFAM_FARE_CALCULATION_017,FAM_FARE_CALCULATION_017,PARA_FARE_CALCULATION_16_4,T2_MEDIUM_V1,fare_query,CALCULATE_FARE,Please tell: St. Thomas Mount से Alandur metro travel ka discounted smart card fare kya hai F17 #2,hi-en,Deva+Latn,CS4,N0,"{""origin"": ""St. Thomas Mount"", ""destination"": ""Alandur"", ""ticket_type"": ""smart_card"", ""transport_mode"": ""metro""}","{""origin_id"": ""METRO_ST__THOMAS_MOUNT"", ""destination_id"": ""METRO_ARIGNAR_ANNA_ALANDUR""}",ANSWERABLE_NOW,template_instantiation,TMPL_FARE_CALCULATION_MIXED_SCRIPT_CS_16
PILOT_T2_TR_001812,,SFAM_ROUTE_STOP_SEQUENCE_018,FAM_ROUTE_STOP_SEQUENCE_018,PARA_ROUTE_STOP_SEQUENCE_17_1,T2_MEDIUM_V1,route_stops,LIST_ROUTE_STOPS,बस रूट 102A के सभी ठहरावों की क्रमबद्ध सूची दिखाएं। (क्रम F18),hi,Deva,CS0,N0,"{""route_number"": ""102A"", ""transport_mode"": ""बस""}","{""route_id"": ""GTFS_ROUTE_10248""}",ANSWERABLE_WITH_PROVISIONAL_DATA,template_instantiation,TMPL_ROUTE_STOP_SEQUENCE_HI_DEVA_17
PILOT_T2_TR_001813,,SFAM_SERVICE_FREQUENCY_005,FAM_SERVICE_FREQUENCY_005,PARA_SERVICE_FREQUENCY_4_0,T2_MEDIUM_V1,service_timing,GET_SERVICE_FREQUENCY,Please tell: How many minutes between trains on the line connecting CMBT and Thousand Lights? [freq F5] #2,en,Latn,CS0,N0,"{""origin"": ""CMBT"", ""destination"": ""Thousand Lights"", ""timing_type"": ""frequency"", ""transport_mode"": ""metro""}","{""origin_id"": ""METRO_PURATCHI_THALAIVI_DR_J_JAYALALITHAA_CMBT"", ""destination_id"": ""METRO_THOUSAND_LIGHTS""}",ANSWERABLE_NOW,template_instantiation,TMPL_SERVICE_FREQUENCY_EN_4
PILOT_T2_TR_001814,,SFAM_MODE_AVAILABILITY_009,FAM_MODE_AVAILABILITY_009,PARA_MODE_AVAILABILITY_8_1,T2_MEDIUM_V1,service_availability,CHECK_SERVICE_AVAILABILITY,"Excuse me, क्या तिरुमंगलम से मदुरंतकम के लिए कोई सार्वजनिक बस या ट्रेन उपलब्ध है? (उपलब्धता F9) #6",hi,Deva,CS0,N0,"{""origin"": ""तिरुमंगलम"", ""destination"": ""मदुरंतकम"", ""transport_mode"": ""सार्वजनिक बस या ट्रेन""}","{""origin_id"": ""METRO_THIRUMANGALAM"", ""destination_id"": ""BUS_5306412986""}",ANSWERABLE_WITH_PROVISIONAL_DATA,template_instantiation,TMPL_MODE_AVAILABILITY_HI_DEVA_8
PILOT_T2_TR_001815,,SFAM_STATION_FACILITIES_018,FAM_STATION_FACILITIES_018,PARA_STATION_FACILITIES_17_3,T2_MEDIUM_V1,station_facilities,GET_STATION_FACILITY,Please tell: Does Nehru Park station premises include operational two-wheeler bike parking (F18)? #2,hi-en,Latn,CS3,N0,"{""station"": ""Nehru Park"", ""facility_type"": ""two_wheeler_parking"", ""transport_mode"": ""metro""}","{""station_id"": ""METRO_NEHRU_PARK""}",ANSWERABLE_NOW,template_instantiation,TMPL_STATION_FACILITIES_HINGLISH_LATN_17
PILOT_T2_TR_001816,,SFAM_STATION_FACILITIES_010,FAM_STATION_FACILITIES_010,PARA_STATION_FACILITIES_9_3,T2_MEDIUM_V1,station_facilities,GET_STATION_FACILITY,Quick check: Does Anna Nagar Tower station premises include operational two-wheeler bike parking (F10)? #4,hi-en,Latn,CS3,N0,"{""station"": ""Anna Nagar Tower"", ""facility_type"": ""two_wheeler_parking"", ""transport_mode"": ""metro""}","{""station_id"": ""METRO_ANNA_NAGAR_TOWER""}",ANSWERABLE_NOW,template_instantiation,TMPL_STATION_FACILITIES_HINGLISH_LATN_9
PILOT_T2_TR_001817,,SFAM_NEAREST_TRANSPORT_013,FAM_NEAREST_TRANSPORT_013,PARA_NEAREST_TRANSPORT_12_0,T2_MEDIUM_V1,nearest_transport,FIND_NEAREST_STATION,"Excuse me, Which is the nearest metro station or transit stop to Great Lakes Institute? [loc F13] #6",en,Latn,CS0,N0,"{""landmark"": ""Great Lakes Institute"", ""transport_mode"": ""metro""}","{""place_id"": ""OSM_POI_577328882""}",ANSWERABLE_NOW,template_instantiation,TMPL_NEAREST_TRANSPORT_EN_12
PILOT_T2_TR_001818,,SFAM_POINT_TO_POINT_ROUTE_008,FAM_POINT_TO_POINT_ROUTE_008,PARA_POINT_TO_POINT_ROUTE_7_2,T2_MEDIUM_V1,route_query,PLAN_ROUTE,Please tell: high court se little mount metro se travel kaise kare? [tarika F8] #2,hi,Latn,CS0,N0,"{""origin"": ""high court"", ""destination"": ""little mount"", ""transport_mode"": ""metro""}","{""origin_id"": ""METRO_HIGHCOURT"", ""destination_id"": ""METRO_LITTLE_MOUNT""}",ANSWERABLE_WITH_PROVISIONAL_DATA,template_instantiation,TMPL_POINT_TO_POINT_ROUTE_HI_LATN_7
PILOT_T2_TR_001819,,SFAM_MULTIMODAL_ROUTE_005,FAM_MULTIMODAL_ROUTE_005,PARA_MULTIMODAL_ROUTE_4_1,T2_MEDIUM_V1,route_query,PLAN_MULTIMODAL_ROUTE,बेसेंट नगर से थाउजेंड लाइट्स बस और मेट्रो मिलाकर सबसे तेज़ मार्ग कौन सा है? (योजना F5),hi,Deva,CS0,N0,"{""origin"": ""बेसेंट नगर"", ""destination"": ""थाउजेंड लाइट्स"", ""transport_mode"": ""बस और मेट्रो""}","{""origin_id"": ""BUS_417750654"", ""destination_id"": ""METRO_THOUSAND_LIGHTS""}",ANSWERABLE_WITH_PROVISIONAL_DATA,template_instantiation,TMPL_MULTIMODAL_ROUTE_HI_DEVA_4
PILOT_T2_TR_001820,,SFAM_MULTIMODAL_ROUTE_014,FAM_MULTIMODAL_ROUTE_014,PARA_MULTIMODAL_ROUTE_13_3,T2_MEDIUM_V1,route_query,PLAN_MULTIMODAL_ROUTE,Can you give combined bus and train route from Uttiramerur to Airport (F14)?,hi-en,Latn,CS3,N0,"{""origin"": ""Uttiramerur"", ""destination"": ""Airport"", ""transport_mode"": ""bus and train""}","{""origin_id"": ""BUS_4987577873"", ""destination_id"": ""METRO_CHENNAI_INTERNATIONAL_AIRPORT""}",ANSWERABLE_WITH_PROVISIONAL_DATA,template_instantiation,TMPL_MULTIMODAL_ROUTE_HINGLISH_LATN_13
PILOT_T2_TR_001821,,SFAM_ROUTE_STOP_SEQUENCE_018,FAM_ROUTE_STOP_SEQUENCE_018,PARA_ROUTE_STOP_SEQUENCE_17_0,T2_MEDIUM_V1,route_stops,LIST_ROUTE_STOPS,Could you specify List every intermediate stop along route 102A in order. [seq F18]? #3,en,Latn,CS0,N0,"{""route_number"": ""102A"", ""transport_mode"": ""bus""}","{""route_id"": ""GTFS_ROUTE_10248""}",ANSWERABLE_WITH_PROVISIONAL_DATA,template_instantiation,TMPL_ROUTE_STOP_SEQUENCE_EN_17
PILOT_T2_TR_001822,,SFAM_INTERCHANGE_TRANSFER_010,FAM_INTERCHANGE_TRANSFER_010,PARA_INTERCHANGE_TRANSFER_9_3,T2_MEDIUM_V1,interchange_query,GET_INTERCHANGE_DETAILS,Transit query: Transfer walking time and directions at Anna Nagar Tower multimodal terminal (F10) #5,hi-en,Latn,CS3,N1,"{""station"": ""Anna Nagar Tower"", ""facility_type"": ""interchange""}","{""station_id"": ""METRO_ANNA_NAGAR_TOWER""}",ANSWERABLE_AFTER_MANUAL_VERIFICATION,template_instantiation,TMPL_INTERCHANGE_TRANSFER_HINGLISH_LATN_9
PILOT_T2_TR_001823,,SFAM_ROUTE_STOP_MEMBERSHIP_002,FAM_ROUTE_STOP_MEMBERSHIP_002,PARA_ROUTE_STOP_MEMBERSHIP_1_0,T2_MEDIUM_V1,route_stops,CHECK_STOP_ON_ROUTE,Quick check: Does bus route 102 make a scheduled halt at Broadway? [chk F2] #4,en,Latn,CS0,N0,"{""route_number"": ""102"", ""stop"": ""Broadway"", ""transport_mode"": ""bus""}","{""route_id"": ""GTFS_ROUTE_16861"", ""stop_id"": ""BUS_27618346""}",ANSWERABLE_WITH_PROVISIONAL_DATA,template_instantiation,TMPL_ROUTE_STOP_MEMBERSHIP_EN_1
PILOT_T2_TR_001824,,SFAM_MULTIMODAL_ROUTE_010,FAM_MULTIMODAL_ROUTE_010,PARA_MULTIMODAL_ROUTE_9_2,T2_MEDIUM_V1,route_query,PLAN_MULTIMODAL_ROUTE,karunguzhi se st thomas mount bus aur metro switch karke shortest transit kya hai? [opt F10],hi,Latn,CS0,N1,"{""origin"": ""karunguzhi"", ""destination"": ""st thomas mount"", ""transport_mode"": ""bus aur metro""}","{""origin_id"": ""BUS_5274698920"", ""destination_id"": ""METRO_ST__THOMAS_MOUNT""}",ANSWERABLE_WITH_PROVISIONAL_DATA,template_instantiation,TMPL_MULTIMODAL_ROUTE_HI_LATN_9
PILOT_T2_TR_001825,,SFAM_SCHEDULED_DEPARTURE_002,FAM_SCHEDULED_DEPARTURE_002,PARA_SCHEDULED_DEPARTURE_1_1,T2_MEDIUM_V1,service_timing,GET_SCHEDULED_DEPARTURES,चेन्नई सेंट्रल से सुबह 8 बजे छूटने वाली गाड़ियों की समय सारणी दिखाएं। (समय F2),hi,Deva,CS0,N0,"{""origin"": ""चेन्नई सेंट्रल"", ""time"": ""सुबह 8 बजे"", ""resolved_time"": ""08:00:00""}","{""origin_id"": ""METRO_PURATCHI_THALAIVAR_DR__M_G_RAMACHANDRAN_CENTRAL""}",ANSWERABLE_NOW,template_instantiation,TMPL_SCHEDULED_DEPARTURE_HI_DEVA_1
PILOT_T2_TR_001826,,SFAM_NEAREST_TRANSPORT_007,FAM_NEAREST_TRANSPORT_007,PARA_NEAREST_TRANSPORT_6_4,T2_MEDIUM_V1,nearest_transport,FIND_NEAREST_STATION,Mother Child Hospital ke pass nearest metro stop connection distance bataye F7,hi-en,Deva+Latn,CS4,N0,"{""landmark"": ""Mother Child Hospital"", ""transport_mode"": ""metro""}","{""place_id"": ""OSM_POI_7257518731""}",ANSWERABLE_NOW,template_instantiation,TMPL_NEAREST_TRANSPORT_MIXED_SCRIPT_CS_6
PILOT_T2_TR_001827,,SFAM_STATION_FACILITIES_005,FAM_STATION_FACILITIES_005,PARA_STATION_FACILITIES_4_1,T2_MEDIUM_V1,station_facilities,GET_STATION_FACILITY,"Hello assistant, क्या सीएमबीटी मेट्रो स्टेशन पर कार पार्किंग की व्यवस्था उपलब्ध है? (सुविधा F5) #7",hi,Deva,CS0,N1,"{""station"": ""सीएमबीटी"", ""facility_type"": ""parking"", ""transport_mode"": ""मेट्रो""}","{""station_id"": ""METRO_PURATCHI_THALAIVI_DR_J_JAYALALITHAA_CMBT""}",ANSWERABLE_NOW,template_instantiation,TMPL_STATION_FACILITIES_HI_DEVA_4
PILOT_T2_TR_001828,,SFAM_OUT_OF_SCOPE_020,FAM_OUT_OF_SCOPE_020,PARA_OUT_OF_SCOPE_19_1,T2_MEDIUM_V1,out_of_scope,REJECT_OUT_OF_SCOPE,Please tell: पचैयप्पा कॉलेज के निकटतम सबसे अच्छे रेस्टोरेंट और भोजनालय की सूची दें। (बाहर F20) #2,hi,Deva,CS0,N0,"{""station"": ""पचैयप्पा कॉलेज""}","{""station_id"": ""METRO_PACHAIYAPPA_S_COLLEGE""}",OUT_OF_SCOPE,template_instantiation,TMPL_OUT_OF_SCOPE_HI_DEVA_19
PILOT_T2_TR_001829,,SFAM_OUT_OF_SCOPE_003,FAM_OUT_OF_SCOPE_003,PARA_OUT_OF_SCOPE_2_0,T2_MEDIUM_V1,out_of_scope,REJECT_OUT_OF_SCOPE,Could you specify Book a private cab taxi ride from Guindy to Anna Nagar Tower. [cab F3]? #3,en,Latn,CS0,N0,"{""origin"": ""Guindy"", ""destination"": ""Anna Nagar Tower""}","{""origin_id"": ""METRO_GUINDY"", ""destination_id"": ""METRO_ANNA_NAGAR_TOWER""}",OUT_OF_SCOPE,template_instantiation,TMPL_OUT_OF_SCOPE_EN_2
PILOT_T2_TR_001830,,SFAM_SCHEDULED_DEPARTURE_020,FAM_SCHEDULED_DEPARTURE_020,PARA_SCHEDULED_DEPARTURE_19_1,T2_MEDIUM_V1,service_timing,GET_SCHEDULED_DEPARTURES,पचैयप्पा कॉलेज से सुबह 8 बजे छूटने वाली गाड़ियों की समय सारणी दिखाएं। (समय F20),hi,Deva,CS0,N0,"{""origin"": ""पचैयप्पा कॉलेज"", ""time"": ""सुबह 8 बजे"", ""resolved_time"": ""08:00:00""}","{""origin_id"": ""METRO_PACHAIYAPPA_S_COLLEGE""}",ANSWERABLE_NOW,template_instantiation,TMPL_SCHEDULED_DEPARTURE_HI_DEVA_19
PILOT_T2_TR_001831,,SFAM_NEAREST_TRANSPORT_001,FAM_NEAREST_TRANSPORT_001,PARA_NEAREST_TRANSPORT_0_2,T2_MEDIUM_V1,nearest_transport,FIND_NEAREST_STATION,Could you specify marina beach se closest walking distance metro transit point kaunsa hai? [paas F1]? #3,hi,Latn,CS0,N0,"{""landmark"": ""marina beach"", ""transport_mode"": ""metro""}","{""place_id"": ""OSM_POI_12137617372""}",ANSWERABLE_NOW,template_instantiation,TMPL_NEAREST_TRANSPORT_HI_LATN_0
PILOT_T2_TR_001832,,SFAM_STATION_FACILITIES_019,FAM_STATION_FACILITIES_019,PARA_STATION_FACILITIES_18_0,T2_MEDIUM_V1,station_facilities,GET_STATION_FACILITY,Transit query: Is EV vehicle charging facility available at Kilpauk metro station? [fac F19] #5,en,Latn,CS0,N0,"{""station"": ""Kilpauk"", ""facility_type"": ""ev_charging"", ""transport_mode"": ""metro""}","{""station_id"": ""METRO_KILPAUK""}",ANSWERABLE_NOW,template_instantiation,TMPL_STATION_FACILITIES_EN_18
PILOT_T2_TR_001833,,SFAM_INTERCHANGE_TRANSFER_019,FAM_INTERCHANGE_TRANSFER_019,PARA_INTERCHANGE_TRANSFER_18_3,T2_MEDIUM_V1,interchange_query,GET_INTERCHANGE_DETAILS,Please tell: Transfer walking time and directions at Kilpauk multimodal terminal (F19) #2,hi-en,Latn,CS3,N0,"{""station"": ""Kilpauk"", ""facility_type"": ""interchange""}","{""station_id"": ""METRO_KILPAUK""}",ANSWERABLE_AFTER_MANUAL_VERIFICATION,template_instantiation,TMPL_INTERCHANGE_TRANSFER_HINGLISH_LATN_18
PILOT_T2_TR_001834,,SFAM_REALTIME_STATUS_QUERY_003,FAM_REALTIME_STATUS_QUERY_003,PARA_REALTIME_STATUS_QUERY_2_3,T2_MEDIUM_V1,realtime_status_query,REJECT_UNSUPPORTED_REALTIME,"Hello assistant, Live crowd density and train arrival countdown at Guindy right now (F3) #7",hi-en,Latn,CS3,N0,"{""station"": ""Guindy"", ""transport_mode"": ""metro""}","{""station_id"": ""METRO_GUINDY""}",REQUIRES_REALTIME_DATA,template_instantiation,TMPL_REALTIME_STATUS_QUERY_HINGLISH_LATN_2
PILOT_T2_TR_001835,,SFAM_FIRST_AND_LAST_SERVICE_001,FAM_FIRST_AND_LAST_SERVICE_001,PARA_FIRST_AND_LAST_SERVICE_0_0,T2_MEDIUM_V1,service_timing,GET_FIRST_LAST_SERVICE,Please tell: What time does the earliest and latest train depart Airport for High Court? [hrs F1] #2,en,Latn,CS0,N0,"{""origin"": ""Airport"", ""destination"": ""High Court"", ""timing_type"": ""first_last"", ""transport_mode"": ""metro""}","{""origin_id"": ""METRO_CHENNAI_INTERNATIONAL_AIRPORT"", ""destination_id"": ""METRO_HIGHCOURT""}",ANSWERABLE_NOW,template_instantiation,TMPL_FIRST_AND_LAST_SERVICE_EN_0
PILOT_T2_TR_001836,,SFAM_STATION_ACCESSIBILITY_005,FAM_STATION_ACCESSIBILITY_005,PARA_STATION_ACCESSIBILITY_4_3,T2_MEDIUM_V1,accessibility,GET_ACCESSIBILITY_INFO,Please tell: Verification of accessible wheelchair ramp support at CMBT metro (F5) #2,hi-en,Latn,CS3,N0,"{""station"": ""CMBT"", ""accessibility_feature"": ""wheelchair"", ""transport_mode"": ""metro""}","{""station_id"": ""METRO_PURATCHI_THALAIVI_DR_J_JAYALALITHAA_CMBT""}",ANSWERABLE_NOW,template_instantiation,TMPL_STATION_ACCESSIBILITY_HINGLISH_LATN_4
PILOT_T2_TR_001837,,SFAM_STATION_FACILITIES_019,FAM_STATION_FACILITIES_019,PARA_STATION_FACILITIES_18_0,T2_MEDIUM_V1,station_facilities,GET_STATION_FACILITY,Please tell: Is EV vehicle charging facility available at Kilpauk metro station? [fac F19] #2,en,Latn,CS0,N0,"{""station"": ""Kilpauk"", ""facility_type"": ""ev_charging"", ""transport_mode"": ""metro""}","{""station_id"": ""METRO_KILPAUK""}",ANSWERABLE_NOW,template_instantiation,TMPL_STATION_FACILITIES_EN_18
PILOT_T2_TR_001838,,SFAM_OUT_OF_SCOPE_017,FAM_OUT_OF_SCOPE_017,PARA_OUT_OF_SCOPE_16_3,T2_MEDIUM_V1,out_of_scope,REJECT_OUT_OF_SCOPE,"Excuse me, What is the general weather rain forecast in Chennai near Mother Child Hospital today (F17)? #6",hi-en,Latn,CS3,N1,"{""landmark"": ""Mother Child Hospital""}","{""place_id"": ""OSM_POI_7257518731""}",OUT_OF_SCOPE,template_instantiation,TMPL_OUT_OF_SCOPE_HINGLISH_LATN_16
PILOT_T2_TR_001839,,SFAM_FARE_CALCULATION_003,FAM_FARE_CALCULATION_003,PARA_FARE_CALCULATION_2_0,T2_MEDIUM_V1,fare_query,CALCULATE_FARE,What is the single-journey ticket fare from Guindy to Anna Nagar Tower on metro? [fare F3],en,Latn,CS0,N0,"{""origin"": ""Guindy"", ""destination"": ""Anna Nagar Tower"", ""fare_type"": ""token"", ""transport_mode"": ""metro""}","{""origin_id"": ""METRO_GUINDY"", ""destination_id"": ""METRO_ANNA_NAGAR_TOWER""}",ANSWERABLE_NOW,template_instantiation,TMPL_FARE_CALCULATION_EN_2
PILOT_T2_TR_001840,,SFAM_INTERCHANGE_TRANSFER_016,FAM_INTERCHANGE_TRANSFER_016,PARA_INTERCHANGE_TRANSFER_15_2,T2_MEDIUM_V1,interchange_query,GET_INTERCHANGE_DETAILS,saidapet hub par metro line change karke guindy kaise jaye? [platform F16],hi,Latn,CS0,N0,"{""station"": ""saidapet"", ""destination"": ""guindy"", ""facility_type"": ""interchange""}","{""station_id"": ""METRO_SAIDAPET"", ""destination_id"": ""METRO_GUINDY""}",ANSWERABLE_AFTER_MANUAL_VERIFICATION,template_instantiation,TMPL_INTERCHANGE_TRANSFER_HI_LATN_15
PILOT_T2_TR_001841,,SFAM_ROUTE_STOP_MEMBERSHIP_011,FAM_ROUTE_STOP_MEMBERSHIP_011,PARA_ROUTE_STOP_MEMBERSHIP_10_1,T2_MEDIUM_V1,route_stops,CHECK_STOP_ON_ROUTE,Could you specify क्या बस 11 R कलपक्कम स्टॉप पर रुकती है? (जांच F11)? #3,hi,Deva,CS0,N0,"{""route_number"": ""11 R"", ""stop"": ""कलपक्कम"", ""transport_mode"": ""बस""}","{""route_id"": ""GTFS_ROUTE_23728"", ""stop_id"": ""BUS_30143150""}",ANSWERABLE_WITH_PROVISIONAL_DATA,template_instantiation,TMPL_ROUTE_STOP_MEMBERSHIP_HI_DEVA_10
PILOT_T2_TR_001842,,SFAM_MULTIMODAL_ROUTE_015,FAM_MULTIMODAL_ROUTE_015,PARA_MULTIMODAL_ROUTE_14_0,T2_MEDIUM_V1,route_query,PLAN_MULTIMODAL_ROUTE,Could you specify What is the combined bus and metro route from Bus stand to Chennai Central? [plan F15]? #3,en,Latn,CS0,N0,"{""origin"": ""Bus stand"", ""destination"": ""Chennai Central"", ""transport_mode"": ""multimodal""}","{""origin_id"": ""BUS_5300484122"", ""destination_id"": ""METRO_PURATCHI_THALAIVAR_DR__M_G_RAMACHANDRAN_CENTRAL""}",ANSWERABLE_WITH_PROVISIONAL_DATA,template_instantiation,TMPL_MULTIMODAL_ROUTE_EN_14
PILOT_T2_TR_001843,,SFAM_MODE_AVAILABILITY_008,FAM_MODE_AVAILABILITY_008,PARA_MODE_AVAILABILITY_7_3,T2_MEDIUM_V1,service_availability,CHECK_SERVICE_AVAILABILITY,Could you specify Is public transit operational connecting High Court and Mylapore (F8)?? #3,hi-en,Latn,CS3,N0,"{""origin"": ""High Court"", ""destination"": ""Mylapore"", ""transport_mode"": ""public transit""}","{""origin_id"": ""METRO_HIGHCOURT"", ""destination_id"": ""BUS_410614381""}",ANSWERABLE_WITH_PROVISIONAL_DATA,template_instantiation,TMPL_MODE_AVAILABILITY_HINGLISH_LATN_7
PILOT_T2_TR_001844,,SFAM_INTERCHANGE_TRANSFER_016,FAM_INTERCHANGE_TRANSFER_016,PARA_INTERCHANGE_TRANSFER_15_0,T2_MEDIUM_V1,interchange_query,GET_INTERCHANGE_DETAILS,How do I switch lines to connect towards Guindy at Saidapet interchange? [xfer F16],en,Latn,CS0,N0,"{""station"": ""Saidapet"", ""destination"": ""Guindy"", ""facility_type"": ""interchange""}","{""station_id"": ""METRO_SAIDAPET"", ""destination_id"": ""METRO_GUINDY""}",ANSWERABLE_AFTER_MANUAL_VERIFICATION,template_instantiation,TMPL_INTERCHANGE_TRANSFER_EN_15
PILOT_T2_TR_001845,,SFAM_NEAREST_TRANSPORT_009,FAM_NEAREST_TRANSPORT_009,PARA_NEAREST_TRANSPORT_8_0,T2_MEDIUM_V1,nearest_transport,FIND_NEAREST_STATION,Quick check: Which is the nearest metro station or transit stop to Karpaga Institute? [loc F9] #4,en,Latn,CS0,N0,"{""landmark"": ""Karpaga Institute"", ""transport_mode"": ""metro""}","{""place_id"": ""OSM_POI_3082849503""}",ANSWERABLE_NOW,template_instantiation,TMPL_NEAREST_TRANSPORT_EN_8
PILOT_T2_TR_001846,,SFAM_STATION_ACCESSIBILITY_020,FAM_STATION_ACCESSIBILITY_020,PARA_STATION_ACCESSIBILITY_19_1,T2_MEDIUM_V1,accessibility,GET_ACCESSIBILITY_INFO,Quick check: क्या पचैयप्पा कॉलेज स्टेशन पर दिव्यांग यात्रियों के लिए एस्केलेटर उपलब्ध है? (सुलभता F20) #4,hi,Deva,CS0,N0,"{""station"": ""पचैयप्पा कॉलेज"", ""accessibility_feature"": ""escalator"", ""transport_mode"": ""मेट्रो""}","{""station_id"": ""METRO_PACHAIYAPPA_S_COLLEGE""}",ANSWERABLE_NOW,template_instantiation,TMPL_STATION_ACCESSIBILITY_HI_DEVA_19
PILOT_T2_TR_001847,,SFAM_SCHEDULED_DEPARTURE_008,FAM_SCHEDULED_DEPARTURE_008,PARA_SCHEDULED_DEPARTURE_7_0,T2_MEDIUM_V1,service_timing,GET_SCHEDULED_DEPARTURES,Show metro departure timetable at bare 8 o'clock from High Court [sched F8],en,Latn,CS0,N0,"{""origin"": ""High Court"", ""time"": ""8 o'clock"", ""temporal_ambiguity"": true, ""dual_candidates"": [""08:00:00"", ""20:00:00""]}","{""origin_id"": ""METRO_HIGHCOURT""}",ANSWERABLE_NOW,template_instantiation,TMPL_SCHEDULED_DEPARTURE_EN_7
PILOT_T2_TR_001848,,SFAM_OUT_OF_SCOPE_003,FAM_OUT_OF_SCOPE_003,PARA_OUT_OF_SCOPE_2_3,T2_MEDIUM_V1,out_of_scope,REJECT_OUT_OF_SCOPE,"Hello assistant, What is the general weather rain forecast in Chennai near Great Lakes Institute today (F3)? #7",hi-en,Latn,CS3,N0,"{""landmark"": ""Great Lakes Institute""}","{""place_id"": ""OSM_POI_577328882""}",OUT_OF_SCOPE,template_instantiation,TMPL_OUT_OF_SCOPE_HINGLISH_LATN_2
PILOT_T2_TR_001849,,SFAM_SERVICE_FREQUENCY_015,FAM_SERVICE_FREQUENCY_015,PARA_SERVICE_FREQUENCY_14_2,T2_MEDIUM_V1,service_timing,GET_SERVICE_FREQUENCY,little mount to chennai central metro service ka regular interval headway kya hai? [interval F15],hi,Latn,CS0,N0,"{""origin"": ""little mount"", ""destination"": ""chennai central"", ""timing_type"": ""frequency"", ""transport_mode"": ""metro""}","{""origin_id"": ""METRO_LITTLE_MOUNT"", ""destination_id"": ""METRO_PURATCHI_THALAIVAR_DR__M_G_RAMACHANDRAN_CENTRAL""}",ANSWERABLE_NOW,template_instantiation,TMPL_SERVICE_FREQUENCY_HI_LATN_14
PILOT_T2_TR_001850,,SFAM_TICKETING_AND_PASSES_019,FAM_TICKETING_AND_PASSES_019,PARA_TICKETING_AND_PASSES_18_3,T2_MEDIUM_V1,ticketing_rules,GET_TICKETING_POLICY,Transit query: How can regular passengers apply for and renew Monthly Season Pass (F19)? #5,hi-en,Latn,CS3,N0,"{""ticket_type"": ""monthly_pass"", ""transport_mode"": ""transit""}",{},ANSWERABLE_NOW,template_instantiation,TMPL_TICKETING_AND_PASSES_HINGLISH_LATN_18
PILOT_T2_TR_001851,,SFAM_POINT_TO_POINT_ROUTE_014,FAM_POINT_TO_POINT_ROUTE_014,PARA_POINT_TO_POINT_ROUTE_13_0,T2_MEDIUM_V1,route_query,PLAN_ROUTE,Could you specify How do I commute from Washermenpet to Airport by metro? [pattern F14]? #3,en,Latn,CS0,N0,"{""origin"": ""Washermenpet"", ""destination"": ""Airport"", ""transport_mode"": ""metro""}","{""origin_id"": ""METRO_WASHERMENPET"", ""destination_id"": ""METRO_CHENNAI_INTERNATIONAL_AIRPORT""}",ANSWERABLE_WITH_PROVISIONAL_DATA,template_instantiation,TMPL_POINT_TO_POINT_ROUTE_EN_13
PILOT_T2_TR_001852,,SFAM_MODE_AVAILABILITY_019,FAM_MODE_AVAILABILITY_019,PARA_MODE_AVAILABILITY_18_3,T2_MEDIUM_V1,service_availability,CHECK_SERVICE_AVAILABILITY,Quick check: Is public transit operational connecting Kilpauk and Adyar (F19)? #4,hi-en,Latn,CS3,N0,"{""origin"": ""Kilpauk"", ""destination"": ""Adyar"", ""transport_mode"": ""public transit""}","{""origin_id"": ""METRO_KILPAUK"", ""destination_id"": ""BUS_2587520213""}",ANSWERABLE_WITH_PROVISIONAL_DATA,template_instantiation,TMPL_MODE_AVAILABILITY_HINGLISH_LATN_18
PILOT_T2_TR_001853,,SFAM_STATION_FACILITIES_007,FAM_STATION_FACILITIES_007,PARA_STATION_FACILITIES_6_3,T2_MEDIUM_V1,station_facilities,GET_STATION_FACILITY,"Excuse me, Does Vadapalani station premises include operational EV vehicle charging (F7)? #6",hi-en,Latn,CS3,N2,"{""station"": ""Vadapalani"", ""facility_type"": ""ev_charging"", ""transport_mode"": ""metro""}","{""station_id"": ""METRO_VADAPALANI""}",ANSWERABLE_NOW,template_instantiation,TMPL_STATION_FACILITIES_HINGLISH_LATN_6
PILOT_T2_TR_001854,,SFAM_SERVICE_FREQUENCY_019,FAM_SERVICE_FREQUENCY_019,PARA_SERVICE_FREQUENCY_18_1,T2_MEDIUM_V1,service_timing,GET_SERVICE_FREQUENCY,किल्पौक और कोयम्बेडु के बीच मेट्रो हर कितने मिनट के अंतराल पर चलती है? (आवृत्ति F19),hi,Deva,CS0,N0,"{""origin"": ""किल्पौक"", ""destination"": ""कोयम्बेडु"", ""timing_type"": ""frequency"", ""transport_mode"": ""मेट्रो""}","{""origin_id"": ""METRO_KILPAUK"", ""destination_id"": ""METRO_KOYAMBEDU""}",ANSWERABLE_NOW,template_instantiation,TMPL_SERVICE_FREQUENCY_HI_DEVA_18
PILOT_T2_TR_001855,,SFAM_ROUTE_STOP_MEMBERSHIP_007,FAM_ROUTE_STOP_MEMBERSHIP_007,PARA_ROUTE_STOP_MEMBERSHIP_6_3,T2_MEDIUM_V1,route_stops,CHECK_STOP_ON_ROUTE,Could you specify Verify if Thiruvanmiyur bus stop is covered by route 19B (F7)? #3,hi-en,Latn,CS3,N2,"{""route_number"": ""19B"", ""stop"": ""Thiruvanmiyur"", ""transport_mode"": ""bus""}","{""route_id"": ""GTFS_ROUTE_10696"", ""stop_id"": ""BUS_3247310920""}",ANSWERABLE_WITH_PROVISIONAL_DATA,template_instantiation,TMPL_ROUTE_STOP_MEMBERSHIP_HINGLISH_LATN_6
PILOT_T2_TR_001856,,SFAM_SERVICE_FREQUENCY_002,FAM_SERVICE_FREQUENCY_002,PARA_SERVICE_FREQUENCY_1_2,T2_MEDIUM_V1,service_timing,GET_SERVICE_FREQUENCY,chennai central to thirumangalam metro service ka regular interval headway kya hai? [interval F2],hi,Latn,CS0,N1,"{""origin"": ""chennai central"", ""destination"": ""thirumangalam"", ""timing_type"": ""frequency"", ""transport_mode"": ""metro""}","{""origin_id"": ""METRO_PURATCHI_THALAIVAR_DR__M_G_RAMACHANDRAN_CENTRAL"", ""destination_id"": ""METRO_THIRUMANGALAM""}",ANSWERABLE_NOW,template_instantiation,TMPL_SERVICE_FREQUENCY_HI_LATN_1
PILOT_T2_TR_001857,,SFAM_MODE_AVAILABILITY_019,FAM_MODE_AVAILABILITY_019,PARA_MODE_AVAILABILITY_18_1,T2_MEDIUM_V1,service_availability,CHECK_SERVICE_AVAILABILITY,Transit query: क्या किल्पौक से अडयार के लिए कोई सार्वजनिक बस या ट्रेन उपलब्ध है? (उपलब्धता F19) #5,hi,Deva,CS0,N2,"{""origin"": ""किल्पौक"", ""destination"": ""अडयार"", ""transport_mode"": ""सार्वजनिक बस या ट्रेन""}","{""origin_id"": ""METRO_KILPAUK"", ""destination_id"": ""BUS_2587520213""}",ANSWERABLE_WITH_PROVISIONAL_DATA,template_instantiation,TMPL_MODE_AVAILABILITY_HI_DEVA_18
PILOT_T2_TR_001858,,SFAM_REALTIME_STATUS_QUERY_020,FAM_REALTIME_STATUS_QUERY_020,PARA_REALTIME_STATUS_QUERY_19_3,T2_MEDIUM_V1,realtime_status_query,REJECT_UNSUPPORTED_REALTIME,Live crowd density and train arrival countdown at Pachaiyappa College right now (F20),hi-en,Latn,CS3,N0,"{""station"": ""Pachaiyappa College"", ""transport_mode"": ""metro""}","{""station_id"": ""METRO_PACHAIYAPPA_S_COLLEGE""}",REQUIRES_REALTIME_DATA,template_instantiation,TMPL_REALTIME_STATUS_QUERY_HINGLISH_LATN_19
PILOT_T2_TR_001859,,SFAM_INTERCHANGE_TRANSFER_014,FAM_INTERCHANGE_TRANSFER_014,PARA_INTERCHANGE_TRANSFER_13_3,T2_MEDIUM_V1,interchange_query,GET_INTERCHANGE_DETAILS,Transit query: Transfer walking time and directions at Washermenpet multimodal terminal (F14) #5,hi-en,Latn,CS3,N1,"{""station"": ""Washermenpet"", ""facility_type"": ""interchange""}","{""station_id"": ""METRO_WASHERMENPET""}",ANSWERABLE_AFTER_MANUAL_VERIFICATION,template_instantiation,TMPL_INTERCHANGE_TRANSFER_HINGLISH_LATN_13
PILOT_T2_TR_001860,,SFAM_ROUTE_STOP_SEQUENCE_017,FAM_ROUTE_STOP_SEQUENCE_017,PARA_ROUTE_STOP_SEQUENCE_16_3,T2_MEDIUM_V1,route_stops,LIST_ROUTE_STOPS,Full stop order details for bus number 102 please provide (F17),hi-en,Latn,CS3,N0,"{""route_number"": ""102"", ""transport_mode"": ""bus""}","{""route_id"": ""GTFS_ROUTE_16861""}",ANSWERABLE_WITH_PROVISIONAL_DATA,template_instantiation,TMPL_ROUTE_STOP_SEQUENCE_HINGLISH_LATN_16
PILOT_T2_TR_001861,,SFAM_SCHEDULED_DEPARTURE_005,FAM_SCHEDULED_DEPARTURE_005,PARA_SCHEDULED_DEPARTURE_4_3,T2_MEDIUM_V1,service_timing,GET_SCHEDULED_DEPARTURES,Please tell: CMBT station se kal 8 baje train schedule kya hoga (F5) #2,hi-en,Latn,CS3,N0,"{""origin"": ""CMBT"", ""temporal_relative"": ""kal"", ""resolved_temporal_offset"": ""UNRESOLVED_TEMPORAL_AMBIGUITY"", ""time"": ""8 baje"", ""temporal_ambiguity"": true, ""dual_candidates"": [""08:00:00"", ""20:00:00""]}","{""origin_id"": ""METRO_PURATCHI_THALAIVI_DR_J_JAYALALITHAA_CMBT""}",ANSWERABLE_NOW,template_instantiation,TMPL_SCHEDULED_DEPARTURE_HINGLISH_LATN_4
PILOT_T2_TR_001862,,SFAM_REALTIME_STATUS_QUERY_001,FAM_REALTIME_STATUS_QUERY_001,PARA_REALTIME_STATUS_QUERY_0_0,T2_MEDIUM_V1,realtime_status_query,REJECT_UNSUPPORTED_REALTIME,Quick check: Where is bus 21G right now and what is its live location? [live F1] #4,en,Latn,CS0,N0,"{""route_number"": ""21G"", ""transport_mode"": ""bus""}","{""route_id"": ""GTFS_ROUTE_8458""}",REQUIRES_REALTIME_DATA,template_instantiation,TMPL_REALTIME_STATUS_QUERY_EN_0
PILOT_T2_TR_001863,,SFAM_MODE_AVAILABILITY_012,FAM_MODE_AVAILABILITY_012,PARA_MODE_AVAILABILITY_11_3,T2_MEDIUM_V1,service_availability,CHECK_SERVICE_AVAILABILITY,Is public transit operational connecting Thousand Lights and Walajabad (F12)?,hi-en,Latn,CS3,N0,"{""origin"": ""Thousand Lights"", ""destination"": ""Walajabad"", ""transport_mode"": ""public transit""}","{""origin_id"": ""METRO_THOUSAND_LIGHTS"", ""destination_id"": ""BUS_261716087""}",ANSWERABLE_WITH_PROVISIONAL_DATA,template_instantiation,TMPL_MODE_AVAILABILITY_HINGLISH_LATN_11
PILOT_T2_TR_001864,,SFAM_ROUTE_STOP_MEMBERSHIP_006,FAM_ROUTE_STOP_MEMBERSHIP_006,PARA_ROUTE_STOP_MEMBERSHIP_5_2,T2_MEDIUM_V1,route_stops,CHECK_STOP_ON_ROUTE,Please tell: kya bus 29C ka poonamallee par stoppage hai confirm kare? [check F6] #2,hi,Latn,CS0,N0,"{""route_number"": ""29C"", ""stop"": ""poonamallee"", ""transport_mode"": ""bus""}","{""route_id"": ""GTFS_ROUTE_8631"", ""stop_id"": ""BUS_13972050953""}",ANSWERABLE_WITH_PROVISIONAL_DATA,template_instantiation,TMPL_ROUTE_STOP_MEMBERSHIP_HI_LATN_5
PILOT_T2_TR_001865,,SFAM_STATION_FACILITIES_007,FAM_STATION_FACILITIES_007,PARA_STATION_FACILITIES_6_3,T2_MEDIUM_V1,station_facilities,GET_STATION_FACILITY,Does Vadapalani station premises include operational EV vehicle charging (F7)?,hi-en,Latn,CS3,N0,"{""station"": ""Vadapalani"", ""facility_type"": ""ev_charging"", ""transport_mode"": ""metro""}","{""station_id"": ""METRO_VADAPALANI""}",ANSWERABLE_NOW,template_instantiation,TMPL_STATION_FACILITIES_HINGLISH_LATN_6
PILOT_T2_TR_001866,,SFAM_REALTIME_STATUS_QUERY_009,FAM_REALTIME_STATUS_QUERY_009,PARA_REALTIME_STATUS_QUERY_8_0,T2_MEDIUM_V1,realtime_status_query,REJECT_UNSUPPORTED_REALTIME,Please tell: Where is bus 29A right now and what is its live location? [live F9] #2,en,Latn,CS0,N0,"{""route_number"": ""29A"", ""transport_mode"": ""bus""}","{""route_id"": ""GTFS_ROUTE_18751""}",REQUIRES_REALTIME_DATA,template_instantiation,TMPL_REALTIME_STATUS_QUERY_EN_8
PILOT_T2_TR_001867,,SFAM_TICKETING_AND_PASSES_004,FAM_TICKETING_AND_PASSES_004,PARA_TICKETING_AND_PASSES_3_3,T2_MEDIUM_V1,ticketing_rules,GET_TICKETING_POLICY,Please tell: How can regular passengers apply for and renew Tourist One-Day Pass (F4)? #2,hi-en,Latn,CS3,N0,"{""ticket_type"": ""tourist_card"", ""transport_mode"": ""transit""}",{},ANSWERABLE_NOW,template_instantiation,TMPL_TICKETING_AND_PASSES_HINGLISH_LATN_3
PILOT_T2_TR_001868,,SFAM_SCHEDULED_DEPARTURE_013,FAM_SCHEDULED_DEPARTURE_013,PARA_SCHEDULED_DEPARTURE_12_2,T2_MEDIUM_V1,service_timing,GET_SCHEDULED_DEPARTURES,wimco nagar depot se sham 7 baje departure timing schedule bataye. [timetable F13],hi,Latn,CS0,N0,"{""origin"": ""wimco nagar depot"", ""time"": ""sham 7 baje"", ""resolved_time"": ""19:00:00""}","{""origin_id"": ""METRO_WIMCO_NAGAR""}",ANSWERABLE_NOW,template_instantiation,TMPL_SCHEDULED_DEPARTURE_HI_LATN_12
PILOT_T2_TR_001869,,SFAM_INTERCHANGE_TRANSFER_007,FAM_INTERCHANGE_TRANSFER_007,PARA_INTERCHANGE_TRANSFER_6_4,T2_MEDIUM_V1,interchange_query,GET_INTERCHANGE_DETAILS,Vadapalani interchange par line switch connection point details check F7,hi-en,Deva+Latn,CS4,N0,"{""station"": ""Vadapalani"", ""facility_type"": ""interchange""}","{""station_id"": ""METRO_VADAPALANI""}",ANSWERABLE_AFTER_MANUAL_VERIFICATION,template_instantiation,TMPL_INTERCHANGE_TRANSFER_MIXED_SCRIPT_CS_6
PILOT_T2_TR_001870,,SFAM_MODE_AVAILABILITY_012,FAM_MODE_AVAILABILITY_012,PARA_MODE_AVAILABILITY_11_1,T2_MEDIUM_V1,service_availability,CHECK_SERVICE_AVAILABILITY,Transit query: क्या थाउजेंड लाइट्स से वालाजाबाद के लिए कोई सार्वजनिक बस या ट्रेन उपलब्ध है? (उपलब्धता F12) #5,hi,Deva,CS0,N2,"{""origin"": ""थाउजेंड लाइट्स"", ""destination"": ""वालाजाबाद"", ""transport_mode"": ""सार्वजनिक बस या ट्रेन""}","{""origin_id"": ""METRO_THOUSAND_LIGHTS"", ""destination_id"": ""BUS_261716087""}",ANSWERABLE_WITH_PROVISIONAL_DATA,template_instantiation,TMPL_MODE_AVAILABILITY_HI_DEVA_11
PILOT_T2_TR_001871,,SFAM_OUT_OF_SCOPE_017,FAM_OUT_OF_SCOPE_017,PARA_OUT_OF_SCOPE_16_3,T2_MEDIUM_V1,out_of_scope,REJECT_OUT_OF_SCOPE,Please tell: What is the general weather rain forecast in Chennai near Mother Child Hospital today (F17)? #2,hi-en,Latn,CS3,N0,"{""landmark"": ""Mother Child Hospital""}","{""place_id"": ""OSM_POI_7257518731""}",OUT_OF_SCOPE,template_instantiation,TMPL_OUT_OF_SCOPE_HINGLISH_LATN_16
PILOT_T2_TR_001872,,SFAM_SERVICE_FREQUENCY_004,FAM_SERVICE_FREQUENCY_004,PARA_SERVICE_FREQUENCY_3_3,T2_MEDIUM_V1,service_timing,GET_SERVICE_FREQUENCY,Please tell: Peak hour frequency and normal headway between Alandur and Egmore (F4) #2,hi-en,Latn,CS3,N0,"{""origin"": ""Alandur"", ""destination"": ""Egmore"", ""timing_type"": ""frequency"", ""transport_mode"": ""metro""}","{""origin_id"": ""METRO_ARIGNAR_ANNA_ALANDUR"", ""destination_id"": ""METRO_EGMORE""}",ANSWERABLE_NOW,template_instantiation,TMPL_SERVICE_FREQUENCY_HINGLISH_LATN_3
PILOT_T2_TR_001873,,SFAM_TICKETING_AND_PASSES_020,FAM_TICKETING_AND_PASSES_020,PARA_TICKETING_AND_PASSES_19_4,T2_MEDIUM_V1,ticketing_rules,GET_TICKETING_POLICY,Commuter Smart Card ke application aur terms ki complete details F20,hi-en,Deva+Latn,CS4,N2,"{""ticket_type"": ""smart_card"", ""transport_mode"": ""transit""}",{},ANSWERABLE_NOW,template_instantiation,TMPL_TICKETING_AND_PASSES_MIXED_SCRIPT_CS_19
PILOT_T2_TR_001874,,SFAM_FARE_CALCULATION_007,FAM_FARE_CALCULATION_007,PARA_FARE_CALCULATION_6_2,T2_MEDIUM_V1,fare_query,CALCULATE_FARE,Quick check: vadapalani se washermenpet metro ride ka standard ticket cost kitna hoga? [kiraya F7] #4,hi,Latn,CS0,N0,"{""origin"": ""vadapalani"", ""destination"": ""washermenpet"", ""transport_mode"": ""metro""}","{""origin_id"": ""METRO_VADAPALANI"", ""destination_id"": ""METRO_WASHERMENPET""}",ANSWERABLE_NOW,template_instantiation,TMPL_FARE_CALCULATION_HI_LATN_6
PILOT_T2_TR_001875,,SFAM_ROUTE_STOP_SEQUENCE_009,FAM_ROUTE_STOP_SEQUENCE_009,PARA_ROUTE_STOP_SEQUENCE_8_3,T2_MEDIUM_V1,route_stops,LIST_ROUTE_STOPS,Could you specify Full stop order details for bus number 29A please provide (F9)? #3,hi-en,Latn,CS3,N2,"{""route_number"": ""29A"", ""transport_mode"": ""bus""}","{""route_id"": ""GTFS_ROUTE_18751""}",ANSWERABLE_WITH_PROVISIONAL_DATA,template_instantiation,TMPL_ROUTE_STOP_SEQUENCE_HINGLISH_LATN_8
PILOT_T2_TR_001876,,SFAM_MODE_AVAILABILITY_013,FAM_MODE_AVAILABILITY_013,PARA_MODE_AVAILABILITY_12_1,T2_MEDIUM_V1,service_availability,CHECK_SERVICE_AVAILABILITY,"Excuse me, क्या विमको नगर से नेलवॉय के लिए कोई सार्वजनिक बस या ट्रेन उपलब्ध है? (उपलब्धता F13) #6",hi,Deva,CS0,N0,"{""origin"": ""विमको नगर"", ""destination"": ""नेलवॉय"", ""transport_mode"": ""सार्वजनिक बस या ट्रेन""}","{""origin_id"": ""METRO_WIMCO_NAGAR"", ""destination_id"": ""BUS_469106564""}",ANSWERABLE_WITH_PROVISIONAL_DATA,template_instantiation,TMPL_MODE_AVAILABILITY_HI_DEVA_12
PILOT_T2_TR_001877,,SFAM_REALTIME_STATUS_QUERY_018,FAM_REALTIME_STATUS_QUERY_018,PARA_REALTIME_STATUS_QUERY_17_3,T2_MEDIUM_V1,realtime_status_query,REJECT_UNSUPPORTED_REALTIME,Could you specify Live crowd density and train arrival countdown at Nehru Park right now (F18)? #3,hi-en,Latn,CS3,N0,"{""station"": ""Nehru Park"", ""transport_mode"": ""metro""}","{""station_id"": ""METRO_NEHRU_PARK""}",REQUIRES_REALTIME_DATA,template_instantiation,TMPL_REALTIME_STATUS_QUERY_HINGLISH_LATN_17
PILOT_T2_TR_001878,,SFAM_MODE_AVAILABILITY_005,FAM_MODE_AVAILABILITY_005,PARA_MODE_AVAILABILITY_4_1,T2_MEDIUM_V1,service_availability,CHECK_SERVICE_AVAILABILITY,Quick check: क्या सीएमबीटी से बेसेंट नगर के लिए कोई सार्वजनिक बस या ट्रेन उपलब्ध है? (उपलब्धता F5) #4,hi,Deva,CS0,N2,"{""origin"": ""सीएमबीटी"", ""destination"": ""बेसेंट नगर"", ""transport_mode"": ""सार्वजनिक बस या ट्रेन""}","{""origin_id"": ""METRO_PURATCHI_THALAIVI_DR_J_JAYALALITHAA_CMBT"", ""destination_id"": ""BUS_417750654""}",ANSWERABLE_WITH_PROVISIONAL_DATA,template_instantiation,TMPL_MODE_AVAILABILITY_HI_DEVA_4
PILOT_T2_TR_001879,,SFAM_FARE_CALCULATION_007,FAM_FARE_CALCULATION_007,PARA_FARE_CALCULATION_6_4,T2_MEDIUM_V1,fare_query,CALCULATE_FARE,Could you specify Vadapalani से Washermenpet metro travel ka discounted smart card fare kya hai F7? #3,hi-en,Deva+Latn,CS4,N0,"{""origin"": ""Vadapalani"", ""destination"": ""Washermenpet"", ""ticket_type"": ""smart_card"", ""transport_mode"": ""metro""}","{""origin_id"": ""METRO_VADAPALANI"", ""destination_id"": ""METRO_WASHERMENPET""}",ANSWERABLE_NOW,template_instantiation,TMPL_FARE_CALCULATION_MIXED_SCRIPT_CS_6
PILOT_T2_TR_001880,,SFAM_MODE_AVAILABILITY_012,FAM_MODE_AVAILABILITY_012,PARA_MODE_AVAILABILITY_11_2,T2_MEDIUM_V1,service_availability,CHECK_SERVICE_AVAILABILITY,Quick check: thousand lights se walajabad tak direct transit options available hain kya? [suvidha F12] #4,hi,Latn,CS0,N0,"{""origin"": ""thousand lights"", ""destination"": ""walajabad"", ""transport_mode"": ""any""}","{""origin_id"": ""METRO_THOUSAND_LIGHTS"", ""destination_id"": ""BUS_261716087""}",ANSWERABLE_WITH_PROVISIONAL_DATA,template_instantiation,TMPL_MODE_AVAILABILITY_HI_LATN_11
PILOT_T2_TR_001881,,SFAM_POINT_TO_POINT_ROUTE_007,FAM_POINT_TO_POINT_ROUTE_007,PARA_POINT_TO_POINT_ROUTE_6_3,T2_MEDIUM_V1,route_query,PLAN_ROUTE,Please tell: Vadapalani to Washermenpet metro ride ka best direct route bataiye (F7) #2,hi-en,Latn,CS3,N0,"{""origin"": ""Vadapalani"", ""destination"": ""Washermenpet"", ""transport_mode"": ""metro""}","{""origin_id"": ""METRO_VADAPALANI"", ""destination_id"": ""METRO_WASHERMENPET""}",ANSWERABLE_WITH_PROVISIONAL_DATA,template_instantiation,TMPL_POINT_TO_POINT_ROUTE_HINGLISH_LATN_6
PILOT_T2_TR_001882,,SFAM_POINT_TO_POINT_ROUTE_018,FAM_POINT_TO_POINT_ROUTE_018,PARA_POINT_TO_POINT_ROUTE_17_3,T2_MEDIUM_V1,route_query,PLAN_ROUTE,Could you specify Nehru Park to CMBT metro ride ka best direct route bataiye (F18)? #3,hi-en,Latn,CS3,N2,"{""origin"": ""Nehru Park"", ""destination"": ""CMBT"", ""transport_mode"": ""metro""}","{""origin_id"": ""METRO_NEHRU_PARK"", ""destination_id"": ""METRO_PURATCHI_THALAIVI_DR_J_JAYALALITHAA_CMBT""}",ANSWERABLE_WITH_PROVISIONAL_DATA,template_instantiation,TMPL_POINT_TO_POINT_ROUTE_HINGLISH_LATN_17
PILOT_T2_TR_001883,,SFAM_POINT_TO_POINT_ROUTE_005,FAM_POINT_TO_POINT_ROUTE_005,PARA_POINT_TO_POINT_ROUTE_4_0,T2_MEDIUM_V1,route_query,PLAN_ROUTE,How do I commute from CMBT to Thousand Lights by metro? [pattern F5],en,Latn,CS0,N0,"{""origin"": ""CMBT"", ""destination"": ""Thousand Lights"", ""transport_mode"": ""metro""}","{""origin_id"": ""METRO_PURATCHI_THALAIVI_DR_J_JAYALALITHAA_CMBT"", ""destination_id"": ""METRO_THOUSAND_LIGHTS""}",ANSWERABLE_WITH_PROVISIONAL_DATA,template_instantiation,TMPL_POINT_TO_POINT_ROUTE_EN_4
PILOT_T2_TR_001884,,SFAM_INTERCHANGE_TRANSFER_014,FAM_INTERCHANGE_TRANSFER_014,PARA_INTERCHANGE_TRANSFER_13_1,T2_MEDIUM_V1,interchange_query,GET_INTERCHANGE_DETAILS,"Excuse me, वॉशरमैनपेट इंटरचेंज पर दूसरी लाइन में ट्रांसफर करने का मार्ग क्या है? (बदलाव F14) #6",hi,Deva,CS0,N0,"{""station"": ""वॉशरमैनपेट"", ""facility_type"": ""इंटरचेंज""}","{""station_id"": ""METRO_WASHERMENPET""}",ANSWERABLE_AFTER_MANUAL_VERIFICATION,template_instantiation,TMPL_INTERCHANGE_TRANSFER_HI_DEVA_13
PILOT_T2_TR_001885,,SFAM_FARE_CALCULATION_013,FAM_FARE_CALCULATION_013,PARA_FARE_CALCULATION_12_2,T2_MEDIUM_V1,fare_query,CALCULATE_FARE,wimco nagar depot se pachaiyappa college metro ride ka standard ticket cost kitna hoga? [kiraya F13],hi,Latn,CS0,N0,"{""origin"": ""wimco nagar depot"", ""destination"": ""pachaiyappa college"", ""transport_mode"": ""metro""}","{""origin_id"": ""METRO_WIMCO_NAGAR"", ""destination_id"": ""METRO_PACHAIYAPPA_S_COLLEGE""}",ANSWERABLE_NOW,template_instantiation,TMPL_FARE_CALCULATION_HI_LATN_12
PILOT_T2_TR_001886,,SFAM_REALTIME_STATUS_QUERY_018,FAM_REALTIME_STATUS_QUERY_018,PARA_REALTIME_STATUS_QUERY_17_2,T2_MEDIUM_V1,realtime_status_query,REJECT_UNSUPPORTED_REALTIME,Please tell: Bus 102A ka real time current gps location update kahan pahuncha? [track F18] #2,hi,Latn,CS0,N1,"{""route_number"": ""102A"", ""transport_mode"": ""bus""}","{""route_id"": ""GTFS_ROUTE_10248""}",REQUIRES_REALTIME_DATA,template_instantiation,TMPL_REALTIME_STATUS_QUERY_HI_LATN_17
PILOT_T2_TR_001887,,SFAM_STATION_FACILITIES_009,FAM_STATION_FACILITIES_009,PARA_STATION_FACILITIES_8_1,T2_MEDIUM_V1,station_facilities,GET_STATION_FACILITY,Quick check: क्या तिरुमंगलम मेट्रो स्टेशन पर कार पार्किंग की व्यवस्था उपलब्ध है? (सुविधा F9) #4,hi,Deva,CS0,N0,"{""station"": ""तिरुमंगलम"", ""facility_type"": ""parking"", ""transport_mode"": ""मेट्रो""}","{""station_id"": ""METRO_THIRUMANGALAM""}",ANSWERABLE_NOW,template_instantiation,TMPL_STATION_FACILITIES_HI_DEVA_8
PILOT_T2_TR_001888,,SFAM_FARE_CALCULATION_014,FAM_FARE_CALCULATION_014,PARA_FARE_CALCULATION_13_4,T2_MEDIUM_V1,fare_query,CALCULATE_FARE,Please tell: Washermenpet से Airport metro travel ka discounted smart card fare kya hai F14 #2,hi-en,Deva+Latn,CS4,N0,"{""origin"": ""Washermenpet"", ""destination"": ""Airport"", ""ticket_type"": ""smart_card"", ""transport_mode"": ""metro""}","{""origin_id"": ""METRO_WASHERMENPET"", ""destination_id"": ""METRO_CHENNAI_INTERNATIONAL_AIRPORT""}",ANSWERABLE_NOW,template_instantiation,TMPL_FARE_CALCULATION_MIXED_SCRIPT_CS_13
PILOT_T2_TR_001889,,SFAM_ROUTE_STOP_MEMBERSHIP_016,FAM_ROUTE_STOP_MEMBERSHIP_016,PARA_ROUTE_STOP_MEMBERSHIP_15_3,T2_MEDIUM_V1,route_stops,CHECK_STOP_ON_ROUTE,Verify if Pudupattinam bus stop is covered by route 21G (F16),hi-en,Latn,CS3,N0,"{""route_number"": ""21G"", ""stop"": ""Pudupattinam"", ""transport_mode"": ""bus""}","{""route_id"": ""GTFS_ROUTE_8458"", ""stop_id"": ""BUS_3616510666""}",ANSWERABLE_WITH_PROVISIONAL_DATA,template_instantiation,TMPL_ROUTE_STOP_MEMBERSHIP_HINGLISH_LATN_15
PILOT_T2_TR_001890,,SFAM_REALTIME_STATUS_QUERY_018,FAM_REALTIME_STATUS_QUERY_018,PARA_REALTIME_STATUS_QUERY_17_0,T2_MEDIUM_V1,realtime_status_query,REJECT_UNSUPPORTED_REALTIME,Transit query: Where is bus 102A right now and what is its live location? [live F18] #5,en,Latn,CS0,N0,"{""route_number"": ""102A"", ""transport_mode"": ""bus""}","{""route_id"": ""GTFS_ROUTE_10248""}",REQUIRES_REALTIME_DATA,template_instantiation,TMPL_REALTIME_STATUS_QUERY_EN_17
PILOT_T2_TR_001891,,SFAM_STATION_ACCESSIBILITY_008,FAM_STATION_ACCESSIBILITY_008,PARA_STATION_ACCESSIBILITY_7_3,T2_MEDIUM_V1,accessibility,GET_ACCESSIBILITY_INFO,Verification of accessible escalator stairs support at High Court metro (F8),hi-en,Latn,CS3,N0,"{""station"": ""High Court"", ""accessibility_feature"": ""escalator"", ""transport_mode"": ""metro""}","{""station_id"": ""METRO_HIGHCOURT""}",ANSWERABLE_NOW,template_instantiation,TMPL_STATION_ACCESSIBILITY_HINGLISH_LATN_7
PILOT_T2_TR_001892,,SFAM_FARE_CALCULATION_003,FAM_FARE_CALCULATION_003,PARA_FARE_CALCULATION_2_0,T2_MEDIUM_V1,fare_query,CALCULATE_FARE,Transit query: What is the single-journey ticket fare from Guindy to Anna Nagar Tower on metro? [fare F3] #5,en,Latn,CS0,N0,"{""origin"": ""Guindy"", ""destination"": ""Anna Nagar Tower"", ""fare_type"": ""token"", ""transport_mode"": ""metro""}","{""origin_id"": ""METRO_GUINDY"", ""destination_id"": ""METRO_ANNA_NAGAR_TOWER""}",ANSWERABLE_NOW,template_instantiation,TMPL_FARE_CALCULATION_EN_2
PILOT_T2_TR_001893,,SFAM_MODE_AVAILABILITY_011,FAM_MODE_AVAILABILITY_011,PARA_MODE_AVAILABILITY_10_0,T2_MEDIUM_V1,service_availability,CHECK_SERVICE_AVAILABILITY,Transit query: Are there direct public transport options from Egmore to Kalpakkam? [avail F11] #5,en,Latn,CS0,N0,"{""origin"": ""Egmore"", ""destination"": ""Kalpakkam"", ""transport_mode"": ""any""}","{""origin_id"": ""METRO_EGMORE"", ""destination_id"": ""BUS_30143150""}",ANSWERABLE_WITH_PROVISIONAL_DATA,template_instantiation,TMPL_MODE_AVAILABILITY_EN_10
PILOT_T2_TR_001894,,SFAM_MODE_AVAILABILITY_017,FAM_MODE_AVAILABILITY_017,PARA_MODE_AVAILABILITY_16_0,T2_MEDIUM_V1,service_availability,CHECK_SERVICE_AVAILABILITY,Quick check: Are there direct public transport options from St. Thomas Mount to Tambaram? [avail F17] #4,en,Latn,CS0,N0,"{""origin"": ""St. Thomas Mount"", ""destination"": ""Tambaram"", ""transport_mode"": ""any""}","{""origin_id"": ""METRO_ST__THOMAS_MOUNT"", ""destination_id"": ""BUS_5304399879""}",ANSWERABLE_WITH_PROVISIONAL_DATA,template_instantiation,TMPL_MODE_AVAILABILITY_EN_16
PILOT_T2_TR_001895,,SFAM_REALTIME_STATUS_QUERY_014,FAM_REALTIME_STATUS_QUERY_014,PARA_REALTIME_STATUS_QUERY_13_0,T2_MEDIUM_V1,realtime_status_query,REJECT_UNSUPPORTED_REALTIME,Transit query: Where is bus Blue Line right now and what is its live location? [live F14] #5,en,Latn,CS0,N0,"{""route_number"": ""Blue Line"", ""transport_mode"": ""bus""}","{""route_id"": ""CMRL_BLUE_CORRIDOR_1""}",REQUIRES_REALTIME_DATA,template_instantiation,TMPL_REALTIME_STATUS_QUERY_EN_13
PILOT_T2_TR_001896,,SFAM_MULTIMODAL_ROUTE_016,FAM_MULTIMODAL_ROUTE_016,PARA_MULTIMODAL_ROUTE_15_4,T2_MEDIUM_V1,route_query,PLAN_MULTIMODAL_ROUTE,Pudupattinam से Guindy multimodal transit connection kaise le plan F16,hi-en,Deva+Latn,CS4,N0,"{""origin"": ""Pudupattinam"", ""destination"": ""Guindy"", ""transport_mode"": ""multimodal""}","{""origin_id"": ""BUS_3616510666"", ""destination_id"": ""METRO_GUINDY""}",ANSWERABLE_WITH_PROVISIONAL_DATA,template_instantiation,TMPL_MULTIMODAL_ROUTE_MIXED_SCRIPT_CS_15
PILOT_T2_TR_001897,,SFAM_MODE_AVAILABILITY_005,FAM_MODE_AVAILABILITY_005,PARA_MODE_AVAILABILITY_4_3,T2_MEDIUM_V1,service_availability,CHECK_SERVICE_AVAILABILITY,Is public transit operational connecting CMBT and Besant Nagar (F5)?,hi-en,Latn,CS3,N0,"{""origin"": ""CMBT"", ""destination"": ""Besant Nagar"", ""transport_mode"": ""public transit""}","{""origin_id"": ""METRO_PURATCHI_THALAIVI_DR_J_JAYALALITHAA_CMBT"", ""destination_id"": ""BUS_417750654""}",ANSWERABLE_WITH_PROVISIONAL_DATA,template_instantiation,TMPL_MODE_AVAILABILITY_HINGLISH_LATN_4
PILOT_T2_TR_001898,,SFAM_MODE_AVAILABILITY_007,FAM_MODE_AVAILABILITY_007,PARA_MODE_AVAILABILITY_6_2,T2_MEDIUM_V1,service_availability,CHECK_SERVICE_AVAILABILITY,Please tell: vadapalani se thiruvanmiyur tak direct transit options available hain kya? [suvidha F7] #2,hi,Latn,CS0,N1,"{""origin"": ""vadapalani"", ""destination"": ""thiruvanmiyur"", ""transport_mode"": ""any""}","{""origin_id"": ""METRO_VADAPALANI"", ""destination_id"": ""BUS_3247310920""}",ANSWERABLE_WITH_PROVISIONAL_DATA,template_instantiation,TMPL_MODE_AVAILABILITY_HI_LATN_6
PILOT_T2_TR_001899,,SFAM_STATION_FACILITIES_014,FAM_STATION_FACILITIES_014,PARA_STATION_FACILITIES_13_3,T2_MEDIUM_V1,station_facilities,GET_STATION_FACILITY,Transit query: Does Washermenpet station premises include operational two-wheeler bike parking (F14)? #5,hi-en,Latn,CS3,N1,"{""station"": ""Washermenpet"", ""facility_type"": ""two_wheeler_parking"", ""transport_mode"": ""metro""}","{""station_id"": ""METRO_WASHERMENPET""}",ANSWERABLE_NOW,template_instantiation,TMPL_STATION_FACILITIES_HINGLISH_LATN_13
PILOT_T2_TR_001900,,SFAM_MODE_AVAILABILITY_012,FAM_MODE_AVAILABILITY_012,PARA_MODE_AVAILABILITY_11_2,T2_MEDIUM_V1,service_availability,CHECK_SERVICE_AVAILABILITY,Could you specify thousand lights se walajabad tak direct transit options available hain kya? [suvidha F12]? #3,hi,Latn,CS0,N0,"{""origin"": ""thousand lights"", ""destination"": ""walajabad"", ""transport_mode"": ""any""}","{""origin_id"": ""METRO_THOUSAND_LIGHTS"", ""destination_id"": ""BUS_261716087""}",ANSWERABLE_WITH_PROVISIONAL_DATA,template_instantiation,TMPL_MODE_AVAILABILITY_HI_LATN_11
PILOT_T2_TR_001901,,SFAM_TICKETING_AND_PASSES_011,FAM_TICKETING_AND_PASSES_011,PARA_TICKETING_AND_PASSES_10_0,T2_MEDIUM_V1,ticketing_rules,GET_TICKETING_POLICY,What are the rules and procedure to purchase a Student Concession Card for commuters? [pass F11],en,Latn,CS0,N0,"{""ticket_type"": ""student_pass"", ""transport_mode"": ""transit""}",{},ANSWERABLE_NOW,template_instantiation,TMPL_TICKETING_AND_PASSES_EN_10
PILOT_T2_TR_001902,,SFAM_MULTIMODAL_ROUTE_001,FAM_MULTIMODAL_ROUTE_001,PARA_MULTIMODAL_ROUTE_0_3,T2_MEDIUM_V1,route_query,PLAN_MULTIMODAL_ROUTE,Could you specify Can you give combined bus and train route from Tambaram to High Court (F1)?? #3,hi-en,Latn,CS3,N0,"{""origin"": ""Tambaram"", ""destination"": ""High Court"", ""transport_mode"": ""bus and train""}","{""origin_id"": ""BUS_5304399879"", ""destination_id"": ""METRO_HIGHCOURT""}",ANSWERABLE_WITH_PROVISIONAL_DATA,template_instantiation,TMPL_MULTIMODAL_ROUTE_HINGLISH_LATN_0
PILOT_T2_TR_001903,,SFAM_TICKETING_AND_PASSES_019,FAM_TICKETING_AND_PASSES_019,PARA_TICKETING_AND_PASSES_18_4,T2_MEDIUM_V1,ticketing_rules,GET_TICKETING_POLICY,Please tell: Commuter Monthly Season Pass ke application aur terms ki complete details F19 #2,hi-en,Deva+Latn,CS4,N0,"{""ticket_type"": ""monthly_pass"", ""transport_mode"": ""transit""}",{},ANSWERABLE_NOW,template_instantiation,TMPL_TICKETING_AND_PASSES_MIXED_SCRIPT_CS_18
PILOT_T2_TR_001904,,SFAM_MODE_AVAILABILITY_009,FAM_MODE_AVAILABILITY_009,PARA_MODE_AVAILABILITY_8_1,T2_MEDIUM_V1,service_availability,CHECK_SERVICE_AVAILABILITY,Quick check: क्या तिरुमंगलम से मदुरंतकम के लिए कोई सार्वजनिक बस या ट्रेन उपलब्ध है? (उपलब्धता F9) #4,hi,Deva,CS0,N0,"{""origin"": ""तिरुमंगलम"", ""destination"": ""मदुरंतकम"", ""transport_mode"": ""सार्वजनिक बस या ट्रेन""}","{""origin_id"": ""METRO_THIRUMANGALAM"", ""destination_id"": ""BUS_5306412986""}",ANSWERABLE_WITH_PROVISIONAL_DATA,template_instantiation,TMPL_MODE_AVAILABILITY_HI_DEVA_8
PILOT_T2_TR_001905,,SFAM_ROUTE_STOP_MEMBERSHIP_009,FAM_ROUTE_STOP_MEMBERSHIP_009,PARA_ROUTE_STOP_MEMBERSHIP_8_3,T2_MEDIUM_V1,route_stops,CHECK_STOP_ON_ROUTE,Please tell: Verify if Madurantakam bus stop is covered by route 29A (F9) #2,hi-en,Latn,CS3,N0,"{""route_number"": ""29A"", ""stop"": ""Madurantakam"", ""transport_mode"": ""bus""}","{""route_id"": ""GTFS_ROUTE_18751"", ""stop_id"": ""BUS_5306412986""}",ANSWERABLE_WITH_PROVISIONAL_DATA,template_instantiation,TMPL_ROUTE_STOP_MEMBERSHIP_HINGLISH_LATN_8
PILOT_T2_TR_001906,,SFAM_STATION_ACCESSIBILITY_004,FAM_STATION_ACCESSIBILITY_004,PARA_STATION_ACCESSIBILITY_3_3,T2_MEDIUM_V1,accessibility,GET_ACCESSIBILITY_INFO,Could you specify Verification of accessible escalator stairs support at Alandur metro (F4)? #3,hi-en,Latn,CS3,N1,"{""station"": ""Alandur"", ""accessibility_feature"": ""escalator"", ""transport_mode"": ""metro""}","{""station_id"": ""METRO_ARIGNAR_ANNA_ALANDUR""}",ANSWERABLE_NOW,template_instantiation,TMPL_STATION_ACCESSIBILITY_HINGLISH_LATN_3
PILOT_T2_TR_001907,,SFAM_OUT_OF_SCOPE_001,FAM_OUT_OF_SCOPE_001,PARA_OUT_OF_SCOPE_0_1,T2_MEDIUM_V1,out_of_scope,REJECT_OUT_OF_SCOPE,Could you specify एयरपोर्ट के निकटतम सबसे अच्छे रेस्टोरेंट और भोजनालय की सूची दें। (बाहर F1)? #3,hi,Deva,CS0,N0,"{""station"": ""एयरपोर्ट""}","{""station_id"": ""METRO_CHENNAI_INTERNATIONAL_AIRPORT""}",OUT_OF_SCOPE,template_instantiation,TMPL_OUT_OF_SCOPE_HI_DEVA_0
PILOT_T2_TR_001908,,SFAM_STATION_FACILITIES_019,FAM_STATION_FACILITIES_019,PARA_STATION_FACILITIES_18_2,T2_MEDIUM_V1,station_facilities,GET_STATION_FACILITY,Could you specify kya kilpauk station par passenger ev charging station service available hai? [amenity F19]? #3,hi,Latn,CS0,N0,"{""station"": ""kilpauk"", ""facility_type"": ""ev_charging"", ""transport_mode"": ""metro""}","{""station_id"": ""METRO_KILPAUK""}",ANSWERABLE_NOW,template_instantiation,TMPL_STATION_FACILITIES_HI_LATN_18
PILOT_T2_TR_001909,,SFAM_MODE_AVAILABILITY_003,FAM_MODE_AVAILABILITY_003,PARA_MODE_AVAILABILITY_2_1,T2_MEDIUM_V1,service_availability,CHECK_SERVICE_AVAILABILITY,"Hello assistant, क्या गिंडी से अडयार के लिए कोई सार्वजनिक बस या ट्रेन उपलब्ध है? (उपलब्धता F3) #7",hi,Deva,CS0,N1,"{""origin"": ""गिंडी"", ""destination"": ""अडयार"", ""transport_mode"": ""सार्वजनिक बस या ट्रेन""}","{""origin_id"": ""METRO_GUINDY"", ""destination_id"": ""BUS_2587520213""}",ANSWERABLE_WITH_PROVISIONAL_DATA,template_instantiation,TMPL_MODE_AVAILABILITY_HI_DEVA_2
PILOT_T2_TR_001910,,SFAM_MODE_AVAILABILITY_012,FAM_MODE_AVAILABILITY_012,PARA_MODE_AVAILABILITY_11_0,T2_MEDIUM_V1,service_availability,CHECK_SERVICE_AVAILABILITY,Could you specify Are there direct public transport options from Thousand Lights to Walajabad? [avail F12]? #3,en,Latn,CS0,N0,"{""origin"": ""Thousand Lights"", ""destination"": ""Walajabad"", ""transport_mode"": ""any""}","{""origin_id"": ""METRO_THOUSAND_LIGHTS"", ""destination_id"": ""BUS_261716087""}",ANSWERABLE_WITH_PROVISIONAL_DATA,template_instantiation,TMPL_MODE_AVAILABILITY_EN_11
PILOT_T2_TR_001911,,SFAM_ROUTE_STOP_SEQUENCE_004,FAM_ROUTE_STOP_SEQUENCE_004,PARA_ROUTE_STOP_SEQUENCE_3_2,T2_MEDIUM_V1,route_stops,LIST_ROUTE_STOPS,Please tell: Route 570 bus ke sare consecutive stops ki list check kare. [line F4] #2,hi,Latn,CS0,N0,"{""route_number"": ""570"", ""transport_mode"": ""bus""}","{""route_id"": ""GTFS_ROUTE_17967""}",ANSWERABLE_WITH_PROVISIONAL_DATA,template_instantiation,TMPL_ROUTE_STOP_SEQUENCE_HI_LATN_3
PILOT_T2_TR_001912,,SFAM_ROUTE_STOP_SEQUENCE_018,FAM_ROUTE_STOP_SEQUENCE_018,PARA_ROUTE_STOP_SEQUENCE_17_3,T2_MEDIUM_V1,route_stops,LIST_ROUTE_STOPS,Full stop order details for bus number 102A please provide (F18),hi-en,Latn,CS3,N0,"{""route_number"": ""102A"", ""transport_mode"": ""bus""}","{""route_id"": ""GTFS_ROUTE_10248""}",ANSWERABLE_WITH_PROVISIONAL_DATA,template_instantiation,TMPL_ROUTE_STOP_SEQUENCE_HINGLISH_LATN_17
PILOT_T2_TR_001913,,SFAM_REALTIME_STATUS_QUERY_008,FAM_REALTIME_STATUS_QUERY_008,PARA_REALTIME_STATUS_QUERY_7_1,T2_MEDIUM_V1,realtime_status_query,REJECT_UNSUPPORTED_REALTIME,क्या हाई कोर्ट से आने वाली ट्रेन अभी लेट चल रही है लाइव स्थिति बताएं? (ताज़ा F8),hi,Deva,CS0,N1,"{""origin"": ""हाई कोर्ट"", ""transport_mode"": ""ट्रेन""}","{""origin_id"": ""METRO_HIGHCOURT""}",REQUIRES_REALTIME_DATA,template_instantiation,TMPL_REALTIME_STATUS_QUERY_HI_DEVA_7
PILOT_T2_TR_001914,,SFAM_STATION_ACCESSIBILITY_006,FAM_STATION_ACCESSIBILITY_006,PARA_STATION_ACCESSIBILITY_5_2,T2_MEDIUM_V1,accessibility,GET_ACCESSIBILITY_INFO,kya koyambedu metro station me wheelchair disabled ke liye passenger lift hai? [barrier-free F6],hi,Latn,CS0,N0,"{""station"": ""koyambedu"", ""accessibility_feature"": ""lift"", ""transport_mode"": ""metro""}","{""station_id"": ""METRO_KOYAMBEDU""}",ANSWERABLE_NOW,template_instantiation,TMPL_STATION_ACCESSIBILITY_HI_LATN_5
PILOT_T2_TR_001915,,SFAM_STATION_ACCESSIBILITY_002,FAM_STATION_ACCESSIBILITY_002,PARA_STATION_ACCESSIBILITY_1_2,T2_MEDIUM_V1,accessibility,GET_ACCESSIBILITY_INFO,Please tell: kya chennai central metro station me wheelchair disabled ke liye passenger lift hai? [barrier-free F2] #2,hi,Latn,CS0,N0,"{""station"": ""chennai central"", ""accessibility_feature"": ""lift"", ""transport_mode"": ""metro""}","{""station_id"": ""METRO_PURATCHI_THALAIVAR_DR__M_G_RAMACHANDRAN_CENTRAL""}",ANSWERABLE_NOW,template_instantiation,TMPL_STATION_ACCESSIBILITY_HI_LATN_1
PILOT_T2_TR_001916,,SFAM_TICKETING_AND_PASSES_005,FAM_TICKETING_AND_PASSES_005,PARA_TICKETING_AND_PASSES_4_0,T2_MEDIUM_V1,ticketing_rules,GET_TICKETING_POLICY,Quick check: What are the rules and procedure to purchase a Student Concession Card for commuters? [pass F5] #4,en,Latn,CS0,N0,"{""ticket_type"": ""student_pass"", ""transport_mode"": ""transit""}",{},ANSWERABLE_NOW,template_instantiation,TMPL_TICKETING_AND_PASSES_EN_4
PILOT_T2_TR_001917,,SFAM_MODE_AVAILABILITY_001,FAM_MODE_AVAILABILITY_001,PARA_MODE_AVAILABILITY_0_0,T2_MEDIUM_V1,service_availability,CHECK_SERVICE_AVAILABILITY,Quick check: Are there direct public transport options from Airport to Tambaram? [avail F1] #4,en,Latn,CS0,N0,"{""origin"": ""Airport"", ""destination"": ""Tambaram"", ""transport_mode"": ""any""}","{""origin_id"": ""METRO_CHENNAI_INTERNATIONAL_AIRPORT"", ""destination_id"": ""BUS_5304399879""}",ANSWERABLE_WITH_PROVISIONAL_DATA,template_instantiation,TMPL_MODE_AVAILABILITY_EN_0
PILOT_T2_TR_001918,,SFAM_FIRST_AND_LAST_SERVICE_001,FAM_FIRST_AND_LAST_SERVICE_001,PARA_FIRST_AND_LAST_SERVICE_0_0,T2_MEDIUM_V1,service_timing,GET_FIRST_LAST_SERVICE,Could you specify What time does the earliest and latest train depart Airport for High Court? [hrs F1]? #3,en,Latn,CS0,N0,"{""origin"": ""Airport"", ""destination"": ""High Court"", ""timing_type"": ""first_last"", ""transport_mode"": ""metro""}","{""origin_id"": ""METRO_CHENNAI_INTERNATIONAL_AIRPORT"", ""destination_id"": ""METRO_HIGHCOURT""}",ANSWERABLE_NOW,template_instantiation,TMPL_FIRST_AND_LAST_SERVICE_EN_0
PILOT_T2_TR_001919,,SFAM_ROUTE_STOP_SEQUENCE_012,FAM_ROUTE_STOP_SEQUENCE_012,PARA_ROUTE_STOP_SEQUENCE_11_1,T2_MEDIUM_V1,route_stops,LIST_ROUTE_STOPS,Please tell: बस रूट 22 CT के सभी ठहरावों की क्रमबद्ध सूची दिखाएं। (क्रम F12) #2,hi,Deva,CS0,N0,"{""route_number"": ""22 CT"", ""transport_mode"": ""बस""}","{""route_id"": ""GTFS_ROUTE_18753""}",ANSWERABLE_WITH_PROVISIONAL_DATA,template_instantiation,TMPL_ROUTE_STOP_SEQUENCE_HI_DEVA_11
PILOT_T2_TR_001920,,SFAM_FARE_CALCULATION_002,FAM_FARE_CALCULATION_002,PARA_FARE_CALCULATION_1_1,T2_MEDIUM_V1,fare_query,CALCULATE_FARE,Could you specify चेन्नई सेंट्रल से तिरुमंगलम तक का मेट्रो का टोकन किराया कितना रुपया है? (किराया F2)? #3,hi,Deva,CS0,N0,"{""origin"": ""चेन्नई सेंट्रल"", ""destination"": ""तिरुमंगलम"", ""fare_type"": ""टोकन"", ""transport_mode"": ""मेट्रो""}","{""origin_id"": ""METRO_PURATCHI_THALAIVAR_DR__M_G_RAMACHANDRAN_CENTRAL"", ""destination_id"": ""METRO_THIRUMANGALAM""}",ANSWERABLE_NOW,template_instantiation,TMPL_FARE_CALCULATION_HI_DEVA_1
PILOT_T2_TR_001921,,SFAM_NEAREST_TRANSPORT_012,FAM_NEAREST_TRANSPORT_012,PARA_NEAREST_TRANSPORT_11_2,T2_MEDIUM_V1,nearest_transport,FIND_NEAREST_STATION,Quick check: iit madras se closest walking distance metro transit point kaunsa hai? [paas F12] #4,hi,Latn,CS0,N0,"{""landmark"": ""iit madras"", ""transport_mode"": ""metro""}","{""place_id"": ""OSM_POI_11013406019""}",ANSWERABLE_NOW,template_instantiation,TMPL_NEAREST_TRANSPORT_HI_LATN_11
PILOT_T2_TR_001922,,SFAM_ROUTE_STOP_MEMBERSHIP_013,FAM_ROUTE_STOP_MEMBERSHIP_013,PARA_ROUTE_STOP_MEMBERSHIP_12_0,T2_MEDIUM_V1,route_stops,CHECK_STOP_ON_ROUTE,Please tell: Does bus route 15 CT8 make a scheduled halt at Nelvoy? [chk F13] #2,en,Latn,CS0,N0,"{""route_number"": ""15 CT8"", ""stop"": ""Nelvoy"", ""transport_mode"": ""bus""}","{""route_id"": ""GTFS_ROUTE_20494"", ""stop_id"": ""BUS_469106564""}",ANSWERABLE_WITH_PROVISIONAL_DATA,template_instantiation,TMPL_ROUTE_STOP_MEMBERSHIP_EN_12
PILOT_T2_TR_001923,,SFAM_MULTIMODAL_ROUTE_019,FAM_MULTIMODAL_ROUTE_019,PARA_MULTIMODAL_ROUTE_18_1,T2_MEDIUM_V1,route_query,PLAN_MULTIMODAL_ROUTE,अडयार से कोयम्बेडु बस और मेट्रो मिलाकर सबसे तेज़ मार्ग कौन सा है? (योजना F19),hi,Deva,CS0,N0,"{""origin"": ""अडयार"", ""destination"": ""कोयम्बेडु"", ""transport_mode"": ""बस और मेट्रो""}","{""origin_id"": ""BUS_2587520213"", ""destination_id"": ""METRO_KOYAMBEDU""}",ANSWERABLE_WITH_PROVISIONAL_DATA,template_instantiation,TMPL_MULTIMODAL_ROUTE_HI_DEVA_18
PILOT_T2_TR_001924,,SFAM_MULTIMODAL_ROUTE_019,FAM_MULTIMODAL_ROUTE_019,PARA_MULTIMODAL_ROUTE_18_3,T2_MEDIUM_V1,route_query,PLAN_MULTIMODAL_ROUTE,Could you specify Can you give combined bus and train route from Adyar to Koyambedu (F19)?? #3,hi-en,Latn,CS3,N0,"{""origin"": ""Adyar"", ""destination"": ""Koyambedu"", ""transport_mode"": ""bus and train""}","{""origin_id"": ""BUS_2587520213"", ""destination_id"": ""METRO_KOYAMBEDU""}",ANSWERABLE_WITH_PROVISIONAL_DATA,template_instantiation,TMPL_MULTIMODAL_ROUTE_HINGLISH_LATN_18
PILOT_T2_TR_001925,,SFAM_ROUTE_STOP_MEMBERSHIP_009,FAM_ROUTE_STOP_MEMBERSHIP_009,PARA_ROUTE_STOP_MEMBERSHIP_8_4,T2_MEDIUM_V1,route_stops,CHECK_STOP_ON_ROUTE,क्या route 29A bus Madurantakam पर rukegi verification F9?,hi-en,Deva+Latn,CS4,N0,"{""route_number"": ""29A"", ""stop"": ""Madurantakam"", ""transport_mode"": ""bus""}","{""route_id"": ""GTFS_ROUTE_18751"", ""stop_id"": ""BUS_5306412986""}",ANSWERABLE_WITH_PROVISIONAL_DATA,template_instantiation,TMPL_ROUTE_STOP_MEMBERSHIP_MIXED_SCRIPT_CS_8
PILOT_T2_TR_001926,,SFAM_MULTIMODAL_ROUTE_016,FAM_MULTIMODAL_ROUTE_016,PARA_MULTIMODAL_ROUTE_15_3,T2_MEDIUM_V1,route_query,PLAN_MULTIMODAL_ROUTE,Please tell: Can you give combined bus and train route from Pudupattinam to Guindy (F16)? #2,hi-en,Latn,CS3,N0,"{""origin"": ""Pudupattinam"", ""destination"": ""Guindy"", ""transport_mode"": ""bus and train""}","{""origin_id"": ""BUS_3616510666"", ""destination_id"": ""METRO_GUINDY""}",ANSWERABLE_WITH_PROVISIONAL_DATA,template_instantiation,TMPL_MULTIMODAL_ROUTE_HINGLISH_LATN_15
PILOT_T2_TR_001927,,SFAM_OUT_OF_SCOPE_018,FAM_OUT_OF_SCOPE_018,PARA_OUT_OF_SCOPE_17_4,T2_MEDIUM_V1,out_of_scope,REJECT_OUT_OF_SCOPE,Please tell: Nehru Park ke pass hotel reservation aur movie ticket booking service F18 #2,hi-en,Deva+Latn,CS4,N0,"{""station"": ""Nehru Park""}","{""station_id"": ""METRO_NEHRU_PARK""}",OUT_OF_SCOPE,template_instantiation,TMPL_OUT_OF_SCOPE_MIXED_SCRIPT_CS_17
PILOT_T2_TR_001928,,SFAM_MULTIMODAL_ROUTE_010,FAM_MULTIMODAL_ROUTE_010,PARA_MULTIMODAL_ROUTE_9_3,T2_MEDIUM_V1,route_query,PLAN_MULTIMODAL_ROUTE,Could you specify Can you give combined bus and train route from Karunguzhi to St. Thomas Mount (F10)?? #3,hi-en,Latn,CS3,N2,"{""origin"": ""Karunguzhi"", ""destination"": ""St. Thomas Mount"", ""transport_mode"": ""bus and train""}","{""origin_id"": ""BUS_5274698920"", ""destination_id"": ""METRO_ST__THOMAS_MOUNT""}",ANSWERABLE_WITH_PROVISIONAL_DATA,template_instantiation,TMPL_MULTIMODAL_ROUTE_HINGLISH_LATN_9
PILOT_T2_TR_001929,,SFAM_FARE_CALCULATION_014,FAM_FARE_CALCULATION_014,PARA_FARE_CALCULATION_13_0,T2_MEDIUM_V1,fare_query,CALCULATE_FARE,What is the single-journey ticket fare from Washermenpet to Airport on metro? [fare F14],en,Latn,CS0,N0,"{""origin"": ""Washermenpet"", ""destination"": ""Airport"", ""fare_type"": ""token"", ""transport_mode"": ""metro""}","{""origin_id"": ""METRO_WASHERMENPET"", ""destination_id"": ""METRO_CHENNAI_INTERNATIONAL_AIRPORT""}",ANSWERABLE_NOW,template_instantiation,TMPL_FARE_CALCULATION_EN_13
PILOT_T2_TR_001930,,SFAM_REALTIME_STATUS_QUERY_009,FAM_REALTIME_STATUS_QUERY_009,PARA_REALTIME_STATUS_QUERY_8_2,T2_MEDIUM_V1,realtime_status_query,REJECT_UNSUPPORTED_REALTIME,Quick check: Bus 29A ka real time current gps location update kahan pahuncha? [track F9] #4,hi,Latn,CS0,N0,"{""route_number"": ""29A"", ""transport_mode"": ""bus""}","{""route_id"": ""GTFS_ROUTE_18751""}",REQUIRES_REALTIME_DATA,template_instantiation,TMPL_REALTIME_STATUS_QUERY_HI_LATN_8
PILOT_T2_TR_001931,,SFAM_TICKETING_AND_PASSES_003,FAM_TICKETING_AND_PASSES_003,PARA_TICKETING_AND_PASSES_2_0,T2_MEDIUM_V1,ticketing_rules,GET_TICKETING_POLICY,"Excuse me, What are the rules and procedure to purchase a WhatsApp QR Ticket for commuters? [pass F3] #6",en,Latn,CS0,N0,"{""ticket_type"": ""qr_ticket"", ""transport_mode"": ""transit""}",{},ANSWERABLE_NOW,template_instantiation,TMPL_TICKETING_AND_PASSES_EN_2
PILOT_T2_TR_001932,,SFAM_INTERCHANGE_TRANSFER_009,FAM_INTERCHANGE_TRANSFER_009,PARA_INTERCHANGE_TRANSFER_8_0,T2_MEDIUM_V1,interchange_query,GET_INTERCHANGE_DETAILS,How do I switch lines to connect towards Saidapet at Thirumangalam interchange? [xfer F9],en,Latn,CS0,N0,"{""station"": ""Thirumangalam"", ""destination"": ""Saidapet"", ""facility_type"": ""interchange""}","{""station_id"": ""METRO_THIRUMANGALAM"", ""destination_id"": ""METRO_SAIDAPET""}",ANSWERABLE_AFTER_MANUAL_VERIFICATION,template_instantiation,TMPL_INTERCHANGE_TRANSFER_EN_8
PILOT_T2_TR_001933,,SFAM_NEAREST_TRANSPORT_009,FAM_NEAREST_TRANSPORT_009,PARA_NEAREST_TRANSPORT_8_3,T2_MEDIUM_V1,nearest_transport,FIND_NEAREST_STATION,"Excuse me, Find closest public transport access point near Karpaga Institute (F9) #6",hi-en,Latn,CS3,N2,"{""landmark"": ""Karpaga Institute"", ""transport_mode"": ""public transport""}","{""place_id"": ""OSM_POI_3082849503""}",ANSWERABLE_NOW,template_instantiation,TMPL_NEAREST_TRANSPORT_HINGLISH_LATN_8
PILOT_T2_TR_001934,,SFAM_REALTIME_STATUS_QUERY_002,FAM_REALTIME_STATUS_QUERY_002,PARA_REALTIME_STATUS_QUERY_1_1,T2_MEDIUM_V1,realtime_status_query,REJECT_UNSUPPORTED_REALTIME,क्या चेन्नई सेंट्रल से आने वाली ट्रेन अभी लेट चल रही है लाइव स्थिति बताएं? (ताज़ा F2),hi,Deva,CS0,N0,"{""origin"": ""चेन्नई सेंट्रल"", ""transport_mode"": ""ट्रेन""}","{""origin_id"": ""METRO_PURATCHI_THALAIVAR_DR__M_G_RAMACHANDRAN_CENTRAL""}",REQUIRES_REALTIME_DATA,template_instantiation,TMPL_REALTIME_STATUS_QUERY_HI_DEVA_1
PILOT_T2_TR_001935,,SFAM_MULTIMODAL_ROUTE_011,FAM_MULTIMODAL_ROUTE_011,PARA_MULTIMODAL_ROUTE_10_3,T2_MEDIUM_V1,route_query,PLAN_MULTIMODAL_ROUTE,Can you give combined bus and train route from Kalpakkam to Nehru Park (F11)?,hi-en,Latn,CS3,N0,"{""origin"": ""Kalpakkam"", ""destination"": ""Nehru Park"", ""transport_mode"": ""bus and train""}","{""origin_id"": ""BUS_30143150"", ""destination_id"": ""METRO_NEHRU_PARK""}",ANSWERABLE_WITH_PROVISIONAL_DATA,template_instantiation,TMPL_MULTIMODAL_ROUTE_HINGLISH_LATN_10
PILOT_T2_TR_001936,,SFAM_OUT_OF_SCOPE_015,FAM_OUT_OF_SCOPE_015,PARA_OUT_OF_SCOPE_14_0,T2_MEDIUM_V1,out_of_scope,REJECT_OUT_OF_SCOPE,"Excuse me, Book a private cab taxi ride from Little Mount to Chennai Central. [cab F15] #6",en,Latn,CS0,N0,"{""origin"": ""Little Mount"", ""destination"": ""Chennai Central""}","{""origin_id"": ""METRO_LITTLE_MOUNT"", ""destination_id"": ""METRO_PURATCHI_THALAIVAR_DR__M_G_RAMACHANDRAN_CENTRAL""}",OUT_OF_SCOPE,template_instantiation,TMPL_OUT_OF_SCOPE_EN_14
PILOT_T2_TR_001937,,SFAM_ROUTE_STOP_SEQUENCE_002,FAM_ROUTE_STOP_SEQUENCE_002,PARA_ROUTE_STOP_SEQUENCE_1_1,T2_MEDIUM_V1,route_stops,LIST_ROUTE_STOPS,Could you specify बस रूट 102 के सभी ठहरावों की क्रमबद्ध सूची दिखाएं। (क्रम F2)? #3,hi,Deva,CS0,N1,"{""route_number"": ""102"", ""transport_mode"": ""बस""}","{""route_id"": ""GTFS_ROUTE_16861""}",ANSWERABLE_WITH_PROVISIONAL_DATA,template_instantiation,TMPL_ROUTE_STOP_SEQUENCE_HI_DEVA_1
PILOT_T2_TR_001938,,SFAM_TICKETING_AND_PASSES_019,FAM_TICKETING_AND_PASSES_019,PARA_TICKETING_AND_PASSES_18_3,T2_MEDIUM_V1,ticketing_rules,GET_TICKETING_POLICY,Please tell: How can regular passengers apply for and renew Monthly Season Pass (F19)? #2,hi-en,Latn,CS3,N0,"{""ticket_type"": ""monthly_pass"", ""transport_mode"": ""transit""}",{},ANSWERABLE_NOW,template_instantiation,TMPL_TICKETING_AND_PASSES_HINGLISH_LATN_18
PILOT_T2_TR_001939,,SFAM_OUT_OF_SCOPE_014,FAM_OUT_OF_SCOPE_014,PARA_OUT_OF_SCOPE_13_3,T2_MEDIUM_V1,out_of_scope,REJECT_OUT_OF_SCOPE,Quick check: What is the general weather rain forecast in Chennai near Maritime Institute today (F14)? #4,hi-en,Latn,CS3,N0,"{""landmark"": ""Maritime Institute""}","{""place_id"": ""OSM_POI_314081186""}",OUT_OF_SCOPE,template_instantiation,TMPL_OUT_OF_SCOPE_HINGLISH_LATN_13
PILOT_T2_TR_001940,,SFAM_TICKETING_AND_PASSES_012,FAM_TICKETING_AND_PASSES_012,PARA_TICKETING_AND_PASSES_11_2,T2_MEDIUM_V1,ticketing_rules,GET_TICKETING_POLICY,Could you specify ncmc card recharge karne ka guidelines aur validity rule bataye. [card F12]? #3,hi,Latn,CS0,N0,"{""ticket_type"": ""ncmc_card"", ""transport_mode"": ""transit""}",{},ANSWERABLE_NOW,template_instantiation,TMPL_TICKETING_AND_PASSES_HI_LATN_11
PILOT_T2_TR_001941,,SFAM_NEAREST_TRANSPORT_013,FAM_NEAREST_TRANSPORT_013,PARA_NEAREST_TRANSPORT_12_2,T2_MEDIUM_V1,nearest_transport,FIND_NEAREST_STATION,Could you specify great lakes institute se closest walking distance metro transit point kaunsa hai? [paas F13]? #3,hi,Latn,CS0,N0,"{""landmark"": ""great lakes institute"", ""transport_mode"": ""metro""}","{""place_id"": ""OSM_POI_577328882""}",ANSWERABLE_NOW,template_instantiation,TMPL_NEAREST_TRANSPORT_HI_LATN_12
PILOT_T2_TR_001942,,SFAM_REALTIME_STATUS_QUERY_001,FAM_REALTIME_STATUS_QUERY_001,PARA_REALTIME_STATUS_QUERY_0_0,T2_MEDIUM_V1,realtime_status_query,REJECT_UNSUPPORTED_REALTIME,"Excuse me, Where is bus 21G right now and what is its live location? [live F1] #6",en,Latn,CS0,N0,"{""route_number"": ""21G"", ""transport_mode"": ""bus""}","{""route_id"": ""GTFS_ROUTE_8458""}",REQUIRES_REALTIME_DATA,template_instantiation,TMPL_REALTIME_STATUS_QUERY_EN_0
PILOT_T2_TR_001943,,SFAM_INTERCHANGE_TRANSFER_015,FAM_INTERCHANGE_TRANSFER_015,PARA_INTERCHANGE_TRANSFER_14_0,T2_MEDIUM_V1,interchange_query,GET_INTERCHANGE_DETAILS,Could you specify How do I switch lines to connect towards Chennai Central at Little Mount interchange? [xfer F15]? #3,en,Latn,CS0,N0,"{""station"": ""Little Mount"", ""destination"": ""Chennai Central"", ""facility_type"": ""interchange""}","{""station_id"": ""METRO_LITTLE_MOUNT"", ""destination_id"": ""METRO_PURATCHI_THALAIVAR_DR__M_G_RAMACHANDRAN_CENTRAL""}",ANSWERABLE_AFTER_MANUAL_VERIFICATION,template_instantiation,TMPL_INTERCHANGE_TRANSFER_EN_14
PILOT_T2_TR_001944,,SFAM_OUT_OF_SCOPE_009,FAM_OUT_OF_SCOPE_009,PARA_OUT_OF_SCOPE_8_1,T2_MEDIUM_V1,out_of_scope,REJECT_OUT_OF_SCOPE,Could you specify तिरुमंगलम के निकटतम सबसे अच्छे रेस्टोरेंट और भोजनालय की सूची दें। (बाहर F9)? #3,hi,Deva,CS0,N0,"{""station"": ""तिरुमंगलम""}","{""station_id"": ""METRO_THIRUMANGALAM""}",OUT_OF_SCOPE,template_instantiation,TMPL_OUT_OF_SCOPE_HI_DEVA_8
PILOT_T2_TR_001945,,SFAM_ROUTE_STOP_MEMBERSHIP_019,FAM_ROUTE_STOP_MEMBERSHIP_019,PARA_ROUTE_STOP_MEMBERSHIP_18_4,T2_MEDIUM_V1,route_stops,CHECK_STOP_ON_ROUTE,क्या route 570 bus Adyar पर rukegi verification F19?,hi-en,Deva+Latn,CS4,N2,"{""route_number"": ""570"", ""stop"": ""Adyar"", ""transport_mode"": ""bus""}","{""route_id"": ""GTFS_ROUTE_17967"", ""stop_id"": ""BUS_2587520213""}",ANSWERABLE_WITH_PROVISIONAL_DATA,template_instantiation,TMPL_ROUTE_STOP_MEMBERSHIP_MIXED_SCRIPT_CS_18
PILOT_T2_TR_001946,,SFAM_MODE_AVAILABILITY_001,FAM_MODE_AVAILABILITY_001,PARA_MODE_AVAILABILITY_0_0,T2_MEDIUM_V1,service_availability,CHECK_SERVICE_AVAILABILITY,Are there direct public transport options from Airport to Tambaram? [avail F1],en,Latn,CS0,N0,"{""origin"": ""Airport"", ""destination"": ""Tambaram"", ""transport_mode"": ""any""}","{""origin_id"": ""METRO_CHENNAI_INTERNATIONAL_AIRPORT"", ""destination_id"": ""BUS_5304399879""}",ANSWERABLE_WITH_PROVISIONAL_DATA,template_instantiation,TMPL_MODE_AVAILABILITY_EN_0
PILOT_T2_TR_001947,,SFAM_NEAREST_TRANSPORT_003,FAM_NEAREST_TRANSPORT_003,PARA_NEAREST_TRANSPORT_2_4,T2_MEDIUM_V1,nearest_transport,FIND_NEAREST_STATION,Please tell: Great Lakes Institute ke pass nearest metro stop connection distance bataye F3 #2,hi-en,Deva+Latn,CS4,N0,"{""landmark"": ""Great Lakes Institute"", ""transport_mode"": ""metro""}","{""place_id"": ""OSM_POI_577328882""}",ANSWERABLE_NOW,template_instantiation,TMPL_NEAREST_TRANSPORT_MIXED_SCRIPT_CS_2
PILOT_T2_TR_001948,,SFAM_STATION_ACCESSIBILITY_008,FAM_STATION_ACCESSIBILITY_008,PARA_STATION_ACCESSIBILITY_7_4,T2_MEDIUM_V1,accessibility,GET_ACCESSIBILITY_INFO,Could you specify High Court station par handicapped passengers ke liye escalator stairs support status F8? #3,hi-en,Deva+Latn,CS4,N0,"{""station"": ""High Court"", ""accessibility_feature"": ""escalator"", ""transport_mode"": ""metro""}","{""station_id"": ""METRO_HIGHCOURT""}",ANSWERABLE_NOW,template_instantiation,TMPL_STATION_ACCESSIBILITY_MIXED_SCRIPT_CS_7
PILOT_T2_TR_001949,,SFAM_SERVICE_FREQUENCY_018,FAM_SERVICE_FREQUENCY_018,PARA_SERVICE_FREQUENCY_17_1,T2_MEDIUM_V1,service_timing,GET_SERVICE_FREQUENCY,नेहरू पार्क और सीएमबीटी के बीच मेट्रो हर कितने मिनट के अंतराल पर चलती है? (आवृत्ति F18),hi,Deva,CS0,N0,"{""origin"": ""नेहरू पार्क"", ""destination"": ""सीएमबीटी"", ""timing_type"": ""frequency"", ""transport_mode"": ""मेट्रो""}","{""origin_id"": ""METRO_NEHRU_PARK"", ""destination_id"": ""METRO_PURATCHI_THALAIVI_DR_J_JAYALALITHAA_CMBT""}",ANSWERABLE_NOW,template_instantiation,TMPL_SERVICE_FREQUENCY_HI_DEVA_17
PILOT_T2_TR_001950,,SFAM_NEAREST_TRANSPORT_013,FAM_NEAREST_TRANSPORT_013,PARA_NEAREST_TRANSPORT_12_3,T2_MEDIUM_V1,nearest_transport,FIND_NEAREST_STATION,Quick check: Find closest public transport access point near Great Lakes Institute (F13) #4,hi-en,Latn,CS3,N0,"{""landmark"": ""Great Lakes Institute"", ""transport_mode"": ""public transport""}","{""place_id"": ""OSM_POI_577328882""}",ANSWERABLE_NOW,template_instantiation,TMPL_NEAREST_TRANSPORT_HINGLISH_LATN_12
PILOT_T2_TR_001951,,SFAM_REALTIME_STATUS_QUERY_009,FAM_REALTIME_STATUS_QUERY_009,PARA_REALTIME_STATUS_QUERY_8_1,T2_MEDIUM_V1,realtime_status_query,REJECT_UNSUPPORTED_REALTIME,Transit query: क्या तिरुमंगलम से आने वाली ट्रेन अभी लेट चल रही है लाइव स्थिति बताएं? (ताज़ा F9) #5,hi,Deva,CS0,N2,"{""origin"": ""तिरुमंगलम"", ""transport_mode"": ""ट्रेन""}","{""origin_id"": ""METRO_THIRUMANGALAM""}",REQUIRES_REALTIME_DATA,template_instantiation,TMPL_REALTIME_STATUS_QUERY_HI_DEVA_8
PILOT_T2_TR_001952,,SFAM_ROUTE_STOP_MEMBERSHIP_012,FAM_ROUTE_STOP_MEMBERSHIP_012,PARA_ROUTE_STOP_MEMBERSHIP_11_0,T2_MEDIUM_V1,route_stops,CHECK_STOP_ON_ROUTE,Could you specify Does bus route 22 CT make a scheduled halt at Walajabad? [chk F12]? #3,en,Latn,CS0,N0,"{""route_number"": ""22 CT"", ""stop"": ""Walajabad"", ""transport_mode"": ""bus""}","{""route_id"": ""GTFS_ROUTE_18753"", ""stop_id"": ""BUS_261716087""}",ANSWERABLE_WITH_PROVISIONAL_DATA,template_instantiation,TMPL_ROUTE_STOP_MEMBERSHIP_EN_11
PILOT_T2_TR_001953,,SFAM_MULTIMODAL_ROUTE_011,FAM_MULTIMODAL_ROUTE_011,PARA_MULTIMODAL_ROUTE_10_0,T2_MEDIUM_V1,route_query,PLAN_MULTIMODAL_ROUTE,What is the combined bus and metro route from Kalpakkam to Nehru Park? [plan F11],en,Latn,CS0,N0,"{""origin"": ""Kalpakkam"", ""destination"": ""Nehru Park"", ""transport_mode"": ""multimodal""}","{""origin_id"": ""BUS_30143150"", ""destination_id"": ""METRO_NEHRU_PARK""}",ANSWERABLE_WITH_PROVISIONAL_DATA,template_instantiation,TMPL_MULTIMODAL_ROUTE_EN_10
PILOT_T2_TR_001954,,SFAM_STATION_ACCESSIBILITY_011,FAM_STATION_ACCESSIBILITY_011,PARA_STATION_ACCESSIBILITY_10_0,T2_MEDIUM_V1,accessibility,GET_ACCESSIBILITY_INFO,Quick check: Are tactile floor paths provisions available for differently abled passengers at Egmore? [a11y F11] #4,en,Latn,CS0,N0,"{""station"": ""Egmore"", ""accessibility_feature"": ""tactile_path"", ""transport_mode"": ""metro""}","{""station_id"": ""METRO_EGMORE""}",ANSWERABLE_NOW,template_instantiation,TMPL_STATION_ACCESSIBILITY_EN_10
PILOT_T2_TR_001955,,SFAM_INTERCHANGE_TRANSFER_003,FAM_INTERCHANGE_TRANSFER_003,PARA_INTERCHANGE_TRANSFER_2_3,T2_MEDIUM_V1,interchange_query,GET_INTERCHANGE_DETAILS,Transit query: Transfer walking time and directions at Guindy multimodal terminal (F3) #5,hi-en,Latn,CS3,N0,"{""station"": ""Guindy"", ""facility_type"": ""interchange""}","{""station_id"": ""METRO_GUINDY""}",ANSWERABLE_AFTER_MANUAL_VERIFICATION,template_instantiation,TMPL_INTERCHANGE_TRANSFER_HINGLISH_LATN_2
PILOT_T2_TR_001956,,SFAM_OUT_OF_SCOPE_003,FAM_OUT_OF_SCOPE_003,PARA_OUT_OF_SCOPE_2_0,T2_MEDIUM_V1,out_of_scope,REJECT_OUT_OF_SCOPE,Please tell: Book a private cab taxi ride from Guindy to Anna Nagar Tower. [cab F3] #2,en,Latn,CS0,N0,"{""origin"": ""Guindy"", ""destination"": ""Anna Nagar Tower""}","{""origin_id"": ""METRO_GUINDY"", ""destination_id"": ""METRO_ANNA_NAGAR_TOWER""}",OUT_OF_SCOPE,template_instantiation,TMPL_OUT_OF_SCOPE_EN_2
PILOT_T2_TR_001957,,SFAM_SERVICE_FREQUENCY_003,FAM_SERVICE_FREQUENCY_003,PARA_SERVICE_FREQUENCY_2_0,T2_MEDIUM_V1,service_timing,GET_SERVICE_FREQUENCY,Please tell: How many minutes between trains on the line connecting Guindy and Anna Nagar Tower? [freq F3] #2,en,Latn,CS0,N0,"{""origin"": ""Guindy"", ""destination"": ""Anna Nagar Tower"", ""timing_type"": ""frequency"", ""transport_mode"": ""metro""}","{""origin_id"": ""METRO_GUINDY"", ""destination_id"": ""METRO_ANNA_NAGAR_TOWER""}",ANSWERABLE_NOW,template_instantiation,TMPL_SERVICE_FREQUENCY_EN_2
PILOT_T2_TR_001958,,SFAM_STATION_ACCESSIBILITY_017,FAM_STATION_ACCESSIBILITY_017,PARA_STATION_ACCESSIBILITY_16_1,T2_MEDIUM_V1,accessibility,GET_ACCESSIBILITY_INFO,Could you specify क्या सेंट थॉमस माउंट स्टेशन पर दिव्यांग यात्रियों के लिए व्हीलचेयर रैंप उपलब्ध है? (सुलभता F17)? #3,hi,Deva,CS0,N0,"{""station"": ""सेंट थॉमस माउंट"", ""accessibility_feature"": ""wheelchair"", ""transport_mode"": ""मेट्रो""}","{""station_id"": ""METRO_ST__THOMAS_MOUNT""}",ANSWERABLE_NOW,template_instantiation,TMPL_STATION_ACCESSIBILITY_HI_DEVA_16
PILOT_T2_TR_001959,,SFAM_SERVICE_FREQUENCY_003,FAM_SERVICE_FREQUENCY_003,PARA_SERVICE_FREQUENCY_2_2,T2_MEDIUM_V1,service_timing,GET_SERVICE_FREQUENCY,guindy to anna nagar tower metro service ka regular interval headway kya hai? [interval F3],hi,Latn,CS0,N0,"{""origin"": ""guindy"", ""destination"": ""anna nagar tower"", ""timing_type"": ""frequency"", ""transport_mode"": ""metro""}","{""origin_id"": ""METRO_GUINDY"", ""destination_id"": ""METRO_ANNA_NAGAR_TOWER""}",ANSWERABLE_NOW,template_instantiation,TMPL_SERVICE_FREQUENCY_HI_LATN_2
PILOT_T2_TR_001960,,SFAM_MODE_AVAILABILITY_001,FAM_MODE_AVAILABILITY_001,PARA_MODE_AVAILABILITY_0_2,T2_MEDIUM_V1,service_availability,CHECK_SERVICE_AVAILABILITY,Quick check: airport se tambaram tak direct transit options available hain kya? [suvidha F1] #4,hi,Latn,CS0,N0,"{""origin"": ""airport"", ""destination"": ""tambaram"", ""transport_mode"": ""any""}","{""origin_id"": ""METRO_CHENNAI_INTERNATIONAL_AIRPORT"", ""destination_id"": ""BUS_5304399879""}",ANSWERABLE_WITH_PROVISIONAL_DATA,template_instantiation,TMPL_MODE_AVAILABILITY_HI_LATN_0
PILOT_T2_TR_001961,,SFAM_INTERCHANGE_TRANSFER_011,FAM_INTERCHANGE_TRANSFER_011,PARA_INTERCHANGE_TRANSFER_10_0,T2_MEDIUM_V1,interchange_query,GET_INTERCHANGE_DETAILS,Transit query: How do I switch lines to connect towards Nehru Park at Egmore interchange? [xfer F11] #5,en,Latn,CS0,N0,"{""station"": ""Egmore"", ""destination"": ""Nehru Park"", ""facility_type"": ""interchange""}","{""station_id"": ""METRO_EGMORE"", ""destination_id"": ""METRO_NEHRU_PARK""}",ANSWERABLE_AFTER_MANUAL_VERIFICATION,template_instantiation,TMPL_INTERCHANGE_TRANSFER_EN_10
PILOT_T2_TR_001962,,SFAM_FARE_CALCULATION_003,FAM_FARE_CALCULATION_003,PARA_FARE_CALCULATION_2_0,T2_MEDIUM_V1,fare_query,CALCULATE_FARE,Please tell: What is the single-journey ticket fare from Guindy to Anna Nagar Tower on metro? [fare F3] #2,en,Latn,CS0,N0,"{""origin"": ""Guindy"", ""destination"": ""Anna Nagar Tower"", ""fare_type"": ""token"", ""transport_mode"": ""metro""}","{""origin_id"": ""METRO_GUINDY"", ""destination_id"": ""METRO_ANNA_NAGAR_TOWER""}",ANSWERABLE_NOW,template_instantiation,TMPL_FARE_CALCULATION_EN_2
PILOT_T2_TR_001963,,SFAM_OUT_OF_SCOPE_009,FAM_OUT_OF_SCOPE_009,PARA_OUT_OF_SCOPE_8_4,T2_MEDIUM_V1,out_of_scope,REJECT_OUT_OF_SCOPE,Please tell: Thirumangalam ke pass hotel reservation aur movie ticket booking service F9 #2,hi-en,Deva+Latn,CS4,N0,"{""station"": ""Thirumangalam""}","{""station_id"": ""METRO_THIRUMANGALAM""}",OUT_OF_SCOPE,template_instantiation,TMPL_OUT_OF_SCOPE_MIXED_SCRIPT_CS_8
PILOT_T2_TR_001964,,SFAM_NEAREST_TRANSPORT_012,FAM_NEAREST_TRANSPORT_012,PARA_NEAREST_TRANSPORT_11_3,T2_MEDIUM_V1,nearest_transport,FIND_NEAREST_STATION,Transit query: Find closest public transport access point near IIT Madras (F12) #5,hi-en,Latn,CS3,N1,"{""landmark"": ""IIT Madras"", ""transport_mode"": ""public transport""}","{""place_id"": ""OSM_POI_11013406019""}",ANSWERABLE_NOW,template_instantiation,TMPL_NEAREST_TRANSPORT_HINGLISH_LATN_11
PILOT_T2_TR_001965,,SFAM_OUT_OF_SCOPE_001,FAM_OUT_OF_SCOPE_001,PARA_OUT_OF_SCOPE_0_0,T2_MEDIUM_V1,out_of_scope,REJECT_OUT_OF_SCOPE,Book a private cab taxi ride from Airport to High Court. [cab F1],en,Latn,CS0,N0,"{""origin"": ""Airport"", ""destination"": ""High Court""}","{""origin_id"": ""METRO_CHENNAI_INTERNATIONAL_AIRPORT"", ""destination_id"": ""METRO_HIGHCOURT""}",OUT_OF_SCOPE,template_instantiation,TMPL_OUT_OF_SCOPE_EN_0
PILOT_T2_TR_001966,,SFAM_NEAREST_TRANSPORT_014,FAM_NEAREST_TRANSPORT_014,PARA_NEAREST_TRANSPORT_13_3,T2_MEDIUM_V1,nearest_transport,FIND_NEAREST_STATION,Find closest public transport access point near Maritime Institute (F14),hi-en,Latn,CS3,N0,"{""landmark"": ""Maritime Institute"", ""transport_mode"": ""public transport""}","{""place_id"": ""OSM_POI_314081186""}",ANSWERABLE_NOW,template_instantiation,TMPL_NEAREST_TRANSPORT_HINGLISH_LATN_13
PILOT_T2_TR_001967,,SFAM_POINT_TO_POINT_ROUTE_019,FAM_POINT_TO_POINT_ROUTE_019,PARA_POINT_TO_POINT_ROUTE_18_3,T2_MEDIUM_V1,route_query,PLAN_ROUTE,Please tell: Kilpauk to Koyambedu metro ride ka best direct route bataiye (F19) #2,hi-en,Latn,CS3,N0,"{""origin"": ""Kilpauk"", ""destination"": ""Koyambedu"", ""transport_mode"": ""metro""}","{""origin_id"": ""METRO_KILPAUK"", ""destination_id"": ""METRO_KOYAMBEDU""}",ANSWERABLE_WITH_PROVISIONAL_DATA,template_instantiation,TMPL_POINT_TO_POINT_ROUTE_HINGLISH_LATN_18
PILOT_T2_TR_001968,,SFAM_INTERCHANGE_TRANSFER_010,FAM_INTERCHANGE_TRANSFER_010,PARA_INTERCHANGE_TRANSFER_9_0,T2_MEDIUM_V1,interchange_query,GET_INTERCHANGE_DETAILS,How do I switch lines to connect towards St. Thomas Mount at Anna Nagar Tower interchange? [xfer F10],en,Latn,CS0,N0,"{""station"": ""Anna Nagar Tower"", ""destination"": ""St. Thomas Mount"", ""facility_type"": ""interchange""}","{""station_id"": ""METRO_ANNA_NAGAR_TOWER"", ""destination_id"": ""METRO_ST__THOMAS_MOUNT""}",ANSWERABLE_AFTER_MANUAL_VERIFICATION,template_instantiation,TMPL_INTERCHANGE_TRANSFER_EN_9
PILOT_T2_TR_001969,,SFAM_TICKETING_AND_PASSES_016,FAM_TICKETING_AND_PASSES_016,PARA_TICKETING_AND_PASSES_15_4,T2_MEDIUM_V1,ticketing_rules,GET_TICKETING_POLICY,Please tell: Commuter Tourist One-Day Pass ke application aur terms ki complete details F16 #2,hi-en,Deva+Latn,CS4,N0,"{""ticket_type"": ""tourist_card"", ""transport_mode"": ""transit""}",{},ANSWERABLE_NOW,template_instantiation,TMPL_TICKETING_AND_PASSES_MIXED_SCRIPT_CS_15
PILOT_T2_TR_001970,,SFAM_MULTIMODAL_ROUTE_011,FAM_MULTIMODAL_ROUTE_011,PARA_MULTIMODAL_ROUTE_10_3,T2_MEDIUM_V1,route_query,PLAN_MULTIMODAL_ROUTE,Please tell: Can you give combined bus and train route from Kalpakkam to Nehru Park (F11)? #2,hi-en,Latn,CS3,N0,"{""origin"": ""Kalpakkam"", ""destination"": ""Nehru Park"", ""transport_mode"": ""bus and train""}","{""origin_id"": ""BUS_30143150"", ""destination_id"": ""METRO_NEHRU_PARK""}",ANSWERABLE_WITH_PROVISIONAL_DATA,template_instantiation,TMPL_MULTIMODAL_ROUTE_HINGLISH_LATN_10
PILOT_T2_TR_001971,,SFAM_MODE_AVAILABILITY_003,FAM_MODE_AVAILABILITY_003,PARA_MODE_AVAILABILITY_2_2,T2_MEDIUM_V1,service_availability,CHECK_SERVICE_AVAILABILITY,guindy se adyar tak direct transit options available hain kya? [suvidha F3],hi,Latn,CS0,N0,"{""origin"": ""guindy"", ""destination"": ""adyar"", ""transport_mode"": ""any""}","{""origin_id"": ""METRO_GUINDY"", ""destination_id"": ""BUS_2587520213""}",ANSWERABLE_WITH_PROVISIONAL_DATA,template_instantiation,TMPL_MODE_AVAILABILITY_HI_LATN_2
PILOT_T2_TR_001972,,SFAM_STATION_ACCESSIBILITY_006,FAM_STATION_ACCESSIBILITY_006,PARA_STATION_ACCESSIBILITY_5_0,T2_MEDIUM_V1,accessibility,GET_ACCESSIBILITY_INFO,Transit query: Are passenger elevator lift provisions available for differently abled passengers at Koyambedu? [a11y F6] #5,en,Latn,CS0,N0,"{""station"": ""Koyambedu"", ""accessibility_feature"": ""lift"", ""transport_mode"": ""metro""}","{""station_id"": ""METRO_KOYAMBEDU""}",ANSWERABLE_NOW,template_instantiation,TMPL_STATION_ACCESSIBILITY_EN_5
PILOT_T2_TR_001973,,SFAM_STATION_ACCESSIBILITY_016,FAM_STATION_ACCESSIBILITY_016,PARA_STATION_ACCESSIBILITY_15_0,T2_MEDIUM_V1,accessibility,GET_ACCESSIBILITY_INFO,Quick check: Are escalator stairs provisions available for differently abled passengers at Saidapet? [a11y F16] #4,en,Latn,CS0,N0,"{""station"": ""Saidapet"", ""accessibility_feature"": ""escalator"", ""transport_mode"": ""metro""}","{""station_id"": ""METRO_SAIDAPET""}",ANSWERABLE_NOW,template_instantiation,TMPL_STATION_ACCESSIBILITY_EN_15
PILOT_T2_TR_001974,,SFAM_INTERCHANGE_TRANSFER_019,FAM_INTERCHANGE_TRANSFER_019,PARA_INTERCHANGE_TRANSFER_18_4,T2_MEDIUM_V1,interchange_query,GET_INTERCHANGE_DETAILS,Kilpauk interchange par line switch connection point details check F19,hi-en,Deva+Latn,CS4,N2,"{""station"": ""Kilpauk"", ""facility_type"": ""interchange""}","{""station_id"": ""METRO_KILPAUK""}",ANSWERABLE_AFTER_MANUAL_VERIFICATION,template_instantiation,TMPL_INTERCHANGE_TRANSFER_MIXED_SCRIPT_CS_18
PILOT_T2_TR_001975,,SFAM_INTERCHANGE_TRANSFER_014,FAM_INTERCHANGE_TRANSFER_014,PARA_INTERCHANGE_TRANSFER_13_0,T2_MEDIUM_V1,interchange_query,GET_INTERCHANGE_DETAILS,Quick check: How do I switch lines to connect towards Airport at Washermenpet interchange? [xfer F14] #4,en,Latn,CS0,N0,"{""station"": ""Washermenpet"", ""destination"": ""Airport"", ""facility_type"": ""interchange""}","{""station_id"": ""METRO_WASHERMENPET"", ""destination_id"": ""METRO_CHENNAI_INTERNATIONAL_AIRPORT""}",ANSWERABLE_AFTER_MANUAL_VERIFICATION,template_instantiation,TMPL_INTERCHANGE_TRANSFER_EN_13
PILOT_T2_TR_001976,,SFAM_MODE_AVAILABILITY_003,FAM_MODE_AVAILABILITY_003,PARA_MODE_AVAILABILITY_2_3,T2_MEDIUM_V1,service_availability,CHECK_SERVICE_AVAILABILITY,Please tell: Is public transit operational connecting Guindy and Adyar (F3)? #2,hi-en,Latn,CS3,N0,"{""origin"": ""Guindy"", ""destination"": ""Adyar"", ""transport_mode"": ""public transit""}","{""origin_id"": ""METRO_GUINDY"", ""destination_id"": ""BUS_2587520213""}",ANSWERABLE_WITH_PROVISIONAL_DATA,template_instantiation,TMPL_MODE_AVAILABILITY_HINGLISH_LATN_2
PILOT_T2_TR_001977,,SFAM_STATION_FACILITIES_017,FAM_STATION_FACILITIES_017,PARA_STATION_FACILITIES_16_1,T2_MEDIUM_V1,station_facilities,GET_STATION_FACILITY,Could you specify क्या सेंट थॉमस माउंट मेट्रो स्टेशन पर कार पार्किंग की व्यवस्था उपलब्ध है? (सुविधा F17)? #3,hi,Deva,CS0,N0,"{""station"": ""सेंट थॉमस माउंट"", ""facility_type"": ""parking"", ""transport_mode"": ""मेट्रो""}","{""station_id"": ""METRO_ST__THOMAS_MOUNT""}",ANSWERABLE_NOW,template_instantiation,TMPL_STATION_FACILITIES_HI_DEVA_16
PILOT_T2_TR_001978,,SFAM_INTERCHANGE_TRANSFER_010,FAM_INTERCHANGE_TRANSFER_010,PARA_INTERCHANGE_TRANSFER_9_2,T2_MEDIUM_V1,interchange_query,GET_INTERCHANGE_DETAILS,Could you specify anna nagar tower hub par metro line change karke st thomas mount kaise jaye? [platform F10]? #3,hi,Latn,CS0,N0,"{""station"": ""anna nagar tower"", ""destination"": ""st thomas mount"", ""facility_type"": ""interchange""}","{""station_id"": ""METRO_ANNA_NAGAR_TOWER"", ""destination_id"": ""METRO_ST__THOMAS_MOUNT""}",ANSWERABLE_AFTER_MANUAL_VERIFICATION,template_instantiation,TMPL_INTERCHANGE_TRANSFER_HI_LATN_9
PILOT_T2_TR_001979,,SFAM_SCHEDULED_DEPARTURE_011,FAM_SCHEDULED_DEPARTURE_011,PARA_SCHEDULED_DEPARTURE_10_2,T2_MEDIUM_V1,service_timing,GET_SCHEDULED_DEPARTURES,egmore se sham 7 baje departure timing schedule bataye. [timetable F11],hi,Latn,CS0,N0,"{""origin"": ""egmore"", ""time"": ""sham 7 baje"", ""resolved_time"": ""19:00:00""}","{""origin_id"": ""METRO_EGMORE""}",ANSWERABLE_NOW,template_instantiation,TMPL_SCHEDULED_DEPARTURE_HI_LATN_10
PILOT_T2_TR_001980,,SFAM_STATION_FACILITIES_019,FAM_STATION_FACILITIES_019,PARA_STATION_FACILITIES_18_3,T2_MEDIUM_V1,station_facilities,GET_STATION_FACILITY,"Excuse me, Does Kilpauk station premises include operational EV vehicle charging (F19)? #6",hi-en,Latn,CS3,N1,"{""station"": ""Kilpauk"", ""facility_type"": ""ev_charging"", ""transport_mode"": ""metro""}","{""station_id"": ""METRO_KILPAUK""}",ANSWERABLE_NOW,template_instantiation,TMPL_STATION_FACILITIES_HINGLISH_LATN_18
PILOT_T2_TR_001981,,SFAM_ROUTE_STOP_SEQUENCE_016,FAM_ROUTE_STOP_SEQUENCE_016,PARA_ROUTE_STOP_SEQUENCE_15_1,T2_MEDIUM_V1,route_stops,LIST_ROUTE_STOPS,बस रूट 21G के सभी ठहरावों की क्रमबद्ध सूची दिखाएं। (क्रम F16),hi,Deva,CS0,N0,"{""route_number"": ""21G"", ""transport_mode"": ""बस""}","{""route_id"": ""GTFS_ROUTE_8458""}",ANSWERABLE_WITH_PROVISIONAL_DATA,template_instantiation,TMPL_ROUTE_STOP_SEQUENCE_HI_DEVA_15
PILOT_T2_TR_001982,,SFAM_REALTIME_STATUS_QUERY_011,FAM_REALTIME_STATUS_QUERY_011,PARA_REALTIME_STATUS_QUERY_10_0,T2_MEDIUM_V1,realtime_status_query,REJECT_UNSUPPORTED_REALTIME,Please tell: Where is bus 11 R right now and what is its live location? [live F11] #2,en,Latn,CS0,N0,"{""route_number"": ""11 R"", ""transport_mode"": ""bus""}","{""route_id"": ""GTFS_ROUTE_23728""}",REQUIRES_REALTIME_DATA,template_instantiation,TMPL_REALTIME_STATUS_QUERY_EN_10
PILOT_T2_TR_001983,,SFAM_FARE_CALCULATION_009,FAM_FARE_CALCULATION_009,PARA_FARE_CALCULATION_8_3,T2_MEDIUM_V1,fare_query,CALCULATE_FARE,Please tell: Calculate fare for travel between Thirumangalam and Saidapet stations (F9) #2,hi-en,Latn,CS3,N0,"{""origin"": ""Thirumangalam"", ""destination"": ""Saidapet"", ""transport_mode"": ""metro""}","{""origin_id"": ""METRO_THIRUMANGALAM"", ""destination_id"": ""METRO_SAIDAPET""}",ANSWERABLE_NOW,template_instantiation,TMPL_FARE_CALCULATION_HINGLISH_LATN_8
PILOT_T2_TR_001984,,SFAM_INTERCHANGE_TRANSFER_003,FAM_INTERCHANGE_TRANSFER_003,PARA_INTERCHANGE_TRANSFER_2_2,T2_MEDIUM_V1,interchange_query,GET_INTERCHANGE_DETAILS,Could you specify guindy hub par metro line change karke anna nagar tower kaise jaye? [platform F3]? #3,hi,Latn,CS0,N0,"{""station"": ""guindy"", ""destination"": ""anna nagar tower"", ""facility_type"": ""interchange""}","{""station_id"": ""METRO_GUINDY"", ""destination_id"": ""METRO_ANNA_NAGAR_TOWER""}",ANSWERABLE_AFTER_MANUAL_VERIFICATION,template_instantiation,TMPL_INTERCHANGE_TRANSFER_HI_LATN_2
PILOT_T2_TR_001985,,SFAM_STATION_ACCESSIBILITY_009,FAM_STATION_ACCESSIBILITY_009,PARA_STATION_ACCESSIBILITY_8_4,T2_MEDIUM_V1,accessibility,GET_ACCESSIBILITY_INFO,Thirumangalam station par handicapped passengers ke liye wheelchair ramp support status F9,hi-en,Deva+Latn,CS4,N0,"{""station"": ""Thirumangalam"", ""accessibility_feature"": ""wheelchair"", ""transport_mode"": ""metro""}","{""station_id"": ""METRO_THIRUMANGALAM""}",ANSWERABLE_NOW,template_instantiation,TMPL_STATION_ACCESSIBILITY_MIXED_SCRIPT_CS_8
PILOT_T2_TR_001986,,SFAM_ROUTE_STOP_SEQUENCE_012,FAM_ROUTE_STOP_SEQUENCE_012,PARA_ROUTE_STOP_SEQUENCE_11_0,T2_MEDIUM_V1,route_stops,LIST_ROUTE_STOPS,Could you specify List every intermediate stop along route 22 CT in order. [seq F12]? #3,en,Latn,CS0,N0,"{""route_number"": ""22 CT"", ""transport_mode"": ""bus""}","{""route_id"": ""GTFS_ROUTE_18753""}",ANSWERABLE_WITH_PROVISIONAL_DATA,template_instantiation,TMPL_ROUTE_STOP_SEQUENCE_EN_11
PILOT_T2_TR_001987,,SFAM_SCHEDULED_DEPARTURE_017,FAM_SCHEDULED_DEPARTURE_017,PARA_SCHEDULED_DEPARTURE_16_1,T2_MEDIUM_V1,service_timing,GET_SCHEDULED_DEPARTURES,Please tell: सेंट थॉमस माउंट से सुबह 8 बजे छूटने वाली गाड़ियों की समय सारणी दिखाएं। (समय F17) #2,hi,Deva,CS0,N0,"{""origin"": ""सेंट थॉमस माउंट"", ""time"": ""सुबह 8 बजे"", ""resolved_time"": ""08:00:00""}","{""origin_id"": ""METRO_ST__THOMAS_MOUNT""}",ANSWERABLE_NOW,template_instantiation,TMPL_SCHEDULED_DEPARTURE_HI_DEVA_16
PILOT_T2_TR_001988,,SFAM_NEAREST_TRANSPORT_018,FAM_NEAREST_TRANSPORT_018,PARA_NEAREST_TRANSPORT_17_1,T2_MEDIUM_V1,nearest_transport,FIND_NEAREST_STATION,Could you specify मदुरंतकम अस्पताल के सबसे निकटतम मेट्रो स्टेशन या बस स्टॉप कौन सा है? (निकट F18)? #3,hi,Deva,CS0,N0,"{""landmark"": ""मदुरंतकम अस्पताल"", ""transport_mode"": ""मेट्रो या बस""}","{""place_id"": ""OSM_POI_7257518777""}",ANSWERABLE_NOW,template_instantiation,TMPL_NEAREST_TRANSPORT_HI_DEVA_17
PILOT_T2_TR_001989,,SFAM_FARE_CALCULATION_009,FAM_FARE_CALCULATION_009,PARA_FARE_CALCULATION_8_3,T2_MEDIUM_V1,fare_query,CALCULATE_FARE,Transit query: Calculate fare for travel between Thirumangalam and Saidapet stations (F9) #5,hi-en,Latn,CS3,N1,"{""origin"": ""Thirumangalam"", ""destination"": ""Saidapet"", ""transport_mode"": ""metro""}","{""origin_id"": ""METRO_THIRUMANGALAM"", ""destination_id"": ""METRO_SAIDAPET""}",ANSWERABLE_NOW,template_instantiation,TMPL_FARE_CALCULATION_HINGLISH_LATN_8
PILOT_T2_TR_001990,,SFAM_ROUTE_STOP_SEQUENCE_001,FAM_ROUTE_STOP_SEQUENCE_001,PARA_ROUTE_STOP_SEQUENCE_0_1,T2_MEDIUM_V1,route_stops,LIST_ROUTE_STOPS,Could you specify बस रूट 21G के सभी ठहरावों की क्रमबद्ध सूची दिखाएं। (क्रम F1)? #3,hi,Deva,CS0,N1,"{""route_number"": ""21G"", ""transport_mode"": ""बस""}","{""route_id"": ""GTFS_ROUTE_8458""}",ANSWERABLE_WITH_PROVISIONAL_DATA,template_instantiation,TMPL_ROUTE_STOP_SEQUENCE_HI_DEVA_0
PILOT_T2_TR_001991,,SFAM_MODE_AVAILABILITY_012,FAM_MODE_AVAILABILITY_012,PARA_MODE_AVAILABILITY_11_1,T2_MEDIUM_V1,service_availability,CHECK_SERVICE_AVAILABILITY,Could you specify क्या थाउजेंड लाइट्स से वालाजाबाद के लिए कोई सार्वजनिक बस या ट्रेन उपलब्ध है? (उपलब्धता F12)? #3,hi,Deva,CS0,N0,"{""origin"": ""थाउजेंड लाइट्स"", ""destination"": ""वालाजाबाद"", ""transport_mode"": ""सार्वजनिक बस या ट्रेन""}","{""origin_id"": ""METRO_THOUSAND_LIGHTS"", ""destination_id"": ""BUS_261716087""}",ANSWERABLE_WITH_PROVISIONAL_DATA,template_instantiation,TMPL_MODE_AVAILABILITY_HI_DEVA_11
PILOT_T2_TR_001992,,SFAM_REALTIME_STATUS_QUERY_018,FAM_REALTIME_STATUS_QUERY_018,PARA_REALTIME_STATUS_QUERY_17_0,T2_MEDIUM_V1,realtime_status_query,REJECT_UNSUPPORTED_REALTIME,Quick check: Where is bus 102A right now and what is its live location? [live F18] #4,en,Latn,CS0,N0,"{""route_number"": ""102A"", ""transport_mode"": ""bus""}","{""route_id"": ""GTFS_ROUTE_10248""}",REQUIRES_REALTIME_DATA,template_instantiation,TMPL_REALTIME_STATUS_QUERY_EN_17
PILOT_T2_TR_001993,,SFAM_TICKETING_AND_PASSES_008,FAM_TICKETING_AND_PASSES_008,PARA_TICKETING_AND_PASSES_7_3,T2_MEDIUM_V1,ticketing_rules,GET_TICKETING_POLICY,Please tell: How can regular passengers apply for and renew Smart Card (F8)? #2,hi-en,Latn,CS3,N0,"{""ticket_type"": ""smart_card"", ""transport_mode"": ""transit""}",{},ANSWERABLE_NOW,template_instantiation,TMPL_TICKETING_AND_PASSES_HINGLISH_LATN_7
PILOT_T2_TR_001994,,SFAM_TICKETING_AND_PASSES_015,FAM_TICKETING_AND_PASSES_015,PARA_TICKETING_AND_PASSES_14_4,T2_MEDIUM_V1,ticketing_rules,GET_TICKETING_POLICY,Please tell: Commuter WhatsApp QR Ticket ke application aur terms ki complete details F15 #2,hi-en,Deva+Latn,CS4,N0,"{""ticket_type"": ""qr_ticket"", ""transport_mode"": ""transit""}",{},ANSWERABLE_NOW,template_instantiation,TMPL_TICKETING_AND_PASSES_MIXED_SCRIPT_CS_14
PILOT_T2_TR_001995,,SFAM_FARE_CALCULATION_002,FAM_FARE_CALCULATION_002,PARA_FARE_CALCULATION_1_2,T2_MEDIUM_V1,fare_query,CALCULATE_FARE,chennai central se thirumangalam metro ride ka standard ticket cost kitna hoga? [kiraya F2],hi,Latn,CS0,N0,"{""origin"": ""chennai central"", ""destination"": ""thirumangalam"", ""transport_mode"": ""metro""}","{""origin_id"": ""METRO_PURATCHI_THALAIVAR_DR__M_G_RAMACHANDRAN_CENTRAL"", ""destination_id"": ""METRO_THIRUMANGALAM""}",ANSWERABLE_NOW,template_instantiation,TMPL_FARE_CALCULATION_HI_LATN_1
PILOT_T2_TR_001996,,SFAM_STATION_FACILITIES_017,FAM_STATION_FACILITIES_017,PARA_STATION_FACILITIES_16_3,T2_MEDIUM_V1,station_facilities,GET_STATION_FACILITY,Please tell: Does St. Thomas Mount station premises include operational car parking (F17)? #2,hi-en,Latn,CS3,N0,"{""station"": ""St. Thomas Mount"", ""facility_type"": ""parking"", ""transport_mode"": ""metro""}","{""station_id"": ""METRO_ST__THOMAS_MOUNT""}",ANSWERABLE_NOW,template_instantiation,TMPL_STATION_FACILITIES_HINGLISH_LATN_16
PILOT_T2_TR_001997,,SFAM_FARE_CALCULATION_015,FAM_FARE_CALCULATION_015,PARA_FARE_CALCULATION_14_3,T2_MEDIUM_V1,fare_query,CALCULATE_FARE,Please tell: Calculate fare for travel between Little Mount and Chennai Central stations (F15) #2,hi-en,Latn,CS3,N0,"{""origin"": ""Little Mount"", ""destination"": ""Chennai Central"", ""transport_mode"": ""metro""}","{""origin_id"": ""METRO_LITTLE_MOUNT"", ""destination_id"": ""METRO_PURATCHI_THALAIVAR_DR__M_G_RAMACHANDRAN_CENTRAL""}",ANSWERABLE_NOW,template_instantiation,TMPL_FARE_CALCULATION_HINGLISH_LATN_14
PILOT_T2_TR_001998,,SFAM_ROUTE_STOP_MEMBERSHIP_009,FAM_ROUTE_STOP_MEMBERSHIP_009,PARA_ROUTE_STOP_MEMBERSHIP_8_1,T2_MEDIUM_V1,route_stops,CHECK_STOP_ON_ROUTE,क्या बस 29A मदुरंतकम स्टॉप पर रुकती है? (जांच F9),hi,Deva,CS0,N0,"{""route_number"": ""29A"", ""stop"": ""मदुरंतकम"", ""transport_mode"": ""बस""}","{""route_id"": ""GTFS_ROUTE_18751"", ""stop_id"": ""BUS_5306412986""}",ANSWERABLE_WITH_PROVISIONAL_DATA,template_instantiation,TMPL_ROUTE_STOP_MEMBERSHIP_HI_DEVA_8
PILOT_T2_TR_001999,,SFAM_TICKETING_AND_PASSES_004,FAM_TICKETING_AND_PASSES_004,PARA_TICKETING_AND_PASSES_3_3,T2_MEDIUM_V1,ticketing_rules,GET_TICKETING_POLICY,"Hello assistant, How can regular passengers apply for and renew Tourist One-Day Pass (F4)? #7",hi-en,Latn,CS3,N0,"{""ticket_type"": ""tourist_card"", ""transport_mode"": ""transit""}",{},ANSWERABLE_NOW,template_instantiation,TMPL_TICKETING_AND_PASSES_HINGLISH_LATN_3
PILOT_T2_TR_002000,,SFAM_ROUTE_STOP_MEMBERSHIP_006,FAM_ROUTE_STOP_MEMBERSHIP_006,PARA_ROUTE_STOP_MEMBERSHIP_5_3,T2_MEDIUM_V1,route_stops,CHECK_STOP_ON_ROUTE,Verify if Poonamallee bus stop is covered by route 29C (F6),hi-en,Latn,CS3,N0,"{""route_number"": ""29C"", ""stop"": ""Poonamallee"", ""transport_mode"": ""bus""}","{""route_id"": ""GTFS_ROUTE_8631"", ""stop_id"": ""BUS_13972050953""}",ANSWERABLE_WITH_PROVISIONAL_DATA,template_instantiation,TMPL_ROUTE_STOP_MEMBERSHIP_HINGLISH_LATN_5
PILOT_T2_TR_002001,,SFAM_MODE_AVAILABILITY_002,FAM_MODE_AVAILABILITY_002,PARA_MODE_AVAILABILITY_1_3,T2_MEDIUM_V1,service_availability,CHECK_SERVICE_AVAILABILITY,"Excuse me, Is public transit operational connecting Chennai Central and Broadway (F2)? #6",hi-en,Latn,CS3,N0,"{""origin"": ""Chennai Central"", ""destination"": ""Broadway"", ""transport_mode"": ""public transit""}","{""origin_id"": ""METRO_PURATCHI_THALAIVAR_DR__M_G_RAMACHANDRAN_CENTRAL"", ""destination_id"": ""BUS_27618346""}",ANSWERABLE_WITH_PROVISIONAL_DATA,template_instantiation,TMPL_MODE_AVAILABILITY_HINGLISH_LATN_1
PILOT_T2_TR_002002,,SFAM_NEAREST_TRANSPORT_009,FAM_NEAREST_TRANSPORT_009,PARA_NEAREST_TRANSPORT_8_0,T2_MEDIUM_V1,nearest_transport,FIND_NEAREST_STATION,"Excuse me, Which is the nearest metro station or transit stop to Karpaga Institute? [loc F9] #6",en,Latn,CS0,N0,"{""landmark"": ""Karpaga Institute"", ""transport_mode"": ""metro""}","{""place_id"": ""OSM_POI_3082849503""}",ANSWERABLE_NOW,template_instantiation,TMPL_NEAREST_TRANSPORT_EN_8
PILOT_T2_TR_002003,,SFAM_INTERCHANGE_TRANSFER_008,FAM_INTERCHANGE_TRANSFER_008,PARA_INTERCHANGE_TRANSFER_7_0,T2_MEDIUM_V1,interchange_query,GET_INTERCHANGE_DETAILS,"Excuse me, How do I switch lines to connect towards Little Mount at High Court interchange? [xfer F8] #6",en,Latn,CS0,N0,"{""station"": ""High Court"", ""destination"": ""Little Mount"", ""facility_type"": ""interchange""}","{""station_id"": ""METRO_HIGHCOURT"", ""destination_id"": ""METRO_LITTLE_MOUNT""}",ANSWERABLE_AFTER_MANUAL_VERIFICATION,template_instantiation,TMPL_INTERCHANGE_TRANSFER_EN_7
PILOT_T2_TR_002004,,SFAM_NEAREST_TRANSPORT_004,FAM_NEAREST_TRANSPORT_004,PARA_NEAREST_TRANSPORT_3_3,T2_MEDIUM_V1,nearest_transport,FIND_NEAREST_STATION,Could you specify Find closest public transport access point near Maritime Institute (F4)? #3,hi-en,Latn,CS3,N1,"{""landmark"": ""Maritime Institute"", ""transport_mode"": ""public transport""}","{""place_id"": ""OSM_POI_314081186""}",ANSWERABLE_NOW,template_instantiation,TMPL_NEAREST_TRANSPORT_HINGLISH_LATN_3
PILOT_T2_TR_002005,,SFAM_INTERCHANGE_TRANSFER_016,FAM_INTERCHANGE_TRANSFER_016,PARA_INTERCHANGE_TRANSFER_15_3,T2_MEDIUM_V1,interchange_query,GET_INTERCHANGE_DETAILS,Transit query: Transfer walking time and directions at Saidapet multimodal terminal (F16) #5,hi-en,Latn,CS3,N0,"{""station"": ""Saidapet"", ""facility_type"": ""interchange""}","{""station_id"": ""METRO_SAIDAPET""}",ANSWERABLE_AFTER_MANUAL_VERIFICATION,template_instantiation,TMPL_INTERCHANGE_TRANSFER_HINGLISH_LATN_15
PILOT_T2_TR_002006,,SFAM_MODE_AVAILABILITY_017,FAM_MODE_AVAILABILITY_017,PARA_MODE_AVAILABILITY_16_4,T2_MEDIUM_V1,service_availability,CHECK_SERVICE_AVAILABILITY,क्या St. Thomas Mount से Tambaram transport line active hai mode info F17,hi-en,Deva+Latn,CS4,N2,"{""origin"": ""St. Thomas Mount"", ""destination"": ""Tambaram"", ""transport_mode"": ""transport""}","{""origin_id"": ""METRO_ST__THOMAS_MOUNT"", ""destination_id"": ""BUS_5304399879""}",ANSWERABLE_WITH_PROVISIONAL_DATA,template_instantiation,TMPL_MODE_AVAILABILITY_MIXED_SCRIPT_CS_16
PILOT_T2_TR_002007,,SFAM_ROUTE_STOP_MEMBERSHIP_012,FAM_ROUTE_STOP_MEMBERSHIP_012,PARA_ROUTE_STOP_MEMBERSHIP_11_2,T2_MEDIUM_V1,route_stops,CHECK_STOP_ON_ROUTE,Please tell: kya bus 22 CT ka walajabad par stoppage hai confirm kare? [check F12] #2,hi,Latn,CS0,N0,"{""route_number"": ""22 CT"", ""stop"": ""walajabad"", ""transport_mode"": ""bus""}","{""route_id"": ""GTFS_ROUTE_18753"", ""stop_id"": ""BUS_261716087""}",ANSWERABLE_WITH_PROVISIONAL_DATA,template_instantiation,TMPL_ROUTE_STOP_MEMBERSHIP_HI_LATN_11
PILOT_T2_TR_002008,,SFAM_FARE_CALCULATION_015,FAM_FARE_CALCULATION_015,PARA_FARE_CALCULATION_14_0,T2_MEDIUM_V1,fare_query,CALCULATE_FARE,"Excuse me, What is the single-journey ticket fare from Little Mount to Chennai Central on metro? [fare F15] #6",en,Latn,CS0,N0,"{""origin"": ""Little Mount"", ""destination"": ""Chennai Central"", ""fare_type"": ""token"", ""transport_mode"": ""metro""}","{""origin_id"": ""METRO_LITTLE_MOUNT"", ""destination_id"": ""METRO_PURATCHI_THALAIVAR_DR__M_G_RAMACHANDRAN_CENTRAL""}",ANSWERABLE_NOW,template_instantiation,TMPL_FARE_CALCULATION_EN_14
PILOT_T2_TR_002009,,SFAM_TICKETING_AND_PASSES_015,FAM_TICKETING_AND_PASSES_015,PARA_TICKETING_AND_PASSES_14_0,T2_MEDIUM_V1,ticketing_rules,GET_TICKETING_POLICY,Please tell: What are the rules and procedure to purchase a WhatsApp QR Ticket for commuters? [pass F15] #2,en,Latn,CS0,N0,"{""ticket_type"": ""qr_ticket"", ""transport_mode"": ""transit""}",{},ANSWERABLE_NOW,template_instantiation,TMPL_TICKETING_AND_PASSES_EN_14
PILOT_T2_TR_002010,,SFAM_INTERCHANGE_TRANSFER_014,FAM_INTERCHANGE_TRANSFER_014,PARA_INTERCHANGE_TRANSFER_13_1,T2_MEDIUM_V1,interchange_query,GET_INTERCHANGE_DETAILS,Could you specify वॉशरमैनपेट इंटरचेंज पर दूसरी लाइन में ट्रांसफर करने का मार्ग क्या है? (बदलाव F14)? #3,hi,Deva,CS0,N0,"{""station"": ""वॉशरमैनपेट"", ""facility_type"": ""इंटरचेंज""}","{""station_id"": ""METRO_WASHERMENPET""}",ANSWERABLE_AFTER_MANUAL_VERIFICATION,template_instantiation,TMPL_INTERCHANGE_TRANSFER_HI_DEVA_13
PILOT_T2_TR_002011,,SFAM_STATION_ACCESSIBILITY_004,FAM_STATION_ACCESSIBILITY_004,PARA_STATION_ACCESSIBILITY_3_0,T2_MEDIUM_V1,accessibility,GET_ACCESSIBILITY_INFO,"Excuse me, Are escalator stairs provisions available for differently abled passengers at Alandur? [a11y F4] #6",en,Latn,CS0,N0,"{""station"": ""Alandur"", ""accessibility_feature"": ""escalator"", ""transport_mode"": ""metro""}","{""station_id"": ""METRO_ARIGNAR_ANNA_ALANDUR""}",ANSWERABLE_NOW,template_instantiation,TMPL_STATION_ACCESSIBILITY_EN_3
PILOT_T2_TR_002012,,SFAM_STATION_FACILITIES_001,FAM_STATION_FACILITIES_001,PARA_STATION_FACILITIES_0_0,T2_MEDIUM_V1,station_facilities,GET_STATION_FACILITY,Quick check: Is car parking facility available at Airport metro station? [fac F1] #4,en,Latn,CS0,N0,"{""station"": ""Airport"", ""facility_type"": ""parking"", ""transport_mode"": ""metro""}","{""station_id"": ""METRO_CHENNAI_INTERNATIONAL_AIRPORT""}",ANSWERABLE_NOW,template_instantiation,TMPL_STATION_FACILITIES_EN_0
PILOT_T2_TR_002013,,SFAM_REALTIME_STATUS_QUERY_011,FAM_REALTIME_STATUS_QUERY_011,PARA_REALTIME_STATUS_QUERY_10_3,T2_MEDIUM_V1,realtime_status_query,REJECT_UNSUPPORTED_REALTIME,Quick check: Live crowd density and train arrival countdown at Egmore right now (F11) #4,hi-en,Latn,CS3,N0,"{""station"": ""Egmore"", ""transport_mode"": ""metro""}","{""station_id"": ""METRO_EGMORE""}",REQUIRES_REALTIME_DATA,template_instantiation,TMPL_REALTIME_STATUS_QUERY_HINGLISH_LATN_10
PILOT_T2_TR_002014,,SFAM_FARE_CALCULATION_002,FAM_FARE_CALCULATION_002,PARA_FARE_CALCULATION_1_2,T2_MEDIUM_V1,fare_query,CALCULATE_FARE,Quick check: chennai central se thirumangalam metro ride ka standard ticket cost kitna hoga? [kiraya F2] #4,hi,Latn,CS0,N0,"{""origin"": ""chennai central"", ""destination"": ""thirumangalam"", ""transport_mode"": ""metro""}","{""origin_id"": ""METRO_PURATCHI_THALAIVAR_DR__M_G_RAMACHANDRAN_CENTRAL"", ""destination_id"": ""METRO_THIRUMANGALAM""}",ANSWERABLE_NOW,template_instantiation,TMPL_FARE_CALCULATION_HI_LATN_1
PILOT_T2_TR_002015,,SFAM_STATION_FACILITIES_007,FAM_STATION_FACILITIES_007,PARA_STATION_FACILITIES_6_2,T2_MEDIUM_V1,station_facilities,GET_STATION_FACILITY,Quick check: kya vadapalani station par passenger ev charging station service available hai? [amenity F7] #4,hi,Latn,CS0,N0,"{""station"": ""vadapalani"", ""facility_type"": ""ev_charging"", ""transport_mode"": ""metro""}","{""station_id"": ""METRO_VADAPALANI""}",ANSWERABLE_NOW,template_instantiation,TMPL_STATION_FACILITIES_HI_LATN_6
PILOT_T2_TR_002016,,SFAM_ROUTE_STOP_SEQUENCE_001,FAM_ROUTE_STOP_SEQUENCE_001,PARA_ROUTE_STOP_SEQUENCE_0_0,T2_MEDIUM_V1,route_stops,LIST_ROUTE_STOPS,Quick check: List every intermediate stop along route 21G in order. [seq F1] #4,en,Latn,CS0,N0,"{""route_number"": ""21G"", ""transport_mode"": ""bus""}","{""route_id"": ""GTFS_ROUTE_8458""}",ANSWERABLE_WITH_PROVISIONAL_DATA,template_instantiation,TMPL_ROUTE_STOP_SEQUENCE_EN_0
PILOT_T2_TR_002017,,SFAM_SERVICE_FREQUENCY_018,FAM_SERVICE_FREQUENCY_018,PARA_SERVICE_FREQUENCY_17_3,T2_MEDIUM_V1,service_timing,GET_SERVICE_FREQUENCY,Please tell: Peak hour frequency and normal headway between Nehru Park and CMBT (F18) #2,hi-en,Latn,CS3,N1,"{""origin"": ""Nehru Park"", ""destination"": ""CMBT"", ""timing_type"": ""frequency"", ""transport_mode"": ""metro""}","{""origin_id"": ""METRO_NEHRU_PARK"", ""destination_id"": ""METRO_PURATCHI_THALAIVI_DR_J_JAYALALITHAA_CMBT""}",ANSWERABLE_NOW,template_instantiation,TMPL_SERVICE_FREQUENCY_HINGLISH_LATN_17
PILOT_T2_TR_002018,,SFAM_INTERCHANGE_TRANSFER_013,FAM_INTERCHANGE_TRANSFER_013,PARA_INTERCHANGE_TRANSFER_12_3,T2_MEDIUM_V1,interchange_query,GET_INTERCHANGE_DETAILS,Please tell: Transfer walking time and directions at Wimco Nagar Depot multimodal terminal (F13) #2,hi-en,Latn,CS3,N0,"{""station"": ""Wimco Nagar Depot"", ""facility_type"": ""interchange""}","{""station_id"": ""METRO_WIMCO_NAGAR""}",ANSWERABLE_AFTER_MANUAL_VERIFICATION,template_instantiation,TMPL_INTERCHANGE_TRANSFER_HINGLISH_LATN_12
PILOT_T2_TR_002019,,SFAM_INTERCHANGE_TRANSFER_011,FAM_INTERCHANGE_TRANSFER_011,PARA_INTERCHANGE_TRANSFER_10_1,T2_MEDIUM_V1,interchange_query,GET_INTERCHANGE_DETAILS,एग्मोर इंटरचेंज पर दूसरी लाइन में ट्रांसफर करने का मार्ग क्या है? (बदलाव F11),hi,Deva,CS0,N1,"{""station"": ""एग्मोर"", ""facility_type"": ""इंटरचेंज""}","{""station_id"": ""METRO_EGMORE""}",ANSWERABLE_AFTER_MANUAL_VERIFICATION,template_instantiation,TMPL_INTERCHANGE_TRANSFER_HI_DEVA_10
PILOT_T2_TR_002020,,SFAM_STATION_FACILITIES_002,FAM_STATION_FACILITIES_002,PARA_STATION_FACILITIES_1_0,T2_MEDIUM_V1,station_facilities,GET_STATION_FACILITY,"Hello assistant, Is two-wheeler bike parking facility available at Chennai Central metro station? [fac F2] #7",en,Latn,CS0,N1,"{""station"": ""Chennai Central"", ""facility_type"": ""two_wheeler_parking"", ""transport_mode"": ""metro""}","{""station_id"": ""METRO_PURATCHI_THALAIVAR_DR__M_G_RAMACHANDRAN_CENTRAL""}",ANSWERABLE_NOW,template_instantiation,TMPL_STATION_FACILITIES_EN_1
PILOT_T2_TR_002021,,SFAM_MULTIMODAL_ROUTE_010,FAM_MULTIMODAL_ROUTE_010,PARA_MULTIMODAL_ROUTE_9_2,T2_MEDIUM_V1,route_query,PLAN_MULTIMODAL_ROUTE,Please tell: karunguzhi se st thomas mount bus aur metro switch karke shortest transit kya hai? [opt F10] #2,hi,Latn,CS0,N0,"{""origin"": ""karunguzhi"", ""destination"": ""st thomas mount"", ""transport_mode"": ""bus aur metro""}","{""origin_id"": ""BUS_5274698920"", ""destination_id"": ""METRO_ST__THOMAS_MOUNT""}",ANSWERABLE_WITH_PROVISIONAL_DATA,template_instantiation,TMPL_MULTIMODAL_ROUTE_HI_LATN_9
PILOT_T2_TR_002022,,SFAM_REALTIME_STATUS_QUERY_019,FAM_REALTIME_STATUS_QUERY_019,PARA_REALTIME_STATUS_QUERY_18_0,T2_MEDIUM_V1,realtime_status_query,REJECT_UNSUPPORTED_REALTIME,Where is bus 570 right now and what is its live location? [live F19],en,Latn,CS0,N0,"{""route_number"": ""570"", ""transport_mode"": ""bus""}","{""route_id"": ""GTFS_ROUTE_17967""}",REQUIRES_REALTIME_DATA,template_instantiation,TMPL_REALTIME_STATUS_QUERY_EN_18
PILOT_T2_TR_002023,,SFAM_NEAREST_TRANSPORT_005,FAM_NEAREST_TRANSPORT_005,PARA_NEAREST_TRANSPORT_4_1,T2_MEDIUM_V1,nearest_transport,FIND_NEAREST_STATION,Quick check: मारुति अस्पताल के सबसे निकटतम मेट्रो स्टेशन या बस स्टॉप कौन सा है? (निकट F5) #4,hi,Deva,CS0,N2,"{""landmark"": ""मारुति अस्पताल"", ""transport_mode"": ""मेट्रो या बस""}","{""place_id"": ""OSM_POI_7820652140""}",ANSWERABLE_NOW,template_instantiation,TMPL_NEAREST_TRANSPORT_HI_DEVA_4
PILOT_T2_TR_002024,,SFAM_NEAREST_TRANSPORT_014,FAM_NEAREST_TRANSPORT_014,PARA_NEAREST_TRANSPORT_13_3,T2_MEDIUM_V1,nearest_transport,FIND_NEAREST_STATION,Could you specify Find closest public transport access point near Maritime Institute (F14)? #3,hi-en,Latn,CS3,N0,"{""landmark"": ""Maritime Institute"", ""transport_mode"": ""public transport""}","{""place_id"": ""OSM_POI_314081186""}",ANSWERABLE_NOW,template_instantiation,TMPL_NEAREST_TRANSPORT_HINGLISH_LATN_13
PILOT_T2_TR_002025,,SFAM_FARE_CALCULATION_001,FAM_FARE_CALCULATION_001,PARA_FARE_CALCULATION_0_0,T2_MEDIUM_V1,fare_query,CALCULATE_FARE,"Hello assistant, What is the single-journey ticket fare from Airport to High Court on metro? [fare F1] #7",en,Latn,CS0,N1,"{""origin"": ""Airport"", ""destination"": ""High Court"", ""fare_type"": ""token"", ""transport_mode"": ""metro""}","{""origin_id"": ""METRO_CHENNAI_INTERNATIONAL_AIRPORT"", ""destination_id"": ""METRO_HIGHCOURT""}",ANSWERABLE_NOW,template_instantiation,TMPL_FARE_CALCULATION_EN_0
PILOT_T2_TR_002026,,SFAM_STATION_FACILITIES_014,FAM_STATION_FACILITIES_014,PARA_STATION_FACILITIES_13_3,T2_MEDIUM_V1,station_facilities,GET_STATION_FACILITY,Quick check: Does Washermenpet station premises include operational two-wheeler bike parking (F14)? #4,hi-en,Latn,CS3,N0,"{""station"": ""Washermenpet"", ""facility_type"": ""two_wheeler_parking"", ""transport_mode"": ""metro""}","{""station_id"": ""METRO_WASHERMENPET""}",ANSWERABLE_NOW,template_instantiation,TMPL_STATION_FACILITIES_HINGLISH_LATN_13
PILOT_T2_TR_002027,,SFAM_MODE_AVAILABILITY_009,FAM_MODE_AVAILABILITY_009,PARA_MODE_AVAILABILITY_8_0,T2_MEDIUM_V1,service_availability,CHECK_SERVICE_AVAILABILITY,Transit query: Are there direct public transport options from Thirumangalam to Madurantakam? [avail F9] #5,en,Latn,CS0,N0,"{""origin"": ""Thirumangalam"", ""destination"": ""Madurantakam"", ""transport_mode"": ""any""}","{""origin_id"": ""METRO_THIRUMANGALAM"", ""destination_id"": ""BUS_5306412986""}",ANSWERABLE_WITH_PROVISIONAL_DATA,template_instantiation,TMPL_MODE_AVAILABILITY_EN_8
PILOT_T2_TR_002028,,SFAM_ROUTE_STOP_SEQUENCE_010,FAM_ROUTE_STOP_SEQUENCE_010,PARA_ROUTE_STOP_SEQUENCE_9_2,T2_MEDIUM_V1,route_stops,LIST_ROUTE_STOPS,Route 12G bus ke sare consecutive stops ki list check kare. [line F10],hi,Latn,CS0,N1,"{""route_number"": ""12G"", ""transport_mode"": ""bus""}","{""route_id"": ""GTFS_ROUTE_18750""}",ANSWERABLE_WITH_PROVISIONAL_DATA,template_instantiation,TMPL_ROUTE_STOP_SEQUENCE_HI_LATN_9
PILOT_T2_TR_002029,,SFAM_REALTIME_STATUS_QUERY_011,FAM_REALTIME_STATUS_QUERY_011,PARA_REALTIME_STATUS_QUERY_10_1,T2_MEDIUM_V1,realtime_status_query,REJECT_UNSUPPORTED_REALTIME,Quick check: क्या एग्मोर से आने वाली ट्रेन अभी लेट चल रही है लाइव स्थिति बताएं? (ताज़ा F11) #4,hi,Deva,CS0,N0,"{""origin"": ""एग्मोर"", ""transport_mode"": ""ट्रेन""}","{""origin_id"": ""METRO_EGMORE""}",REQUIRES_REALTIME_DATA,template_instantiation,TMPL_REALTIME_STATUS_QUERY_HI_DEVA_10
PILOT_T2_TR_002030,,SFAM_STATION_FACILITIES_015,FAM_STATION_FACILITIES_015,PARA_STATION_FACILITIES_14_4,T2_MEDIUM_V1,station_facilities,GET_STATION_FACILITY,Please tell: क्या Little Mount station par passengers ke liye EV vehicle charging accessible hai F15 #2,hi-en,Deva+Latn,CS4,N0,"{""station"": ""Little Mount"", ""facility_type"": ""ev_charging"", ""transport_mode"": ""metro""}","{""station_id"": ""METRO_LITTLE_MOUNT""}",ANSWERABLE_NOW,template_instantiation,TMPL_STATION_FACILITIES_MIXED_SCRIPT_CS_14
PILOT_T2_TR_002031,,SFAM_ROUTE_STOP_MEMBERSHIP_001,FAM_ROUTE_STOP_MEMBERSHIP_001,PARA_ROUTE_STOP_MEMBERSHIP_0_1,T2_MEDIUM_V1,route_stops,CHECK_STOP_ON_ROUTE,Please tell: क्या बस 21G तांबरम स्टॉप पर रुकती है? (जांच F1) #2,hi,Deva,CS0,N0,"{""route_number"": ""21G"", ""stop"": ""तांबरम"", ""transport_mode"": ""बस""}","{""route_id"": ""GTFS_ROUTE_8458"", ""stop_id"": ""BUS_5304399879""}",ANSWERABLE_WITH_PROVISIONAL_DATA,template_instantiation,TMPL_ROUTE_STOP_MEMBERSHIP_HI_DEVA_0
PILOT_T2_TR_002032,,SFAM_FARE_CALCULATION_008,FAM_FARE_CALCULATION_008,PARA_FARE_CALCULATION_7_1,T2_MEDIUM_V1,fare_query,CALCULATE_FARE,Please tell: हाई कोर्ट से लिटिल माउंट तक का मेट्रो का टोकन किराया कितना रुपया है? (किराया F8) #2,hi,Deva,CS0,N0,"{""origin"": ""हाई कोर्ट"", ""destination"": ""लिटिल माउंट"", ""fare_type"": ""टोकन"", ""transport_mode"": ""मेट्रो""}","{""origin_id"": ""METRO_HIGHCOURT"", ""destination_id"": ""METRO_LITTLE_MOUNT""}",ANSWERABLE_NOW,template_instantiation,TMPL_FARE_CALCULATION_HI_DEVA_7
PILOT_T2_TR_002033,,SFAM_OUT_OF_SCOPE_008,FAM_OUT_OF_SCOPE_008,PARA_OUT_OF_SCOPE_7_4,T2_MEDIUM_V1,out_of_scope,REJECT_OUT_OF_SCOPE,Please tell: High Court ke pass hotel reservation aur movie ticket booking service F8 #2,hi-en,Deva+Latn,CS4,N0,"{""station"": ""High Court""}","{""station_id"": ""METRO_HIGHCOURT""}",OUT_OF_SCOPE,template_instantiation,TMPL_OUT_OF_SCOPE_MIXED_SCRIPT_CS_7
PILOT_T2_TR_002034,,SFAM_OUT_OF_SCOPE_008,FAM_OUT_OF_SCOPE_008,PARA_OUT_OF_SCOPE_7_3,T2_MEDIUM_V1,out_of_scope,REJECT_OUT_OF_SCOPE,"Excuse me, What is the general weather rain forecast in Chennai near Madhuranthagam Hospital today (F8)? #6",hi-en,Latn,CS3,N2,"{""landmark"": ""Madhuranthagam Hospital""}","{""place_id"": ""OSM_POI_7257518777""}",OUT_OF_SCOPE,template_instantiation,TMPL_OUT_OF_SCOPE_HINGLISH_LATN_7
PILOT_T2_TR_002035,,SFAM_MODE_AVAILABILITY_004,FAM_MODE_AVAILABILITY_004,PARA_MODE_AVAILABILITY_3_1,T2_MEDIUM_V1,service_availability,CHECK_SERVICE_AVAILABILITY,क्या आलंदूर से वेलाचेरी के लिए कोई सार्वजनिक बस या ट्रेन उपलब्ध है? (उपलब्धता F4),hi,Deva,CS0,N0,"{""origin"": ""आलंदूर"", ""destination"": ""वेलाचेरी"", ""transport_mode"": ""सार्वजनिक बस या ट्रेन""}","{""origin_id"": ""METRO_ARIGNAR_ANNA_ALANDUR"", ""destination_id"": ""BUS_1764308008""}",ANSWERABLE_WITH_PROVISIONAL_DATA,template_instantiation,TMPL_MODE_AVAILABILITY_HI_DEVA_3
PILOT_T2_TR_002036,,SFAM_INTERCHANGE_TRANSFER_010,FAM_INTERCHANGE_TRANSFER_010,PARA_INTERCHANGE_TRANSFER_9_0,T2_MEDIUM_V1,interchange_query,GET_INTERCHANGE_DETAILS,"Excuse me, How do I switch lines to connect towards St. Thomas Mount at Anna Nagar Tower interchange? [xfer F10] #6",en,Latn,CS0,N0,"{""station"": ""Anna Nagar Tower"", ""destination"": ""St. Thomas Mount"", ""facility_type"": ""interchange""}","{""station_id"": ""METRO_ANNA_NAGAR_TOWER"", ""destination_id"": ""METRO_ST__THOMAS_MOUNT""}",ANSWERABLE_AFTER_MANUAL_VERIFICATION,template_instantiation,TMPL_INTERCHANGE_TRANSFER_EN_9
PILOT_T2_TR_002037,,SFAM_OUT_OF_SCOPE_018,FAM_OUT_OF_SCOPE_018,PARA_OUT_OF_SCOPE_17_2,T2_MEDIUM_V1,out_of_scope,REJECT_OUT_OF_SCOPE,Please tell: nehru park airport terminal ke flight delay timings check kijiye. [bahar F18] #2,hi,Latn,CS0,N1,"{""station"": ""nehru park""}","{""station_id"": ""METRO_NEHRU_PARK""}",OUT_OF_SCOPE,template_instantiation,TMPL_OUT_OF_SCOPE_HI_LATN_17
PILOT_T2_TR_002038,,SFAM_MODE_AVAILABILITY_001,FAM_MODE_AVAILABILITY_001,PARA_MODE_AVAILABILITY_0_0,T2_MEDIUM_V1,service_availability,CHECK_SERVICE_AVAILABILITY,Please tell: Are there direct public transport options from Airport to Tambaram? [avail F1] #2,en,Latn,CS0,N0,"{""origin"": ""Airport"", ""destination"": ""Tambaram"", ""transport_mode"": ""any""}","{""origin_id"": ""METRO_CHENNAI_INTERNATIONAL_AIRPORT"", ""destination_id"": ""BUS_5304399879""}",ANSWERABLE_WITH_PROVISIONAL_DATA,template_instantiation,TMPL_MODE_AVAILABILITY_EN_0
PILOT_T2_TR_002039,,SFAM_REALTIME_STATUS_QUERY_013,FAM_REALTIME_STATUS_QUERY_013,PARA_REALTIME_STATUS_QUERY_12_2,T2_MEDIUM_V1,realtime_status_query,REJECT_UNSUPPORTED_REALTIME,Please tell: Bus 15 CT8 ka real time current gps location update kahan pahuncha? [track F13] #2,hi,Latn,CS0,N1,"{""route_number"": ""15 CT8"", ""transport_mode"": ""bus""}","{""route_id"": ""GTFS_ROUTE_20494""}",REQUIRES_REALTIME_DATA,template_instantiation,TMPL_REALTIME_STATUS_QUERY_HI_LATN_12
PILOT_T2_TR_002040,,SFAM_INTERCHANGE_TRANSFER_018,FAM_INTERCHANGE_TRANSFER_018,PARA_INTERCHANGE_TRANSFER_17_3,T2_MEDIUM_V1,interchange_query,GET_INTERCHANGE_DETAILS,"Excuse me, Transfer walking time and directions at Nehru Park multimodal terminal (F18) #6",hi-en,Latn,CS3,N1,"{""station"": ""Nehru Park"", ""facility_type"": ""interchange""}","{""station_id"": ""METRO_NEHRU_PARK""}",ANSWERABLE_AFTER_MANUAL_VERIFICATION,template_instantiation,TMPL_INTERCHANGE_TRANSFER_HINGLISH_LATN_17
PILOT_T2_TR_002041,,SFAM_STATION_FACILITIES_009,FAM_STATION_FACILITIES_009,PARA_STATION_FACILITIES_8_2,T2_MEDIUM_V1,station_facilities,GET_STATION_FACILITY,kya thirumangalam station par passenger car parking service available hai? [amenity F9],hi,Latn,CS0,N0,"{""station"": ""thirumangalam"", ""facility_type"": ""parking"", ""transport_mode"": ""metro""}","{""station_id"": ""METRO_THIRUMANGALAM""}",ANSWERABLE_NOW,template_instantiation,TMPL_STATION_FACILITIES_HI_LATN_8
PILOT_T2_TR_002042,,SFAM_OUT_OF_SCOPE_020,FAM_OUT_OF_SCOPE_020,PARA_OUT_OF_SCOPE_19_0,T2_MEDIUM_V1,out_of_scope,REJECT_OUT_OF_SCOPE,Please tell: Book a private cab taxi ride from Pachaiyappa College to Vadapalani. [cab F20] #2,en,Latn,CS0,N0,"{""origin"": ""Pachaiyappa College"", ""destination"": ""Vadapalani""}","{""origin_id"": ""METRO_PACHAIYAPPA_S_COLLEGE"", ""destination_id"": ""METRO_VADAPALANI""}",OUT_OF_SCOPE,template_instantiation,TMPL_OUT_OF_SCOPE_EN_19
PILOT_T2_TR_002043,,SFAM_OUT_OF_SCOPE_001,FAM_OUT_OF_SCOPE_001,PARA_OUT_OF_SCOPE_0_0,T2_MEDIUM_V1,out_of_scope,REJECT_OUT_OF_SCOPE,Quick check: Book a private cab taxi ride from Airport to High Court. [cab F1] #4,en,Latn,CS0,N0,"{""origin"": ""Airport"", ""destination"": ""High Court""}","{""origin_id"": ""METRO_CHENNAI_INTERNATIONAL_AIRPORT"", ""destination_id"": ""METRO_HIGHCOURT""}",OUT_OF_SCOPE,template_instantiation,TMPL_OUT_OF_SCOPE_EN_0
PILOT_T2_TR_002044,,SFAM_TICKETING_AND_PASSES_012,FAM_TICKETING_AND_PASSES_012,PARA_TICKETING_AND_PASSES_11_1,T2_MEDIUM_V1,ticketing_rules,GET_TICKETING_POLICY,"Excuse me, यात्रियों के लिए एनसीएमसी कार्ड प्राप्त करने के नियम और प्रक्रिया क्या हैं? (पास F12) #6",hi,Deva,CS0,N0,"{""ticket_type"": ""ncmc_card"", ""transport_mode"": ""पारगमन""}",{},ANSWERABLE_NOW,template_instantiation,TMPL_TICKETING_AND_PASSES_HI_DEVA_11
PILOT_T2_TR_002045,,SFAM_ROUTE_STOP_SEQUENCE_018,FAM_ROUTE_STOP_SEQUENCE_018,PARA_ROUTE_STOP_SEQUENCE_17_2,T2_MEDIUM_V1,route_stops,LIST_ROUTE_STOPS,Route 102A bus ke sare consecutive stops ki list check kare. [line F18],hi,Latn,CS0,N1,"{""route_number"": ""102A"", ""transport_mode"": ""bus""}","{""route_id"": ""GTFS_ROUTE_10248""}",ANSWERABLE_WITH_PROVISIONAL_DATA,template_instantiation,TMPL_ROUTE_STOP_SEQUENCE_HI_LATN_17
PILOT_T2_TR_002046,,SFAM_ROUTE_STOP_MEMBERSHIP_003,FAM_ROUTE_STOP_MEMBERSHIP_003,PARA_ROUTE_STOP_MEMBERSHIP_2_3,T2_MEDIUM_V1,route_stops,CHECK_STOP_ON_ROUTE,Could you specify Verify if Adyar bus stop is covered by route 102A (F3)? #3,hi-en,Latn,CS3,N2,"{""route_number"": ""102A"", ""stop"": ""Adyar"", ""transport_mode"": ""bus""}","{""route_id"": ""GTFS_ROUTE_10248"", ""stop_id"": ""BUS_2587520213""}",ANSWERABLE_WITH_PROVISIONAL_DATA,template_instantiation,TMPL_ROUTE_STOP_MEMBERSHIP_HINGLISH_LATN_2
PILOT_T2_TR_002047,,SFAM_STATION_FACILITIES_018,FAM_STATION_FACILITIES_018,PARA_STATION_FACILITIES_17_0,T2_MEDIUM_V1,station_facilities,GET_STATION_FACILITY,Transit query: Is two-wheeler bike parking facility available at Nehru Park metro station? [fac F18] #5,en,Latn,CS0,N0,"{""station"": ""Nehru Park"", ""facility_type"": ""two_wheeler_parking"", ""transport_mode"": ""metro""}","{""station_id"": ""METRO_NEHRU_PARK""}",ANSWERABLE_NOW,template_instantiation,TMPL_STATION_FACILITIES_EN_17
PILOT_T2_TR_002048,,SFAM_MODE_AVAILABILITY_011,FAM_MODE_AVAILABILITY_011,PARA_MODE_AVAILABILITY_10_2,T2_MEDIUM_V1,service_availability,CHECK_SERVICE_AVAILABILITY,Please tell: egmore se kalpakkam tak direct transit options available hain kya? [suvidha F11] #2,hi,Latn,CS0,N1,"{""origin"": ""egmore"", ""destination"": ""kalpakkam"", ""transport_mode"": ""any""}","{""origin_id"": ""METRO_EGMORE"", ""destination_id"": ""BUS_30143150""}",ANSWERABLE_WITH_PROVISIONAL_DATA,template_instantiation,TMPL_MODE_AVAILABILITY_HI_LATN_10
PILOT_T2_TR_002049,,SFAM_STATION_ACCESSIBILITY_009,FAM_STATION_ACCESSIBILITY_009,PARA_STATION_ACCESSIBILITY_8_3,T2_MEDIUM_V1,accessibility,GET_ACCESSIBILITY_INFO,"Excuse me, Verification of accessible wheelchair ramp support at Thirumangalam metro (F9) #6",hi-en,Latn,CS3,N2,"{""station"": ""Thirumangalam"", ""accessibility_feature"": ""wheelchair"", ""transport_mode"": ""metro""}","{""station_id"": ""METRO_THIRUMANGALAM""}",ANSWERABLE_NOW,template_instantiation,TMPL_STATION_ACCESSIBILITY_HINGLISH_LATN_8
PILOT_T2_TR_002050,,SFAM_FARE_CALCULATION_004,FAM_FARE_CALCULATION_004,PARA_FARE_CALCULATION_3_0,T2_MEDIUM_V1,fare_query,CALCULATE_FARE,Transit query: What is the single-journey ticket fare from Alandur to Egmore on metro? [fare F4] #5,en,Latn,CS0,N0,"{""origin"": ""Alandur"", ""destination"": ""Egmore"", ""fare_type"": ""token"", ""transport_mode"": ""metro""}","{""origin_id"": ""METRO_ARIGNAR_ANNA_ALANDUR"", ""destination_id"": ""METRO_EGMORE""}",ANSWERABLE_NOW,template_instantiation,TMPL_FARE_CALCULATION_EN_3
PILOT_T2_TR_002051,,SFAM_NEAREST_TRANSPORT_001,FAM_NEAREST_TRANSPORT_001,PARA_NEAREST_TRANSPORT_0_3,T2_MEDIUM_V1,nearest_transport,FIND_NEAREST_STATION,Please tell: Find closest public transport access point near Marina Beach (F1) #2,hi-en,Latn,CS3,N0,"{""landmark"": ""Marina Beach"", ""transport_mode"": ""public transport""}","{""place_id"": ""OSM_POI_12137617372""}",ANSWERABLE_NOW,template_instantiation,TMPL_NEAREST_TRANSPORT_HINGLISH_LATN_0
PILOT_T2_TR_002052,,SFAM_STATION_FACILITIES_015,FAM_STATION_FACILITIES_015,PARA_STATION_FACILITIES_14_2,T2_MEDIUM_V1,station_facilities,GET_STATION_FACILITY,Please tell: kya little mount station par passenger ev charging station service available hai? [amenity F15] #2,hi,Latn,CS0,N1,"{""station"": ""little mount"", ""facility_type"": ""ev_charging"", ""transport_mode"": ""metro""}","{""station_id"": ""METRO_LITTLE_MOUNT""}",ANSWERABLE_NOW,template_instantiation,TMPL_STATION_FACILITIES_HI_LATN_14
PILOT_T2_TR_002053,,SFAM_STATION_FACILITIES_002,FAM_STATION_FACILITIES_002,PARA_STATION_FACILITIES_1_0,T2_MEDIUM_V1,station_facilities,GET_STATION_FACILITY,Transit query: Is two-wheeler bike parking facility available at Chennai Central metro station? [fac F2] #5,en,Latn,CS0,N0,"{""station"": ""Chennai Central"", ""facility_type"": ""two_wheeler_parking"", ""transport_mode"": ""metro""}","{""station_id"": ""METRO_PURATCHI_THALAIVAR_DR__M_G_RAMACHANDRAN_CENTRAL""}",ANSWERABLE_NOW,template_instantiation,TMPL_STATION_FACILITIES_EN_1
PILOT_T2_TR_002054,,SFAM_FARE_CALCULATION_004,FAM_FARE_CALCULATION_004,PARA_FARE_CALCULATION_3_3,T2_MEDIUM_V1,fare_query,CALCULATE_FARE,"Hello assistant, Calculate fare for travel between Alandur and Egmore stations (F4) #7",hi-en,Latn,CS3,N0,"{""origin"": ""Alandur"", ""destination"": ""Egmore"", ""transport_mode"": ""metro""}","{""origin_id"": ""METRO_ARIGNAR_ANNA_ALANDUR"", ""destination_id"": ""METRO_EGMORE""}",ANSWERABLE_NOW,template_instantiation,TMPL_FARE_CALCULATION_HINGLISH_LATN_3
PILOT_T2_TR_002055,,SFAM_STATION_ACCESSIBILITY_010,FAM_STATION_ACCESSIBILITY_010,PARA_STATION_ACCESSIBILITY_9_3,T2_MEDIUM_V1,accessibility,GET_ACCESSIBILITY_INFO,Transit query: Verification of accessible passenger elevator lift support at Anna Nagar Tower metro (F10) #5,hi-en,Latn,CS3,N1,"{""station"": ""Anna Nagar Tower"", ""accessibility_feature"": ""lift"", ""transport_mode"": ""metro""}","{""station_id"": ""METRO_ANNA_NAGAR_TOWER""}",ANSWERABLE_NOW,template_instantiation,TMPL_STATION_ACCESSIBILITY_HINGLISH_LATN_9
PILOT_T2_TR_002056,,SFAM_STATION_FACILITIES_015,FAM_STATION_FACILITIES_015,PARA_STATION_FACILITIES_14_1,T2_MEDIUM_V1,station_facilities,GET_STATION_FACILITY,क्या लिटिल माउंट मेट्रो स्टेशन पर ईवी चार्जिंग की व्यवस्था उपलब्ध है? (सुविधा F15),hi,Deva,CS0,N1,"{""station"": ""लिटिल माउंट"", ""facility_type"": ""ev_charging"", ""transport_mode"": ""मेट्रो""}","{""station_id"": ""METRO_LITTLE_MOUNT""}",ANSWERABLE_NOW,template_instantiation,TMPL_STATION_FACILITIES_HI_DEVA_14
PILOT_T2_TR_002057,,SFAM_ROUTE_STOP_MEMBERSHIP_010,FAM_ROUTE_STOP_MEMBERSHIP_010,PARA_ROUTE_STOP_MEMBERSHIP_9_1,T2_MEDIUM_V1,route_stops,CHECK_STOP_ON_ROUTE,Could you specify क्या बस 12G करुंगुझि स्टॉप पर रुकती है? (जांच F10)? #3,hi,Deva,CS0,N0,"{""route_number"": ""12G"", ""stop"": ""करुंगुझि"", ""transport_mode"": ""बस""}","{""route_id"": ""GTFS_ROUTE_18750"", ""stop_id"": ""BUS_5274698920""}",ANSWERABLE_WITH_PROVISIONAL_DATA,template_instantiation,TMPL_ROUTE_STOP_MEMBERSHIP_HI_DEVA_9
PILOT_T2_TR_002058,,SFAM_POINT_TO_POINT_ROUTE_015,FAM_POINT_TO_POINT_ROUTE_015,PARA_POINT_TO_POINT_ROUTE_14_0,T2_MEDIUM_V1,route_query,PLAN_ROUTE,How do I commute from Little Mount to Chennai Central by metro? [pattern F15],en,Latn,CS0,N0,"{""origin"": ""Little Mount"", ""destination"": ""Chennai Central"", ""transport_mode"": ""metro""}","{""origin_id"": ""METRO_LITTLE_MOUNT"", ""destination_id"": ""METRO_PURATCHI_THALAIVAR_DR__M_G_RAMACHANDRAN_CENTRAL""}",ANSWERABLE_WITH_PROVISIONAL_DATA,template_instantiation,TMPL_POINT_TO_POINT_ROUTE_EN_14
PILOT_T2_TR_002059,,SFAM_REALTIME_STATUS_QUERY_014,FAM_REALTIME_STATUS_QUERY_014,PARA_REALTIME_STATUS_QUERY_13_3,T2_MEDIUM_V1,realtime_status_query,REJECT_UNSUPPORTED_REALTIME,Quick check: Live crowd density and train arrival countdown at Washermenpet right now (F14) #4,hi-en,Latn,CS3,N0,"{""station"": ""Washermenpet"", ""transport_mode"": ""metro""}","{""station_id"": ""METRO_WASHERMENPET""}",REQUIRES_REALTIME_DATA,template_instantiation,TMPL_REALTIME_STATUS_QUERY_HINGLISH_LATN_13
PILOT_T2_TR_002060,,SFAM_NEAREST_TRANSPORT_007,FAM_NEAREST_TRANSPORT_007,PARA_NEAREST_TRANSPORT_6_0,T2_MEDIUM_V1,nearest_transport,FIND_NEAREST_STATION,Quick check: Which is the nearest metro station or transit stop to Mother Child Hospital? [loc F7] #4,en,Latn,CS0,N0,"{""landmark"": ""Mother Child Hospital"", ""transport_mode"": ""metro""}","{""place_id"": ""OSM_POI_7257518731""}",ANSWERABLE_NOW,template_instantiation,TMPL_NEAREST_TRANSPORT_EN_6
PILOT_T2_TR_002061,,SFAM_FARE_CALCULATION_004,FAM_FARE_CALCULATION_004,PARA_FARE_CALCULATION_3_0,T2_MEDIUM_V1,fare_query,CALCULATE_FARE,Please tell: What is the single-journey ticket fare from Alandur to Egmore on metro? [fare F4] #2,en,Latn,CS0,N0,"{""origin"": ""Alandur"", ""destination"": ""Egmore"", ""fare_type"": ""token"", ""transport_mode"": ""metro""}","{""origin_id"": ""METRO_ARIGNAR_ANNA_ALANDUR"", ""destination_id"": ""METRO_EGMORE""}",ANSWERABLE_NOW,template_instantiation,TMPL_FARE_CALCULATION_EN_3
PILOT_T2_TR_002062,,SFAM_SCHEDULED_DEPARTURE_003,FAM_SCHEDULED_DEPARTURE_003,PARA_SCHEDULED_DEPARTURE_2_1,T2_MEDIUM_V1,service_timing,GET_SCHEDULED_DEPARTURES,गिंडी से सुबह 8 बजे छूटने वाली गाड़ियों की समय सारणी दिखाएं। (समय F3),hi,Deva,CS0,N0,"{""origin"": ""गिंडी"", ""time"": ""सुबह 8 बजे"", ""resolved_time"": ""08:00:00""}","{""origin_id"": ""METRO_GUINDY""}",ANSWERABLE_NOW,template_instantiation,TMPL_SCHEDULED_DEPARTURE_HI_DEVA_2
PILOT_T2_TR_002063,,SFAM_MULTIMODAL_ROUTE_013,FAM_MULTIMODAL_ROUTE_013,PARA_MULTIMODAL_ROUTE_12_2,T2_MEDIUM_V1,route_query,PLAN_MULTIMODAL_ROUTE,Please tell: nelvoy se pachaiyappa college bus aur metro switch karke shortest transit kya hai? [opt F13] #2,hi,Latn,CS0,N0,"{""origin"": ""nelvoy"", ""destination"": ""pachaiyappa college"", ""transport_mode"": ""bus aur metro""}","{""origin_id"": ""BUS_469106564"", ""destination_id"": ""METRO_PACHAIYAPPA_S_COLLEGE""}",ANSWERABLE_WITH_PROVISIONAL_DATA,template_instantiation,TMPL_MULTIMODAL_ROUTE_HI_LATN_12
PILOT_T2_TR_002064,,SFAM_INTERCHANGE_TRANSFER_008,FAM_INTERCHANGE_TRANSFER_008,PARA_INTERCHANGE_TRANSFER_7_1,T2_MEDIUM_V1,interchange_query,GET_INTERCHANGE_DETAILS,हाई कोर्ट इंटरचेंज पर दूसरी लाइन में ट्रांसफर करने का मार्ग क्या है? (बदलाव F8),hi,Deva,CS0,N1,"{""station"": ""हाई कोर्ट"", ""facility_type"": ""इंटरचेंज""}","{""station_id"": ""METRO_HIGHCOURT""}",ANSWERABLE_AFTER_MANUAL_VERIFICATION,template_instantiation,TMPL_INTERCHANGE_TRANSFER_HI_DEVA_7
PILOT_T2_TR_002065,,SFAM_POINT_TO_POINT_ROUTE_015,FAM_POINT_TO_POINT_ROUTE_015,PARA_POINT_TO_POINT_ROUTE_14_3,T2_MEDIUM_V1,route_query,PLAN_ROUTE,Could you specify Little Mount to Chennai Central metro ride ka best direct route bataiye (F15)? #3,hi-en,Latn,CS3,N2,"{""origin"": ""Little Mount"", ""destination"": ""Chennai Central"", ""transport_mode"": ""metro""}","{""origin_id"": ""METRO_LITTLE_MOUNT"", ""destination_id"": ""METRO_PURATCHI_THALAIVAR_DR__M_G_RAMACHANDRAN_CENTRAL""}",ANSWERABLE_WITH_PROVISIONAL_DATA,template_instantiation,TMPL_POINT_TO_POINT_ROUTE_HINGLISH_LATN_14
PILOT_T2_TR_002066,,SFAM_OUT_OF_SCOPE_014,FAM_OUT_OF_SCOPE_014,PARA_OUT_OF_SCOPE_13_0,T2_MEDIUM_V1,out_of_scope,REJECT_OUT_OF_SCOPE,Please tell: Book a private cab taxi ride from Washermenpet to Airport. [cab F14] #2,en,Latn,CS0,N0,"{""origin"": ""Washermenpet"", ""destination"": ""Airport""}","{""origin_id"": ""METRO_WASHERMENPET"", ""destination_id"": ""METRO_CHENNAI_INTERNATIONAL_AIRPORT""}",OUT_OF_SCOPE,template_instantiation,TMPL_OUT_OF_SCOPE_EN_13
PILOT_T2_TR_002067,,SFAM_OUT_OF_SCOPE_017,FAM_OUT_OF_SCOPE_017,PARA_OUT_OF_SCOPE_16_1,T2_MEDIUM_V1,out_of_scope,REJECT_OUT_OF_SCOPE,Could you specify सेंट थॉमस माउंट के निकटतम सबसे अच्छे रेस्टोरेंट और भोजनालय की सूची दें। (बाहर F17)? #3,hi,Deva,CS0,N0,"{""station"": ""सेंट थॉमस माउंट""}","{""station_id"": ""METRO_ST__THOMAS_MOUNT""}",OUT_OF_SCOPE,template_instantiation,TMPL_OUT_OF_SCOPE_HI_DEVA_16
PILOT_T2_TR_002068,,SFAM_OUT_OF_SCOPE_008,FAM_OUT_OF_SCOPE_008,PARA_OUT_OF_SCOPE_7_4,T2_MEDIUM_V1,out_of_scope,REJECT_OUT_OF_SCOPE,High Court ke pass hotel reservation aur movie ticket booking service F8,hi-en,Deva+Latn,CS4,N0,"{""station"": ""High Court""}","{""station_id"": ""METRO_HIGHCOURT""}",OUT_OF_SCOPE,template_instantiation,TMPL_OUT_OF_SCOPE_MIXED_SCRIPT_CS_7
PILOT_T2_TR_002069,,SFAM_ROUTE_STOP_MEMBERSHIP_012,FAM_ROUTE_STOP_MEMBERSHIP_012,PARA_ROUTE_STOP_MEMBERSHIP_11_3,T2_MEDIUM_V1,route_stops,CHECK_STOP_ON_ROUTE,Verify if Walajabad bus stop is covered by route 22 CT (F12),hi-en,Latn,CS3,N0,"{""route_number"": ""22 CT"", ""stop"": ""Walajabad"", ""transport_mode"": ""bus""}","{""route_id"": ""GTFS_ROUTE_18753"", ""stop_id"": ""BUS_261716087""}",ANSWERABLE_WITH_PROVISIONAL_DATA,template_instantiation,TMPL_ROUTE_STOP_MEMBERSHIP_HINGLISH_LATN_11
PILOT_T2_TR_002070,,SFAM_FARE_CALCULATION_003,FAM_FARE_CALCULATION_003,PARA_FARE_CALCULATION_2_2,T2_MEDIUM_V1,fare_query,CALCULATE_FARE,Quick check: guindy se anna nagar tower metro ride ka standard ticket cost kitna hoga? [kiraya F3] #4,hi,Latn,CS0,N0,"{""origin"": ""guindy"", ""destination"": ""anna nagar tower"", ""transport_mode"": ""metro""}","{""origin_id"": ""METRO_GUINDY"", ""destination_id"": ""METRO_ANNA_NAGAR_TOWER""}",ANSWERABLE_NOW,template_instantiation,TMPL_FARE_CALCULATION_HI_LATN_2
PILOT_T2_TR_002071,,SFAM_REALTIME_STATUS_QUERY_003,FAM_REALTIME_STATUS_QUERY_003,PARA_REALTIME_STATUS_QUERY_2_0,T2_MEDIUM_V1,realtime_status_query,REJECT_UNSUPPORTED_REALTIME,Where is bus 102A right now and what is its live location? [live F3],en,Latn,CS0,N0,"{""route_number"": ""102A"", ""transport_mode"": ""bus""}","{""route_id"": ""GTFS_ROUTE_10248""}",REQUIRES_REALTIME_DATA,template_instantiation,TMPL_REALTIME_STATUS_QUERY_EN_2
PILOT_T2_TR_002072,,SFAM_INTERCHANGE_TRANSFER_020,FAM_INTERCHANGE_TRANSFER_020,PARA_INTERCHANGE_TRANSFER_19_1,T2_MEDIUM_V1,interchange_query,GET_INTERCHANGE_DETAILS,Could you specify पचैयप्पा कॉलेज इंटरचेंज पर दूसरी लाइन में ट्रांसफर करने का मार्ग क्या है? (बदलाव F20)? #3,hi,Deva,CS0,N0,"{""station"": ""पचैयप्पा कॉलेज"", ""facility_type"": ""इंटरचेंज""}","{""station_id"": ""METRO_PACHAIYAPPA_S_COLLEGE""}",ANSWERABLE_AFTER_MANUAL_VERIFICATION,template_instantiation,TMPL_INTERCHANGE_TRANSFER_HI_DEVA_19
PILOT_T2_TR_002073,,SFAM_OUT_OF_SCOPE_001,FAM_OUT_OF_SCOPE_001,PARA_OUT_OF_SCOPE_0_1,T2_MEDIUM_V1,out_of_scope,REJECT_OUT_OF_SCOPE,"Excuse me, एयरपोर्ट के निकटतम सबसे अच्छे रेस्टोरेंट और भोजनालय की सूची दें। (बाहर F1) #6",hi,Deva,CS0,N0,"{""station"": ""एयरपोर्ट""}","{""station_id"": ""METRO_CHENNAI_INTERNATIONAL_AIRPORT""}",OUT_OF_SCOPE,template_instantiation,TMPL_OUT_OF_SCOPE_HI_DEVA_0
PILOT_T2_TR_002074,,SFAM_REALTIME_STATUS_QUERY_002,FAM_REALTIME_STATUS_QUERY_002,PARA_REALTIME_STATUS_QUERY_1_1,T2_MEDIUM_V1,realtime_status_query,REJECT_UNSUPPORTED_REALTIME,"Excuse me, क्या चेन्नई सेंट्रल से आने वाली ट्रेन अभी लेट चल रही है लाइव स्थिति बताएं? (ताज़ा F2) #6",hi,Deva,CS0,N0,"{""origin"": ""चेन्नई सेंट्रल"", ""transport_mode"": ""ट्रेन""}","{""origin_id"": ""METRO_PURATCHI_THALAIVAR_DR__M_G_RAMACHANDRAN_CENTRAL""}",REQUIRES_REALTIME_DATA,template_instantiation,TMPL_REALTIME_STATUS_QUERY_HI_DEVA_1
PILOT_T2_TR_002075,,SFAM_TICKETING_AND_PASSES_003,FAM_TICKETING_AND_PASSES_003,PARA_TICKETING_AND_PASSES_2_1,T2_MEDIUM_V1,ticketing_rules,GET_TICKETING_POLICY,Please tell: यात्रियों के लिए क्यूआर टिकट प्राप्त करने के नियम और प्रक्रिया क्या हैं? (पास F3) #2,hi,Deva,CS0,N0,"{""ticket_type"": ""qr_ticket"", ""transport_mode"": ""पारगमन""}",{},ANSWERABLE_NOW,template_instantiation,TMPL_TICKETING_AND_PASSES_HI_DEVA_2
PILOT_T2_TR_002076,,SFAM_FARE_CALCULATION_002,FAM_FARE_CALCULATION_002,PARA_FARE_CALCULATION_1_0,T2_MEDIUM_V1,fare_query,CALCULATE_FARE,Please tell: What is the single-journey ticket fare from Chennai Central to Thirumangalam on metro? [fare F2] #2,en,Latn,CS0,N0,"{""origin"": ""Chennai Central"", ""destination"": ""Thirumangalam"", ""fare_type"": ""token"", ""transport_mode"": ""metro""}","{""origin_id"": ""METRO_PURATCHI_THALAIVAR_DR__M_G_RAMACHANDRAN_CENTRAL"", ""destination_id"": ""METRO_THIRUMANGALAM""}",ANSWERABLE_NOW,template_instantiation,TMPL_FARE_CALCULATION_EN_1
PILOT_T2_TR_002077,,SFAM_INTERCHANGE_TRANSFER_015,FAM_INTERCHANGE_TRANSFER_015,PARA_INTERCHANGE_TRANSFER_14_3,T2_MEDIUM_V1,interchange_query,GET_INTERCHANGE_DETAILS,Transit query: Transfer walking time and directions at Little Mount multimodal terminal (F15) #5,hi-en,Latn,CS3,N1,"{""station"": ""Little Mount"", ""facility_type"": ""interchange""}","{""station_id"": ""METRO_LITTLE_MOUNT""}",ANSWERABLE_AFTER_MANUAL_VERIFICATION,template_instantiation,TMPL_INTERCHANGE_TRANSFER_HINGLISH_LATN_14
PILOT_T2_TR_002078,,SFAM_TICKETING_AND_PASSES_005,FAM_TICKETING_AND_PASSES_005,PARA_TICKETING_AND_PASSES_4_0,T2_MEDIUM_V1,ticketing_rules,GET_TICKETING_POLICY,Could you specify What are the rules and procedure to purchase a Student Concession Card for commuters? [pass F5]? #3,en,Latn,CS0,N0,"{""ticket_type"": ""student_pass"", ""transport_mode"": ""transit""}",{},ANSWERABLE_NOW,template_instantiation,TMPL_TICKETING_AND_PASSES_EN_4
PILOT_T2_TR_002079,,SFAM_FARE_CALCULATION_001,FAM_FARE_CALCULATION_001,PARA_FARE_CALCULATION_0_3,T2_MEDIUM_V1,fare_query,CALCULATE_FARE,"Hello assistant, Calculate fare for travel between Airport and High Court stations (F1) #7",hi-en,Latn,CS3,N0,"{""origin"": ""Airport"", ""destination"": ""High Court"", ""transport_mode"": ""metro""}","{""origin_id"": ""METRO_CHENNAI_INTERNATIONAL_AIRPORT"", ""destination_id"": ""METRO_HIGHCOURT""}",ANSWERABLE_NOW,template_instantiation,TMPL_FARE_CALCULATION_HINGLISH_LATN_0
PILOT_T2_TR_002080,,SFAM_TICKETING_AND_PASSES_004,FAM_TICKETING_AND_PASSES_004,PARA_TICKETING_AND_PASSES_3_2,T2_MEDIUM_V1,ticketing_rules,GET_TICKETING_POLICY,Quick check: tourist pass recharge karne ka guidelines aur validity rule bataye. [card F4] #4,hi,Latn,CS0,N0,"{""ticket_type"": ""tourist_card"", ""transport_mode"": ""transit""}",{},ANSWERABLE_NOW,template_instantiation,TMPL_TICKETING_AND_PASSES_HI_LATN_3
PILOT_T2_TR_002081,,SFAM_ROUTE_STOP_MEMBERSHIP_015,FAM_ROUTE_STOP_MEMBERSHIP_015,PARA_ROUTE_STOP_MEMBERSHIP_14_4,T2_MEDIUM_V1,route_stops,CHECK_STOP_ON_ROUTE,क्या route Green Line bus Bus stand पर rukegi verification F15?,hi-en,Deva+Latn,CS4,N0,"{""route_number"": ""Green Line"", ""stop"": ""Bus stand"", ""transport_mode"": ""bus""}","{""route_id"": ""CMRL_GREEN_CORRIDOR_2"", ""stop_id"": ""BUS_5300484122""}",ANSWERABLE_WITH_PROVISIONAL_DATA,template_instantiation,TMPL_ROUTE_STOP_MEMBERSHIP_MIXED_SCRIPT_CS_14
PILOT_T2_TR_002082,,SFAM_FARE_CALCULATION_015,FAM_FARE_CALCULATION_015,PARA_FARE_CALCULATION_14_3,T2_MEDIUM_V1,fare_query,CALCULATE_FARE,Quick check: Calculate fare for travel between Little Mount and Chennai Central stations (F15) #4,hi-en,Latn,CS3,N0,"{""origin"": ""Little Mount"", ""destination"": ""Chennai Central"", ""transport_mode"": ""metro""}","{""origin_id"": ""METRO_LITTLE_MOUNT"", ""destination_id"": ""METRO_PURATCHI_THALAIVAR_DR__M_G_RAMACHANDRAN_CENTRAL""}",ANSWERABLE_NOW,template_instantiation,TMPL_FARE_CALCULATION_HINGLISH_LATN_14
PILOT_T2_TR_002083,,SFAM_NEAREST_TRANSPORT_018,FAM_NEAREST_TRANSPORT_018,PARA_NEAREST_TRANSPORT_17_0,T2_MEDIUM_V1,nearest_transport,FIND_NEAREST_STATION,Quick check: Which is the nearest metro station or transit stop to Madhuranthagam Hospital? [loc F18] #4,en,Latn,CS0,N0,"{""landmark"": ""Madhuranthagam Hospital"", ""transport_mode"": ""metro""}","{""place_id"": ""OSM_POI_7257518777""}",ANSWERABLE_NOW,template_instantiation,TMPL_NEAREST_TRANSPORT_EN_17
PILOT_T2_TR_002084,,SFAM_NEAREST_TRANSPORT_003,FAM_NEAREST_TRANSPORT_003,PARA_NEAREST_TRANSPORT_2_0,T2_MEDIUM_V1,nearest_transport,FIND_NEAREST_STATION,Which is the nearest metro station or transit stop to Great Lakes Institute? [loc F3],en,Latn,CS0,N0,"{""landmark"": ""Great Lakes Institute"", ""transport_mode"": ""metro""}","{""place_id"": ""OSM_POI_577328882""}",ANSWERABLE_NOW,template_instantiation,TMPL_NEAREST_TRANSPORT_EN_2
PILOT_T2_TR_002085,,SFAM_MODE_AVAILABILITY_007,FAM_MODE_AVAILABILITY_007,PARA_MODE_AVAILABILITY_6_1,T2_MEDIUM_V1,service_availability,CHECK_SERVICE_AVAILABILITY,"Excuse me, क्या वडपलनी से तिरुवान्मियूर के लिए कोई सार्वजनिक बस या ट्रेन उपलब्ध है? (उपलब्धता F7) #6",hi,Deva,CS0,N0,"{""origin"": ""वडपलनी"", ""destination"": ""तिरुवान्मियूर"", ""transport_mode"": ""सार्वजनिक बस या ट्रेन""}","{""origin_id"": ""METRO_VADAPALANI"", ""destination_id"": ""BUS_3247310920""}",ANSWERABLE_WITH_PROVISIONAL_DATA,template_instantiation,TMPL_MODE_AVAILABILITY_HI_DEVA_6
PILOT_T2_TR_002086,,SFAM_STATION_FACILITIES_019,FAM_STATION_FACILITIES_019,PARA_STATION_FACILITIES_18_1,T2_MEDIUM_V1,station_facilities,GET_STATION_FACILITY,"Excuse me, क्या किल्पौक मेट्रो स्टेशन पर ईवी चार्जिंग की व्यवस्था उपलब्ध है? (सुविधा F19) #6",hi,Deva,CS0,N0,"{""station"": ""किल्पौक"", ""facility_type"": ""ev_charging"", ""transport_mode"": ""मेट्रो""}","{""station_id"": ""METRO_KILPAUK""}",ANSWERABLE_NOW,template_instantiation,TMPL_STATION_FACILITIES_HI_DEVA_18
PILOT_T2_TR_002087,,SFAM_MULTIMODAL_ROUTE_017,FAM_MULTIMODAL_ROUTE_017,PARA_MULTIMODAL_ROUTE_16_4,T2_MEDIUM_V1,route_query,PLAN_MULTIMODAL_ROUTE,Tambaram से Alandur multimodal transit connection kaise le plan F17,hi-en,Deva+Latn,CS4,N0,"{""origin"": ""Tambaram"", ""destination"": ""Alandur"", ""transport_mode"": ""multimodal""}","{""origin_id"": ""BUS_5304399879"", ""destination_id"": ""METRO_ARIGNAR_ANNA_ALANDUR""}",ANSWERABLE_WITH_PROVISIONAL_DATA,template_instantiation,TMPL_MULTIMODAL_ROUTE_MIXED_SCRIPT_CS_16
PILOT_T2_TR_002088,,SFAM_INTERCHANGE_TRANSFER_009,FAM_INTERCHANGE_TRANSFER_009,PARA_INTERCHANGE_TRANSFER_8_0,T2_MEDIUM_V1,interchange_query,GET_INTERCHANGE_DETAILS,Could you specify How do I switch lines to connect towards Saidapet at Thirumangalam interchange? [xfer F9]? #3,en,Latn,CS0,N0,"{""station"": ""Thirumangalam"", ""destination"": ""Saidapet"", ""facility_type"": ""interchange""}","{""station_id"": ""METRO_THIRUMANGALAM"", ""destination_id"": ""METRO_SAIDAPET""}",ANSWERABLE_AFTER_MANUAL_VERIFICATION,template_instantiation,TMPL_INTERCHANGE_TRANSFER_EN_8
PILOT_T2_TR_002089,,SFAM_OUT_OF_SCOPE_010,FAM_OUT_OF_SCOPE_010,PARA_OUT_OF_SCOPE_9_4,T2_MEDIUM_V1,out_of_scope,REJECT_OUT_OF_SCOPE,Could you specify Anna Nagar Tower ke pass hotel reservation aur movie ticket booking service F10? #3,hi-en,Deva+Latn,CS4,N0,"{""station"": ""Anna Nagar Tower""}","{""station_id"": ""METRO_ANNA_NAGAR_TOWER""}",OUT_OF_SCOPE,template_instantiation,TMPL_OUT_OF_SCOPE_MIXED_SCRIPT_CS_9
PILOT_T2_TR_002090,,SFAM_MODE_AVAILABILITY_007,FAM_MODE_AVAILABILITY_007,PARA_MODE_AVAILABILITY_6_0,T2_MEDIUM_V1,service_availability,CHECK_SERVICE_AVAILABILITY,Transit query: Are there direct public transport options from Vadapalani to Thiruvanmiyur? [avail F7] #5,en,Latn,CS0,N0,"{""origin"": ""Vadapalani"", ""destination"": ""Thiruvanmiyur"", ""transport_mode"": ""any""}","{""origin_id"": ""METRO_VADAPALANI"", ""destination_id"": ""BUS_3247310920""}",ANSWERABLE_WITH_PROVISIONAL_DATA,template_instantiation,TMPL_MODE_AVAILABILITY_EN_6
PILOT_T2_TR_002091,,SFAM_FIRST_AND_LAST_SERVICE_005,FAM_FIRST_AND_LAST_SERVICE_005,PARA_FIRST_AND_LAST_SERVICE_4_0,T2_MEDIUM_V1,service_timing,GET_FIRST_LAST_SERVICE,What time does the earliest and latest train depart CMBT for Thousand Lights? [hrs F5],en,Latn,CS0,N0,"{""origin"": ""CMBT"", ""destination"": ""Thousand Lights"", ""timing_type"": ""first_last"", ""transport_mode"": ""metro""}","{""origin_id"": ""METRO_PURATCHI_THALAIVI_DR_J_JAYALALITHAA_CMBT"", ""destination_id"": ""METRO_THOUSAND_LIGHTS""}",ANSWERABLE_NOW,template_instantiation,TMPL_FIRST_AND_LAST_SERVICE_EN_4
PILOT_T2_TR_002092,,SFAM_NEAREST_TRANSPORT_005,FAM_NEAREST_TRANSPORT_005,PARA_NEAREST_TRANSPORT_4_1,T2_MEDIUM_V1,nearest_transport,FIND_NEAREST_STATION,"Hello assistant, मारुति अस्पताल के सबसे निकटतम मेट्रो स्टेशन या बस स्टॉप कौन सा है? (निकट F5) #7",hi,Deva,CS0,N1,"{""landmark"": ""मारुति अस्पताल"", ""transport_mode"": ""मेट्रो या बस""}","{""place_id"": ""OSM_POI_7820652140""}",ANSWERABLE_NOW,template_instantiation,TMPL_NEAREST_TRANSPORT_HI_DEVA_4
PILOT_T2_TR_002093,,SFAM_REALTIME_STATUS_QUERY_008,FAM_REALTIME_STATUS_QUERY_008,PARA_REALTIME_STATUS_QUERY_7_1,T2_MEDIUM_V1,realtime_status_query,REJECT_UNSUPPORTED_REALTIME,Transit query: क्या हाई कोर्ट से आने वाली ट्रेन अभी लेट चल रही है लाइव स्थिति बताएं? (ताज़ा F8) #5,hi,Deva,CS0,N2,"{""origin"": ""हाई कोर्ट"", ""transport_mode"": ""ट्रेन""}","{""origin_id"": ""METRO_HIGHCOURT""}",REQUIRES_REALTIME_DATA,template_instantiation,TMPL_REALTIME_STATUS_QUERY_HI_DEVA_7
PILOT_T2_TR_002094,,SFAM_FARE_CALCULATION_015,FAM_FARE_CALCULATION_015,PARA_FARE_CALCULATION_14_2,T2_MEDIUM_V1,fare_query,CALCULATE_FARE,little mount se chennai central metro ride ka standard ticket cost kitna hoga? [kiraya F15],hi,Latn,CS0,N0,"{""origin"": ""little mount"", ""destination"": ""chennai central"", ""transport_mode"": ""metro""}","{""origin_id"": ""METRO_LITTLE_MOUNT"", ""destination_id"": ""METRO_PURATCHI_THALAIVAR_DR__M_G_RAMACHANDRAN_CENTRAL""}",ANSWERABLE_NOW,template_instantiation,TMPL_FARE_CALCULATION_HI_LATN_14
PILOT_T2_TR_002095,,SFAM_MULTIMODAL_ROUTE_019,FAM_MULTIMODAL_ROUTE_019,PARA_MULTIMODAL_ROUTE_18_4,T2_MEDIUM_V1,route_query,PLAN_MULTIMODAL_ROUTE,Adyar से Koyambedu multimodal transit connection kaise le plan F19,hi-en,Deva+Latn,CS4,N2,"{""origin"": ""Adyar"", ""destination"": ""Koyambedu"", ""transport_mode"": ""multimodal""}","{""origin_id"": ""BUS_2587520213"", ""destination_id"": ""METRO_KOYAMBEDU""}",ANSWERABLE_WITH_PROVISIONAL_DATA,template_instantiation,TMPL_MULTIMODAL_ROUTE_MIXED_SCRIPT_CS_18
PILOT_T2_TR_002096,,SFAM_REALTIME_STATUS_QUERY_012,FAM_REALTIME_STATUS_QUERY_012,PARA_REALTIME_STATUS_QUERY_11_0,T2_MEDIUM_V1,realtime_status_query,REJECT_UNSUPPORTED_REALTIME,"Excuse me, Where is bus 22 CT right now and what is its live location? [live F12] #6",en,Latn,CS0,N0,"{""route_number"": ""22 CT"", ""transport_mode"": ""bus""}","{""route_id"": ""GTFS_ROUTE_18753""}",REQUIRES_REALTIME_DATA,template_instantiation,TMPL_REALTIME_STATUS_QUERY_EN_11
PILOT_T2_TR_002097,,SFAM_INTERCHANGE_TRANSFER_010,FAM_INTERCHANGE_TRANSFER_010,PARA_INTERCHANGE_TRANSFER_9_3,T2_MEDIUM_V1,interchange_query,GET_INTERCHANGE_DETAILS,Transfer walking time and directions at Anna Nagar Tower multimodal terminal (F10),hi-en,Latn,CS3,N0,"{""station"": ""Anna Nagar Tower"", ""facility_type"": ""interchange""}","{""station_id"": ""METRO_ANNA_NAGAR_TOWER""}",ANSWERABLE_AFTER_MANUAL_VERIFICATION,template_instantiation,TMPL_INTERCHANGE_TRANSFER_HINGLISH_LATN_9
PILOT_T2_TR_002098,,SFAM_STATION_FACILITIES_019,FAM_STATION_FACILITIES_019,PARA_STATION_FACILITIES_18_1,T2_MEDIUM_V1,station_facilities,GET_STATION_FACILITY,Could you specify क्या किल्पौक मेट्रो स्टेशन पर ईवी चार्जिंग की व्यवस्था उपलब्ध है? (सुविधा F19)? #3,hi,Deva,CS0,N0,"{""station"": ""किल्पौक"", ""facility_type"": ""ev_charging"", ""transport_mode"": ""मेट्रो""}","{""station_id"": ""METRO_KILPAUK""}",ANSWERABLE_NOW,template_instantiation,TMPL_STATION_FACILITIES_HI_DEVA_18
PILOT_T2_TR_002099,,SFAM_TICKETING_AND_PASSES_017,FAM_TICKETING_AND_PASSES_017,PARA_TICKETING_AND_PASSES_16_0,T2_MEDIUM_V1,ticketing_rules,GET_TICKETING_POLICY,"Excuse me, What are the rules and procedure to purchase a Student Concession Card for commuters? [pass F17] #6",en,Latn,CS0,N0,"{""ticket_type"": ""student_pass"", ""transport_mode"": ""transit""}",{},ANSWERABLE_NOW,template_instantiation,TMPL_TICKETING_AND_PASSES_EN_16
PILOT_T2_TR_002100,,SFAM_FIRST_AND_LAST_SERVICE_010,FAM_FIRST_AND_LAST_SERVICE_010,PARA_FIRST_AND_LAST_SERVICE_9_0,T2_MEDIUM_V1,service_timing,GET_FIRST_LAST_SERVICE,Please tell: What time does the earliest and latest train depart Anna Nagar Tower for St. Thomas Mount? [hrs F10] #2,en,Latn,CS0,N0,"{""origin"": ""Anna Nagar Tower"", ""destination"": ""St. Thomas Mount"", ""timing_type"": ""first_last"", ""transport_mode"": ""metro""}","{""origin_id"": ""METRO_ANNA_NAGAR_TOWER"", ""destination_id"": ""METRO_ST__THOMAS_MOUNT""}",ANSWERABLE_NOW,template_instantiation,TMPL_FIRST_AND_LAST_SERVICE_EN_9
PILOT_T2_TR_002101,,SFAM_NEAREST_TRANSPORT_012,FAM_NEAREST_TRANSPORT_012,PARA_NEAREST_TRANSPORT_11_2,T2_MEDIUM_V1,nearest_transport,FIND_NEAREST_STATION,Please tell: iit madras se closest walking distance metro transit point kaunsa hai? [paas F12] #2,hi,Latn,CS0,N1,"{""landmark"": ""iit madras"", ""transport_mode"": ""metro""}","{""place_id"": ""OSM_POI_11013406019""}",ANSWERABLE_NOW,template_instantiation,TMPL_NEAREST_TRANSPORT_HI_LATN_11
PILOT_T2_TR_002102,,SFAM_STATION_ACCESSIBILITY_004,FAM_STATION_ACCESSIBILITY_004,PARA_STATION_ACCESSIBILITY_3_0,T2_MEDIUM_V1,accessibility,GET_ACCESSIBILITY_INFO,Quick check: Are escalator stairs provisions available for differently abled passengers at Alandur? [a11y F4] #4,en,Latn,CS0,N0,"{""station"": ""Alandur"", ""accessibility_feature"": ""escalator"", ""transport_mode"": ""metro""}","{""station_id"": ""METRO_ARIGNAR_ANNA_ALANDUR""}",ANSWERABLE_NOW,template_instantiation,TMPL_STATION_ACCESSIBILITY_EN_3
PILOT_T2_TR_002103,,SFAM_INTERCHANGE_TRANSFER_014,FAM_INTERCHANGE_TRANSFER_014,PARA_INTERCHANGE_TRANSFER_13_0,T2_MEDIUM_V1,interchange_query,GET_INTERCHANGE_DETAILS,Could you specify How do I switch lines to connect towards Airport at Washermenpet interchange? [xfer F14]? #3,en,Latn,CS0,N0,"{""station"": ""Washermenpet"", ""destination"": ""Airport"", ""facility_type"": ""interchange""}","{""station_id"": ""METRO_WASHERMENPET"", ""destination_id"": ""METRO_CHENNAI_INTERNATIONAL_AIRPORT""}",ANSWERABLE_AFTER_MANUAL_VERIFICATION,template_instantiation,TMPL_INTERCHANGE_TRANSFER_EN_13
PILOT_T2_TR_002104,,SFAM_FARE_CALCULATION_011,FAM_FARE_CALCULATION_011,PARA_FARE_CALCULATION_10_1,T2_MEDIUM_V1,fare_query,CALCULATE_FARE,Could you specify एग्मोर से नेहरू पार्क तक का मेट्रो का टोकन किराया कितना रुपया है? (किराया F11)? #3,hi,Deva,CS0,N0,"{""origin"": ""एग्मोर"", ""destination"": ""नेहरू पार्क"", ""fare_type"": ""टोकन"", ""transport_mode"": ""मेट्रो""}","{""origin_id"": ""METRO_EGMORE"", ""destination_id"": ""METRO_NEHRU_PARK""}",ANSWERABLE_NOW,template_instantiation,TMPL_FARE_CALCULATION_HI_DEVA_10
PILOT_T2_TR_002105,,SFAM_TICKETING_AND_PASSES_003,FAM_TICKETING_AND_PASSES_003,PARA_TICKETING_AND_PASSES_2_2,T2_MEDIUM_V1,ticketing_rules,GET_TICKETING_POLICY,Could you specify qr ticket recharge karne ka guidelines aur validity rule bataye. [card F3]? #3,hi,Latn,CS0,N0,"{""ticket_type"": ""qr_ticket"", ""transport_mode"": ""transit""}",{},ANSWERABLE_NOW,template_instantiation,TMPL_TICKETING_AND_PASSES_HI_LATN_2
PILOT_T2_TR_002106,,SFAM_FARE_CALCULATION_004,FAM_FARE_CALCULATION_004,PARA_FARE_CALCULATION_3_1,T2_MEDIUM_V1,fare_query,CALCULATE_FARE,Please tell: आलंदूर से एग्मोर तक का मेट्रो का टोकन किराया कितना रुपया है? (किराया F4) #2,hi,Deva,CS0,N0,"{""origin"": ""आलंदूर"", ""destination"": ""एग्मोर"", ""fare_type"": ""टोकन"", ""transport_mode"": ""मेट्रो""}","{""origin_id"": ""METRO_ARIGNAR_ANNA_ALANDUR"", ""destination_id"": ""METRO_EGMORE""}",ANSWERABLE_NOW,template_instantiation,TMPL_FARE_CALCULATION_HI_DEVA_3
PILOT_T2_TR_002107,,SFAM_INTERCHANGE_TRANSFER_015,FAM_INTERCHANGE_TRANSFER_015,PARA_INTERCHANGE_TRANSFER_14_0,T2_MEDIUM_V1,interchange_query,GET_INTERCHANGE_DETAILS,Please tell: How do I switch lines to connect towards Chennai Central at Little Mount interchange? [xfer F15] #2,en,Latn,CS0,N0,"{""station"": ""Little Mount"", ""destination"": ""Chennai Central"", ""facility_type"": ""interchange""}","{""station_id"": ""METRO_LITTLE_MOUNT"", ""destination_id"": ""METRO_PURATCHI_THALAIVAR_DR__M_G_RAMACHANDRAN_CENTRAL""}",ANSWERABLE_AFTER_MANUAL_VERIFICATION,template_instantiation,TMPL_INTERCHANGE_TRANSFER_EN_14
PILOT_T2_TR_002108,,SFAM_STATION_ACCESSIBILITY_002,FAM_STATION_ACCESSIBILITY_002,PARA_STATION_ACCESSIBILITY_1_4,T2_MEDIUM_V1,accessibility,GET_ACCESSIBILITY_INFO,Chennai Central station par handicapped passengers ke liye passenger elevator lift support status F2,hi-en,Deva+Latn,CS4,N0,"{""station"": ""Chennai Central"", ""accessibility_feature"": ""lift"", ""transport_mode"": ""metro""}","{""station_id"": ""METRO_PURATCHI_THALAIVAR_DR__M_G_RAMACHANDRAN_CENTRAL""}",ANSWERABLE_NOW,template_instantiation,TMPL_STATION_ACCESSIBILITY_MIXED_SCRIPT_CS_1
PILOT_T2_TR_002109,,SFAM_INTERCHANGE_TRANSFER_008,FAM_INTERCHANGE_TRANSFER_008,PARA_INTERCHANGE_TRANSFER_7_0,T2_MEDIUM_V1,interchange_query,GET_INTERCHANGE_DETAILS,Quick check: How do I switch lines to connect towards Little Mount at High Court interchange? [xfer F8] #4,en,Latn,CS0,N0,"{""station"": ""High Court"", ""destination"": ""Little Mount"", ""facility_type"": ""interchange""}","{""station_id"": ""METRO_HIGHCOURT"", ""destination_id"": ""METRO_LITTLE_MOUNT""}",ANSWERABLE_AFTER_MANUAL_VERIFICATION,template_instantiation,TMPL_INTERCHANGE_TRANSFER_EN_7
PILOT_T2_TR_002110,,SFAM_STATION_ACCESSIBILITY_014,FAM_STATION_ACCESSIBILITY_014,PARA_STATION_ACCESSIBILITY_13_0,T2_MEDIUM_V1,accessibility,GET_ACCESSIBILITY_INFO,"Excuse me, Are passenger elevator lift provisions available for differently abled passengers at Washermenpet? [a11y F14] #6",en,Latn,CS0,N0,"{""station"": ""Washermenpet"", ""accessibility_feature"": ""lift"", ""transport_mode"": ""metro""}","{""station_id"": ""METRO_WASHERMENPET""}",ANSWERABLE_NOW,template_instantiation,TMPL_STATION_ACCESSIBILITY_EN_13
PILOT_T2_TR_002111,,SFAM_STATION_FACILITIES_001,FAM_STATION_FACILITIES_001,PARA_STATION_FACILITIES_0_3,T2_MEDIUM_V1,station_facilities,GET_STATION_FACILITY,"Excuse me, Does Airport station premises include operational car parking (F1)? #6",hi-en,Latn,CS3,N0,"{""station"": ""Airport"", ""facility_type"": ""parking"", ""transport_mode"": ""metro""}","{""station_id"": ""METRO_CHENNAI_INTERNATIONAL_AIRPORT""}",ANSWERABLE_NOW,template_instantiation,TMPL_STATION_FACILITIES_HINGLISH_LATN_0
PILOT_T2_TR_002112,,SFAM_MODE_AVAILABILITY_005,FAM_MODE_AVAILABILITY_005,PARA_MODE_AVAILABILITY_4_0,T2_MEDIUM_V1,service_availability,CHECK_SERVICE_AVAILABILITY,Are there direct public transport options from CMBT to Besant Nagar? [avail F5],en,Latn,CS0,N0,"{""origin"": ""CMBT"", ""destination"": ""Besant Nagar"", ""transport_mode"": ""any""}","{""origin_id"": ""METRO_PURATCHI_THALAIVI_DR_J_JAYALALITHAA_CMBT"", ""destination_id"": ""BUS_417750654""}",ANSWERABLE_WITH_PROVISIONAL_DATA,template_instantiation,TMPL_MODE_AVAILABILITY_EN_4
PILOT_T2_TR_002113,,SFAM_NEAREST_TRANSPORT_004,FAM_NEAREST_TRANSPORT_004,PARA_NEAREST_TRANSPORT_3_1,T2_MEDIUM_V1,nearest_transport,FIND_NEAREST_STATION,Quick check: मैरीटाइम संस्थान के सबसे निकटतम मेट्रो स्टेशन या बस स्टॉप कौन सा है? (निकट F4) #4,hi,Deva,CS0,N2,"{""landmark"": ""मैरीटाइम संस्थान"", ""transport_mode"": ""मेट्रो या बस""}","{""place_id"": ""OSM_POI_314081186""}",ANSWERABLE_NOW,template_instantiation,TMPL_NEAREST_TRANSPORT_HI_DEVA_3
PILOT_T2_TR_002114,,SFAM_POINT_TO_POINT_ROUTE_017,FAM_POINT_TO_POINT_ROUTE_017,PARA_POINT_TO_POINT_ROUTE_16_1,T2_MEDIUM_V1,route_query,PLAN_ROUTE,Could you specify सेंट थॉमस माउंट से आलंदूर मेट्रो से जाने का रास्ता क्या है? (प्रारूप F17)? #3,hi,Deva,CS0,N0,"{""origin"": ""सेंट थॉमस माउंट"", ""destination"": ""आलंदूर"", ""transport_mode"": ""मेट्रो""}","{""origin_id"": ""METRO_ST__THOMAS_MOUNT"", ""destination_id"": ""METRO_ARIGNAR_ANNA_ALANDUR""}",ANSWERABLE_WITH_PROVISIONAL_DATA,template_instantiation,TMPL_POINT_TO_POINT_ROUTE_HI_DEVA_16
PILOT_T2_TR_002115,,SFAM_SCHEDULED_DEPARTURE_016,FAM_SCHEDULED_DEPARTURE_016,PARA_SCHEDULED_DEPARTURE_15_3,T2_MEDIUM_V1,service_timing,GET_SCHEDULED_DEPARTURES,Please tell: Saidapet station se kal 8 baje train schedule kya hoga (F16) #2,hi-en,Latn,CS3,N1,"{""origin"": ""Saidapet"", ""temporal_relative"": ""kal"", ""resolved_temporal_offset"": ""UNRESOLVED_TEMPORAL_AMBIGUITY"", ""time"": ""8 baje"", ""temporal_ambiguity"": true, ""dual_candidates"": [""08:00:00"", ""20:00:00""]}","{""origin_id"": ""METRO_SAIDAPET""}",ANSWERABLE_NOW,template_instantiation,TMPL_SCHEDULED_DEPARTURE_HINGLISH_LATN_15
PILOT_T2_TR_002116,,SFAM_NEAREST_TRANSPORT_010,FAM_NEAREST_TRANSPORT_010,PARA_NEAREST_TRANSPORT_9_2,T2_MEDIUM_V1,nearest_transport,FIND_NEAREST_STATION,padalam hospital se closest walking distance metro transit point kaunsa hai? [paas F10],hi,Latn,CS0,N0,"{""landmark"": ""padalam hospital"", ""transport_mode"": ""metro""}","{""place_id"": ""OSM_POI_7257518724""}",ANSWERABLE_NOW,template_instantiation,TMPL_NEAREST_TRANSPORT_HI_LATN_9
PILOT_T2_TR_002117,,SFAM_FARE_CALCULATION_011,FAM_FARE_CALCULATION_011,PARA_FARE_CALCULATION_10_0,T2_MEDIUM_V1,fare_query,CALCULATE_FARE,Please tell: What is the single-journey ticket fare from Egmore to Nehru Park on metro? [fare F11] #2,en,Latn,CS0,N0,"{""origin"": ""Egmore"", ""destination"": ""Nehru Park"", ""fare_type"": ""token"", ""transport_mode"": ""metro""}","{""origin_id"": ""METRO_EGMORE"", ""destination_id"": ""METRO_NEHRU_PARK""}",ANSWERABLE_NOW,template_instantiation,TMPL_FARE_CALCULATION_EN_10
PILOT_T2_TR_002118,,SFAM_REALTIME_STATUS_QUERY_012,FAM_REALTIME_STATUS_QUERY_012,PARA_REALTIME_STATUS_QUERY_11_1,T2_MEDIUM_V1,realtime_status_query,REJECT_UNSUPPORTED_REALTIME,Quick check: क्या थाउजेंड लाइट्स से आने वाली ट्रेन अभी लेट चल रही है लाइव स्थिति बताएं? (ताज़ा F12) #4,hi,Deva,CS0,N0,"{""origin"": ""थाउजेंड लाइट्स"", ""transport_mode"": ""ट्रेन""}","{""origin_id"": ""METRO_THOUSAND_LIGHTS""}",REQUIRES_REALTIME_DATA,template_instantiation,TMPL_REALTIME_STATUS_QUERY_HI_DEVA_11
PILOT_T2_TR_002119,,SFAM_STATION_FACILITIES_013,FAM_STATION_FACILITIES_013,PARA_STATION_FACILITIES_12_2,T2_MEDIUM_V1,station_facilities,GET_STATION_FACILITY,Could you specify kya wimco nagar depot station par passenger car parking service available hai? [amenity F13]? #3,hi,Latn,CS0,N0,"{""station"": ""wimco nagar depot"", ""facility_type"": ""parking"", ""transport_mode"": ""metro""}","{""station_id"": ""METRO_WIMCO_NAGAR""}",ANSWERABLE_NOW,template_instantiation,TMPL_STATION_FACILITIES_HI_LATN_12
PILOT_T2_TR_002120,,SFAM_NEAREST_TRANSPORT_001,FAM_NEAREST_TRANSPORT_001,PARA_NEAREST_TRANSPORT_0_3,T2_MEDIUM_V1,nearest_transport,FIND_NEAREST_STATION,Transit query: Find closest public transport access point near Marina Beach (F1) #5,hi-en,Latn,CS3,N0,"{""landmark"": ""Marina Beach"", ""transport_mode"": ""public transport""}","{""place_id"": ""OSM_POI_12137617372""}",ANSWERABLE_NOW,template_instantiation,TMPL_NEAREST_TRANSPORT_HINGLISH_LATN_0
PILOT_T2_TR_002121,,SFAM_REALTIME_STATUS_QUERY_014,FAM_REALTIME_STATUS_QUERY_014,PARA_REALTIME_STATUS_QUERY_13_0,T2_MEDIUM_V1,realtime_status_query,REJECT_UNSUPPORTED_REALTIME,Where is bus Blue Line right now and what is its live location? [live F14],en,Latn,CS0,N0,"{""route_number"": ""Blue Line"", ""transport_mode"": ""bus""}","{""route_id"": ""CMRL_BLUE_CORRIDOR_1""}",REQUIRES_REALTIME_DATA,template_instantiation,TMPL_REALTIME_STATUS_QUERY_EN_13
PILOT_T2_TR_002122,,SFAM_STATION_FACILITIES_009,FAM_STATION_FACILITIES_009,PARA_STATION_FACILITIES_8_0,T2_MEDIUM_V1,station_facilities,GET_STATION_FACILITY,Quick check: Is car parking facility available at Thirumangalam metro station? [fac F9] #4,en,Latn,CS0,N0,"{""station"": ""Thirumangalam"", ""facility_type"": ""parking"", ""transport_mode"": ""metro""}","{""station_id"": ""METRO_THIRUMANGALAM""}",ANSWERABLE_NOW,template_instantiation,TMPL_STATION_FACILITIES_EN_8
PILOT_T2_TR_002123,,SFAM_MULTIMODAL_ROUTE_001,FAM_MULTIMODAL_ROUTE_001,PARA_MULTIMODAL_ROUTE_0_0,T2_MEDIUM_V1,route_query,PLAN_MULTIMODAL_ROUTE,What is the combined bus and metro route from Tambaram to High Court? [plan F1],en,Latn,CS0,N0,"{""origin"": ""Tambaram"", ""destination"": ""High Court"", ""transport_mode"": ""multimodal""}","{""origin_id"": ""BUS_5304399879"", ""destination_id"": ""METRO_HIGHCOURT""}",ANSWERABLE_WITH_PROVISIONAL_DATA,template_instantiation,TMPL_MULTIMODAL_ROUTE_EN_0
PILOT_T2_TR_002124,,SFAM_SERVICE_FREQUENCY_002,FAM_SERVICE_FREQUENCY_002,PARA_SERVICE_FREQUENCY_1_0,T2_MEDIUM_V1,service_timing,GET_SERVICE_FREQUENCY,How many minutes between trains on the line connecting Chennai Central and Thirumangalam? [freq F2],en,Latn,CS0,N0,"{""origin"": ""Chennai Central"", ""destination"": ""Thirumangalam"", ""timing_type"": ""frequency"", ""transport_mode"": ""metro""}","{""origin_id"": ""METRO_PURATCHI_THALAIVAR_DR__M_G_RAMACHANDRAN_CENTRAL"", ""destination_id"": ""METRO_THIRUMANGALAM""}",ANSWERABLE_NOW,template_instantiation,TMPL_SERVICE_FREQUENCY_EN_1
PILOT_T2_TR_002125,,SFAM_NEAREST_TRANSPORT_001,FAM_NEAREST_TRANSPORT_001,PARA_NEAREST_TRANSPORT_0_2,T2_MEDIUM_V1,nearest_transport,FIND_NEAREST_STATION,Quick check: marina beach se closest walking distance metro transit point kaunsa hai? [paas F1] #4,hi,Latn,CS0,N0,"{""landmark"": ""marina beach"", ""transport_mode"": ""metro""}","{""place_id"": ""OSM_POI_12137617372""}",ANSWERABLE_NOW,template_instantiation,TMPL_NEAREST_TRANSPORT_HI_LATN_0
PILOT_T2_TR_002126,,SFAM_OUT_OF_SCOPE_013,FAM_OUT_OF_SCOPE_013,PARA_OUT_OF_SCOPE_12_0,T2_MEDIUM_V1,out_of_scope,REJECT_OUT_OF_SCOPE,Book a private cab taxi ride from Wimco Nagar Depot to Pachaiyappa College. [cab F13],en,Latn,CS0,N0,"{""origin"": ""Wimco Nagar Depot"", ""destination"": ""Pachaiyappa College""}","{""origin_id"": ""METRO_WIMCO_NAGAR"", ""destination_id"": ""METRO_PACHAIYAPPA_S_COLLEGE""}",OUT_OF_SCOPE,template_instantiation,TMPL_OUT_OF_SCOPE_EN_12
PILOT_T2_TR_002127,,SFAM_TICKETING_AND_PASSES_007,FAM_TICKETING_AND_PASSES_007,PARA_TICKETING_AND_PASSES_6_3,T2_MEDIUM_V1,ticketing_rules,GET_TICKETING_POLICY,Please tell: How can regular passengers apply for and renew Monthly Season Pass (F7)? #2,hi-en,Latn,CS3,N0,"{""ticket_type"": ""monthly_pass"", ""transport_mode"": ""transit""}",{},ANSWERABLE_NOW,template_instantiation,TMPL_TICKETING_AND_PASSES_HINGLISH_LATN_6
PILOT_T2_TR_002128,,SFAM_STATION_ACCESSIBILITY_011,FAM_STATION_ACCESSIBILITY_011,PARA_STATION_ACCESSIBILITY_10_2,T2_MEDIUM_V1,accessibility,GET_ACCESSIBILITY_INFO,Could you specify kya egmore metro station me wheelchair disabled ke liye tactile paths for blind hai? [barrier-free F11]? #3,hi,Latn,CS0,N0,"{""station"": ""egmore"", ""accessibility_feature"": ""tactile_path"", ""transport_mode"": ""metro""}","{""station_id"": ""METRO_EGMORE""}",ANSWERABLE_NOW,template_instantiation,TMPL_STATION_ACCESSIBILITY_HI_LATN_10
PILOT_T2_TR_002129,,SFAM_ROUTE_STOP_MEMBERSHIP_002,FAM_ROUTE_STOP_MEMBERSHIP_002,PARA_ROUTE_STOP_MEMBERSHIP_1_2,T2_MEDIUM_V1,route_stops,CHECK_STOP_ON_ROUTE,kya bus 102 ka broadway par stoppage hai confirm kare? [check F2],hi,Latn,CS0,N0,"{""route_number"": ""102"", ""stop"": ""broadway"", ""transport_mode"": ""bus""}","{""route_id"": ""GTFS_ROUTE_16861"", ""stop_id"": ""BUS_27618346""}",ANSWERABLE_WITH_PROVISIONAL_DATA,template_instantiation,TMPL_ROUTE_STOP_MEMBERSHIP_HI_LATN_1
PILOT_T2_TR_002130,,SFAM_FIRST_AND_LAST_SERVICE_005,FAM_FIRST_AND_LAST_SERVICE_005,PARA_FIRST_AND_LAST_SERVICE_4_3,T2_MEDIUM_V1,service_timing,GET_FIRST_LAST_SERVICE,Please tell: First train and last train operational hours between CMBT and Thousand Lights (F5) #2,hi-en,Latn,CS3,N0,"{""origin"": ""CMBT"", ""destination"": ""Thousand Lights"", ""timing_type"": ""first_last"", ""transport_mode"": ""train""}","{""origin_id"": ""METRO_PURATCHI_THALAIVI_DR_J_JAYALALITHAA_CMBT"", ""destination_id"": ""METRO_THOUSAND_LIGHTS""}",ANSWERABLE_NOW,template_instantiation,TMPL_FIRST_AND_LAST_SERVICE_HINGLISH_LATN_4
PILOT_T2_TR_002131,,SFAM_OUT_OF_SCOPE_020,FAM_OUT_OF_SCOPE_020,PARA_OUT_OF_SCOPE_19_2,T2_MEDIUM_V1,out_of_scope,REJECT_OUT_OF_SCOPE,Could you specify pachaiyappa college airport terminal ke flight delay timings check kijiye. [bahar F20]? #3,hi,Latn,CS0,N0,"{""station"": ""pachaiyappa college""}","{""station_id"": ""METRO_PACHAIYAPPA_S_COLLEGE""}",OUT_OF_SCOPE,template_instantiation,TMPL_OUT_OF_SCOPE_HI_LATN_19
PILOT_T2_TR_002132,,SFAM_NEAREST_TRANSPORT_005,FAM_NEAREST_TRANSPORT_005,PARA_NEAREST_TRANSPORT_4_0,T2_MEDIUM_V1,nearest_transport,FIND_NEAREST_STATION,Transit query: Which is the nearest metro station or transit stop to Maruthi Hospital? [loc F5] #5,en,Latn,CS0,N0,"{""landmark"": ""Maruthi Hospital"", ""transport_mode"": ""metro""}","{""place_id"": ""OSM_POI_7820652140""}",ANSWERABLE_NOW,template_instantiation,TMPL_NEAREST_TRANSPORT_EN_4
PILOT_T2_TR_002133,,SFAM_STATION_ACCESSIBILITY_020,FAM_STATION_ACCESSIBILITY_020,PARA_STATION_ACCESSIBILITY_19_3,T2_MEDIUM_V1,accessibility,GET_ACCESSIBILITY_INFO,Transit query: Verification of accessible escalator stairs support at Pachaiyappa College metro (F20) #5,hi-en,Latn,CS3,N0,"{""station"": ""Pachaiyappa College"", ""accessibility_feature"": ""escalator"", ""transport_mode"": ""metro""}","{""station_id"": ""METRO_PACHAIYAPPA_S_COLLEGE""}",ANSWERABLE_NOW,template_instantiation,TMPL_STATION_ACCESSIBILITY_HINGLISH_LATN_19
PILOT_T2_TR_002134,,SFAM_INTERCHANGE_TRANSFER_011,FAM_INTERCHANGE_TRANSFER_011,PARA_INTERCHANGE_TRANSFER_10_1,T2_MEDIUM_V1,interchange_query,GET_INTERCHANGE_DETAILS,Transit query: एग्मोर इंटरचेंज पर दूसरी लाइन में ट्रांसफर करने का मार्ग क्या है? (बदलाव F11) #5,hi,Deva,CS0,N2,"{""station"": ""एग्मोर"", ""facility_type"": ""इंटरचेंज""}","{""station_id"": ""METRO_EGMORE""}",ANSWERABLE_AFTER_MANUAL_VERIFICATION,template_instantiation,TMPL_INTERCHANGE_TRANSFER_HI_DEVA_10
PILOT_T2_TR_002135,,SFAM_OUT_OF_SCOPE_006,FAM_OUT_OF_SCOPE_006,PARA_OUT_OF_SCOPE_5_1,T2_MEDIUM_V1,out_of_scope,REJECT_OUT_OF_SCOPE,Please tell: कोयम्बेडु के निकटतम सबसे अच्छे रेस्टोरेंट और भोजनालय की सूची दें। (बाहर F6) #2,hi,Deva,CS0,N0,"{""station"": ""कोयम्बेडु""}","{""station_id"": ""METRO_KOYAMBEDU""}",OUT_OF_SCOPE,template_instantiation,TMPL_OUT_OF_SCOPE_HI_DEVA_5
PILOT_T2_TR_002136,,SFAM_REALTIME_STATUS_QUERY_008,FAM_REALTIME_STATUS_QUERY_008,PARA_REALTIME_STATUS_QUERY_7_3,T2_MEDIUM_V1,realtime_status_query,REJECT_UNSUPPORTED_REALTIME,Please tell: Live crowd density and train arrival countdown at High Court right now (F8) #2,hi-en,Latn,CS3,N0,"{""station"": ""High Court"", ""transport_mode"": ""metro""}","{""station_id"": ""METRO_HIGHCOURT""}",REQUIRES_REALTIME_DATA,template_instantiation,TMPL_REALTIME_STATUS_QUERY_HINGLISH_LATN_7
PILOT_T2_TR_002137,,SFAM_NEAREST_TRANSPORT_018,FAM_NEAREST_TRANSPORT_018,PARA_NEAREST_TRANSPORT_17_3,T2_MEDIUM_V1,nearest_transport,FIND_NEAREST_STATION,"Excuse me, Find closest public transport access point near Madhuranthagam Hospital (F18) #6",hi-en,Latn,CS3,N1,"{""landmark"": ""Madhuranthagam Hospital"", ""transport_mode"": ""public transport""}","{""place_id"": ""OSM_POI_7257518777""}",ANSWERABLE_NOW,template_instantiation,TMPL_NEAREST_TRANSPORT_HINGLISH_LATN_17
PILOT_T2_TR_002138,,SFAM_NEAREST_TRANSPORT_020,FAM_NEAREST_TRANSPORT_020,PARA_NEAREST_TRANSPORT_19_2,T2_MEDIUM_V1,nearest_transport,FIND_NEAREST_STATION,Please tell: padalam hospital se closest walking distance metro transit point kaunsa hai? [paas F20] #2,hi,Latn,CS0,N1,"{""landmark"": ""padalam hospital"", ""transport_mode"": ""metro""}","{""place_id"": ""OSM_POI_7257518724""}",ANSWERABLE_NOW,template_instantiation,TMPL_NEAREST_TRANSPORT_HI_LATN_19
PILOT_T2_TR_002139,,SFAM_STATION_ACCESSIBILITY_003,FAM_STATION_ACCESSIBILITY_003,PARA_STATION_ACCESSIBILITY_2_3,T2_MEDIUM_V1,accessibility,GET_ACCESSIBILITY_INFO,Could you specify Verification of accessible tactile floor paths support at Guindy metro (F3)? #3,hi-en,Latn,CS3,N1,"{""station"": ""Guindy"", ""accessibility_feature"": ""tactile_path"", ""transport_mode"": ""metro""}","{""station_id"": ""METRO_GUINDY""}",ANSWERABLE_NOW,template_instantiation,TMPL_STATION_ACCESSIBILITY_HINGLISH_LATN_2
PILOT_T2_TR_002140,,SFAM_SCHEDULED_DEPARTURE_005,FAM_SCHEDULED_DEPARTURE_005,PARA_SCHEDULED_DEPARTURE_4_2,T2_MEDIUM_V1,service_timing,GET_SCHEDULED_DEPARTURES,Please tell: cmbt se sham 7 baje departure timing schedule bataye. [timetable F5] #2,hi,Latn,CS0,N0,"{""origin"": ""cmbt"", ""time"": ""sham 7 baje"", ""resolved_time"": ""19:00:00""}","{""origin_id"": ""METRO_PURATCHI_THALAIVI_DR_J_JAYALALITHAA_CMBT""}",ANSWERABLE_NOW,template_instantiation,TMPL_SCHEDULED_DEPARTURE_HI_LATN_4
PILOT_T2_TR_002141,,SFAM_MODE_AVAILABILITY_019,FAM_MODE_AVAILABILITY_019,PARA_MODE_AVAILABILITY_18_3,T2_MEDIUM_V1,service_availability,CHECK_SERVICE_AVAILABILITY,"Excuse me, Is public transit operational connecting Kilpauk and Adyar (F19)? #6",hi-en,Latn,CS3,N1,"{""origin"": ""Kilpauk"", ""destination"": ""Adyar"", ""transport_mode"": ""public transit""}","{""origin_id"": ""METRO_KILPAUK"", ""destination_id"": ""BUS_2587520213""}",ANSWERABLE_WITH_PROVISIONAL_DATA,template_instantiation,TMPL_MODE_AVAILABILITY_HINGLISH_LATN_18
PILOT_T2_TR_002142,,SFAM_OUT_OF_SCOPE_008,FAM_OUT_OF_SCOPE_008,PARA_OUT_OF_SCOPE_7_3,T2_MEDIUM_V1,out_of_scope,REJECT_OUT_OF_SCOPE,Quick check: What is the general weather rain forecast in Chennai near Madhuranthagam Hospital today (F8)? #4,hi-en,Latn,CS3,N0,"{""landmark"": ""Madhuranthagam Hospital""}","{""place_id"": ""OSM_POI_7257518777""}",OUT_OF_SCOPE,template_instantiation,TMPL_OUT_OF_SCOPE_HINGLISH_LATN_7
PILOT_T2_TR_002143,,SFAM_FARE_CALCULATION_002,FAM_FARE_CALCULATION_002,PARA_FARE_CALCULATION_1_3,T2_MEDIUM_V1,fare_query,CALCULATE_FARE,Please tell: Calculate fare for travel between Chennai Central and Thirumangalam stations (F2) #2,hi-en,Latn,CS3,N0,"{""origin"": ""Chennai Central"", ""destination"": ""Thirumangalam"", ""transport_mode"": ""metro""}","{""origin_id"": ""METRO_PURATCHI_THALAIVAR_DR__M_G_RAMACHANDRAN_CENTRAL"", ""destination_id"": ""METRO_THIRUMANGALAM""}",ANSWERABLE_NOW,template_instantiation,TMPL_FARE_CALCULATION_HINGLISH_LATN_1
PILOT_T2_TR_002144,,SFAM_POINT_TO_POINT_ROUTE_005,FAM_POINT_TO_POINT_ROUTE_005,PARA_POINT_TO_POINT_ROUTE_4_3,T2_MEDIUM_V1,route_query,PLAN_ROUTE,CMBT to Thousand Lights metro ride ka best direct route bataiye (F5),hi-en,Latn,CS3,N0,"{""origin"": ""CMBT"", ""destination"": ""Thousand Lights"", ""transport_mode"": ""metro""}","{""origin_id"": ""METRO_PURATCHI_THALAIVI_DR_J_JAYALALITHAA_CMBT"", ""destination_id"": ""METRO_THOUSAND_LIGHTS""}",ANSWERABLE_WITH_PROVISIONAL_DATA,template_instantiation,TMPL_POINT_TO_POINT_ROUTE_HINGLISH_LATN_4
PILOT_T2_TR_002145,,SFAM_SCHEDULED_DEPARTURE_017,FAM_SCHEDULED_DEPARTURE_017,PARA_SCHEDULED_DEPARTURE_16_0,T2_MEDIUM_V1,service_timing,GET_SCHEDULED_DEPARTURES,Show metro departure timetable at bare 8 o'clock from St. Thomas Mount [sched F17],en,Latn,CS0,N0,"{""origin"": ""St. Thomas Mount"", ""time"": ""8 o'clock"", ""temporal_ambiguity"": true, ""dual_candidates"": [""08:00:00"", ""20:00:00""]}","{""origin_id"": ""METRO_ST__THOMAS_MOUNT""}",ANSWERABLE_NOW,template_instantiation,TMPL_SCHEDULED_DEPARTURE_EN_16
PILOT_T2_TR_002146,,SFAM_OUT_OF_SCOPE_010,FAM_OUT_OF_SCOPE_010,PARA_OUT_OF_SCOPE_9_3,T2_MEDIUM_V1,out_of_scope,REJECT_OUT_OF_SCOPE,Transit query: What is the general weather rain forecast in Chennai near Padalam Hospital today (F10)? #5,hi-en,Latn,CS3,N1,"{""landmark"": ""Padalam Hospital""}","{""place_id"": ""OSM_POI_7257518724""}",OUT_OF_SCOPE,template_instantiation,TMPL_OUT_OF_SCOPE_HINGLISH_LATN_9
PILOT_T2_TR_002147,,SFAM_FARE_CALCULATION_008,FAM_FARE_CALCULATION_008,PARA_FARE_CALCULATION_7_0,T2_MEDIUM_V1,fare_query,CALCULATE_FARE,Transit query: What is the single-journey ticket fare from High Court to Little Mount on metro? [fare F8] #5,en,Latn,CS0,N0,"{""origin"": ""High Court"", ""destination"": ""Little Mount"", ""fare_type"": ""token"", ""transport_mode"": ""metro""}","{""origin_id"": ""METRO_HIGHCOURT"", ""destination_id"": ""METRO_LITTLE_MOUNT""}",ANSWERABLE_NOW,template_instantiation,TMPL_FARE_CALCULATION_EN_7
PILOT_T2_TR_002148,,SFAM_OUT_OF_SCOPE_006,FAM_OUT_OF_SCOPE_006,PARA_OUT_OF_SCOPE_5_1,T2_MEDIUM_V1,out_of_scope,REJECT_OUT_OF_SCOPE,Quick check: कोयम्बेडु के निकटतम सबसे अच्छे रेस्टोरेंट और भोजनालय की सूची दें। (बाहर F6) #4,hi,Deva,CS0,N0,"{""station"": ""कोयम्बेडु""}","{""station_id"": ""METRO_KOYAMBEDU""}",OUT_OF_SCOPE,template_instantiation,TMPL_OUT_OF_SCOPE_HI_DEVA_5
PILOT_T2_TR_002149,,SFAM_INTERCHANGE_TRANSFER_013,FAM_INTERCHANGE_TRANSFER_013,PARA_INTERCHANGE_TRANSFER_12_1,T2_MEDIUM_V1,interchange_query,GET_INTERCHANGE_DETAILS,Please tell: विमको नगर इंटरचेंज पर दूसरी लाइन में ट्रांसफर करने का मार्ग क्या है? (बदलाव F13) #2,hi,Deva,CS0,N0,"{""station"": ""विमको नगर"", ""facility_type"": ""इंटरचेंज""}","{""station_id"": ""METRO_WIMCO_NAGAR""}",ANSWERABLE_AFTER_MANUAL_VERIFICATION,template_instantiation,TMPL_INTERCHANGE_TRANSFER_HI_DEVA_12
PILOT_T2_TR_002150,,SFAM_OUT_OF_SCOPE_003,FAM_OUT_OF_SCOPE_003,PARA_OUT_OF_SCOPE_2_1,T2_MEDIUM_V1,out_of_scope,REJECT_OUT_OF_SCOPE,Quick check: गिंडी के निकटतम सबसे अच्छे रेस्टोरेंट और भोजनालय की सूची दें। (बाहर F3) #4,hi,Deva,CS0,N2,"{""station"": ""गिंडी""}","{""station_id"": ""METRO_GUINDY""}",OUT_OF_SCOPE,template_instantiation,TMPL_OUT_OF_SCOPE_HI_DEVA_2
PILOT_T2_TR_002151,,SFAM_NEAREST_TRANSPORT_010,FAM_NEAREST_TRANSPORT_010,PARA_NEAREST_TRANSPORT_9_3,T2_MEDIUM_V1,nearest_transport,FIND_NEAREST_STATION,Please tell: Find closest public transport access point near Padalam Hospital (F10) #2,hi-en,Latn,CS3,N0,"{""landmark"": ""Padalam Hospital"", ""transport_mode"": ""public transport""}","{""place_id"": ""OSM_POI_7257518724""}",ANSWERABLE_NOW,template_instantiation,TMPL_NEAREST_TRANSPORT_HINGLISH_LATN_9
PILOT_T2_TR_002152,,SFAM_STATION_FACILITIES_010,FAM_STATION_FACILITIES_010,PARA_STATION_FACILITIES_9_2,T2_MEDIUM_V1,station_facilities,GET_STATION_FACILITY,kya anna nagar tower station par passenger bike parking service available hai? [amenity F10],hi,Latn,CS0,N0,"{""station"": ""anna nagar tower"", ""facility_type"": ""two_wheeler_parking"", ""transport_mode"": ""metro""}","{""station_id"": ""METRO_ANNA_NAGAR_TOWER""}",ANSWERABLE_NOW,template_instantiation,TMPL_STATION_FACILITIES_HI_LATN_9
PILOT_T2_TR_002153,,SFAM_STATION_FACILITIES_018,FAM_STATION_FACILITIES_018,PARA_STATION_FACILITIES_17_1,T2_MEDIUM_V1,station_facilities,GET_STATION_FACILITY,"Excuse me, क्या नेहरू पार्क मेट्रो स्टेशन पर बाइक पार्किंग की व्यवस्था उपलब्ध है? (सुविधा F18) #6",hi,Deva,CS0,N0,"{""station"": ""नेहरू पार्क"", ""facility_type"": ""two_wheeler_parking"", ""transport_mode"": ""मेट्रो""}","{""station_id"": ""METRO_NEHRU_PARK""}",ANSWERABLE_NOW,template_instantiation,TMPL_STATION_FACILITIES_HI_DEVA_17
PILOT_T2_TR_002154,,SFAM_MULTIMODAL_ROUTE_013,FAM_MULTIMODAL_ROUTE_013,PARA_MULTIMODAL_ROUTE_12_3,T2_MEDIUM_V1,route_query,PLAN_MULTIMODAL_ROUTE,Please tell: Can you give combined bus and train route from Nelvoy to Pachaiyappa College (F13)? #2,hi-en,Latn,CS3,N0,"{""origin"": ""Nelvoy"", ""destination"": ""Pachaiyappa College"", ""transport_mode"": ""bus and train""}","{""origin_id"": ""BUS_469106564"", ""destination_id"": ""METRO_PACHAIYAPPA_S_COLLEGE""}",ANSWERABLE_WITH_PROVISIONAL_DATA,template_instantiation,TMPL_MULTIMODAL_ROUTE_HINGLISH_LATN_12
PILOT_T2_TR_002155,,SFAM_FARE_CALCULATION_003,FAM_FARE_CALCULATION_003,PARA_FARE_CALCULATION_2_0,T2_MEDIUM_V1,fare_query,CALCULATE_FARE,"Hello assistant, What is the single-journey ticket fare from Guindy to Anna Nagar Tower on metro? [fare F3] #7",en,Latn,CS0,N1,"{""origin"": ""Guindy"", ""destination"": ""Anna Nagar Tower"", ""fare_type"": ""token"", ""transport_mode"": ""metro""}","{""origin_id"": ""METRO_GUINDY"", ""destination_id"": ""METRO_ANNA_NAGAR_TOWER""}",ANSWERABLE_NOW,template_instantiation,TMPL_FARE_CALCULATION_EN_2
PILOT_T2_TR_002156,,SFAM_STATION_FACILITIES_001,FAM_STATION_FACILITIES_001,PARA_STATION_FACILITIES_0_4,T2_MEDIUM_V1,station_facilities,GET_STATION_FACILITY,क्या Airport station par passengers ke liye car parking accessible hai F1,hi-en,Deva+Latn,CS4,N0,"{""station"": ""Airport"", ""facility_type"": ""parking"", ""transport_mode"": ""metro""}","{""station_id"": ""METRO_CHENNAI_INTERNATIONAL_AIRPORT""}",ANSWERABLE_NOW,template_instantiation,TMPL_STATION_FACILITIES_MIXED_SCRIPT_CS_0
PILOT_T2_TR_002157,,SFAM_NEAREST_TRANSPORT_004,FAM_NEAREST_TRANSPORT_004,PARA_NEAREST_TRANSPORT_3_1,T2_MEDIUM_V1,nearest_transport,FIND_NEAREST_STATION,Could you specify मैरीटाइम संस्थान के सबसे निकटतम मेट्रो स्टेशन या बस स्टॉप कौन सा है? (निकट F4)? #3,hi,Deva,CS0,N0,"{""landmark"": ""मैरीटाइम संस्थान"", ""transport_mode"": ""मेट्रो या बस""}","{""place_id"": ""OSM_POI_314081186""}",ANSWERABLE_NOW,template_instantiation,TMPL_NEAREST_TRANSPORT_HI_DEVA_3
PILOT_T2_TR_002158,,SFAM_OUT_OF_SCOPE_020,FAM_OUT_OF_SCOPE_020,PARA_OUT_OF_SCOPE_19_1,T2_MEDIUM_V1,out_of_scope,REJECT_OUT_OF_SCOPE,"Excuse me, पचैयप्पा कॉलेज के निकटतम सबसे अच्छे रेस्टोरेंट और भोजनालय की सूची दें। (बाहर F20) #6",hi,Deva,CS0,N0,"{""station"": ""पचैयप्पा कॉलेज""}","{""station_id"": ""METRO_PACHAIYAPPA_S_COLLEGE""}",OUT_OF_SCOPE,template_instantiation,TMPL_OUT_OF_SCOPE_HI_DEVA_19
PILOT_T2_TR_002159,,SFAM_FARE_CALCULATION_014,FAM_FARE_CALCULATION_014,PARA_FARE_CALCULATION_13_0,T2_MEDIUM_V1,fare_query,CALCULATE_FARE,Transit query: What is the single-journey ticket fare from Washermenpet to Airport on metro? [fare F14] #5,en,Latn,CS0,N0,"{""origin"": ""Washermenpet"", ""destination"": ""Airport"", ""fare_type"": ""token"", ""transport_mode"": ""metro""}","{""origin_id"": ""METRO_WASHERMENPET"", ""destination_id"": ""METRO_CHENNAI_INTERNATIONAL_AIRPORT""}",ANSWERABLE_NOW,template_instantiation,TMPL_FARE_CALCULATION_EN_13
PILOT_T2_TR_002160,,SFAM_SCHEDULED_DEPARTURE_005,FAM_SCHEDULED_DEPARTURE_005,PARA_SCHEDULED_DEPARTURE_4_1,T2_MEDIUM_V1,service_timing,GET_SCHEDULED_DEPARTURES,Please tell: सीएमबीटी से सुबह 8 बजे छूटने वाली गाड़ियों की समय सारणी दिखाएं। (समय F5) #2,hi,Deva,CS0,N0,"{""origin"": ""सीएमबीटी"", ""time"": ""सुबह 8 बजे"", ""resolved_time"": ""08:00:00""}","{""origin_id"": ""METRO_PURATCHI_THALAIVI_DR_J_JAYALALITHAA_CMBT""}",ANSWERABLE_NOW,template_instantiation,TMPL_SCHEDULED_DEPARTURE_HI_DEVA_4
PILOT_T2_TR_002161,,SFAM_FARE_CALCULATION_002,FAM_FARE_CALCULATION_002,PARA_FARE_CALCULATION_1_0,T2_MEDIUM_V1,fare_query,CALCULATE_FARE,Could you specify What is the single-journey ticket fare from Chennai Central to Thirumangalam on metro? [fare F2]? #3,en,Latn,CS0,N0,"{""origin"": ""Chennai Central"", ""destination"": ""Thirumangalam"", ""fare_type"": ""token"", ""transport_mode"": ""metro""}","{""origin_id"": ""METRO_PURATCHI_THALAIVAR_DR__M_G_RAMACHANDRAN_CENTRAL"", ""destination_id"": ""METRO_THIRUMANGALAM""}",ANSWERABLE_NOW,template_instantiation,TMPL_FARE_CALCULATION_EN_1
PILOT_T2_TR_002162,,SFAM_REALTIME_STATUS_QUERY_018,FAM_REALTIME_STATUS_QUERY_018,PARA_REALTIME_STATUS_QUERY_17_3,T2_MEDIUM_V1,realtime_status_query,REJECT_UNSUPPORTED_REALTIME,Live crowd density and train arrival countdown at Nehru Park right now (F18),hi-en,Latn,CS3,N0,"{""station"": ""Nehru Park"", ""transport_mode"": ""metro""}","{""station_id"": ""METRO_NEHRU_PARK""}",REQUIRES_REALTIME_DATA,template_instantiation,TMPL_REALTIME_STATUS_QUERY_HINGLISH_LATN_17
PILOT_T2_TR_002163,,SFAM_STATION_FACILITIES_018,FAM_STATION_FACILITIES_018,PARA_STATION_FACILITIES_17_2,T2_MEDIUM_V1,station_facilities,GET_STATION_FACILITY,kya nehru park station par passenger bike parking service available hai? [amenity F18],hi,Latn,CS0,N0,"{""station"": ""nehru park"", ""facility_type"": ""two_wheeler_parking"", ""transport_mode"": ""metro""}","{""station_id"": ""METRO_NEHRU_PARK""}",ANSWERABLE_NOW,template_instantiation,TMPL_STATION_FACILITIES_HI_LATN_17
PILOT_T2_TR_002164,,SFAM_MODE_AVAILABILITY_005,FAM_MODE_AVAILABILITY_005,PARA_MODE_AVAILABILITY_4_3,T2_MEDIUM_V1,service_availability,CHECK_SERVICE_AVAILABILITY,Transit query: Is public transit operational connecting CMBT and Besant Nagar (F5)? #5,hi-en,Latn,CS3,N0,"{""origin"": ""CMBT"", ""destination"": ""Besant Nagar"", ""transport_mode"": ""public transit""}","{""origin_id"": ""METRO_PURATCHI_THALAIVI_DR_J_JAYALALITHAA_CMBT"", ""destination_id"": ""BUS_417750654""}",ANSWERABLE_WITH_PROVISIONAL_DATA,template_instantiation,TMPL_MODE_AVAILABILITY_HINGLISH_LATN_4
PILOT_T2_TR_002165,,SFAM_ROUTE_STOP_MEMBERSHIP_006,FAM_ROUTE_STOP_MEMBERSHIP_006,PARA_ROUTE_STOP_MEMBERSHIP_5_0,T2_MEDIUM_V1,route_stops,CHECK_STOP_ON_ROUTE,Could you specify Does bus route 29C make a scheduled halt at Poonamallee? [chk F6]? #3,en,Latn,CS0,N0,"{""route_number"": ""29C"", ""stop"": ""Poonamallee"", ""transport_mode"": ""bus""}","{""route_id"": ""GTFS_ROUTE_8631"", ""stop_id"": ""BUS_13972050953""}",ANSWERABLE_WITH_PROVISIONAL_DATA,template_instantiation,TMPL_ROUTE_STOP_MEMBERSHIP_EN_5
PILOT_T2_TR_002166,,SFAM_SCHEDULED_DEPARTURE_005,FAM_SCHEDULED_DEPARTURE_005,PARA_SCHEDULED_DEPARTURE_4_4,T2_MEDIUM_V1,service_timing,GET_SCHEDULED_DEPARTURES,CMBT से bare 8 baje departure timings schedule status F5,hi-en,Deva+Latn,CS4,N0,"{""origin"": ""CMBT"", ""time"": ""8 baje"", ""temporal_ambiguity"": true, ""dual_candidates"": [""08:00:00"", ""20:00:00""]}","{""origin_id"": ""METRO_PURATCHI_THALAIVI_DR_J_JAYALALITHAA_CMBT""}",ANSWERABLE_NOW,template_instantiation,TMPL_SCHEDULED_DEPARTURE_MIXED_SCRIPT_CS_4
PILOT_T2_TR_002167,,SFAM_TICKETING_AND_PASSES_020,FAM_TICKETING_AND_PASSES_020,PARA_TICKETING_AND_PASSES_19_2,T2_MEDIUM_V1,ticketing_rules,GET_TICKETING_POLICY,Could you specify smart card recharge karne ka guidelines aur validity rule bataye. [card F20]? #3,hi,Latn,CS0,N0,"{""ticket_type"": ""smart_card"", ""transport_mode"": ""transit""}",{},ANSWERABLE_NOW,template_instantiation,TMPL_TICKETING_AND_PASSES_HI_LATN_19
PILOT_T2_TR_002168,,SFAM_POINT_TO_POINT_ROUTE_005,FAM_POINT_TO_POINT_ROUTE_005,PARA_POINT_TO_POINT_ROUTE_4_3,T2_MEDIUM_V1,route_query,PLAN_ROUTE,Please tell: CMBT to Thousand Lights metro ride ka best direct route bataiye (F5) #2,hi-en,Latn,CS3,N0,"{""origin"": ""CMBT"", ""destination"": ""Thousand Lights"", ""transport_mode"": ""metro""}","{""origin_id"": ""METRO_PURATCHI_THALAIVI_DR_J_JAYALALITHAA_CMBT"", ""destination_id"": ""METRO_THOUSAND_LIGHTS""}",ANSWERABLE_WITH_PROVISIONAL_DATA,template_instantiation,TMPL_POINT_TO_POINT_ROUTE_HINGLISH_LATN_4
PILOT_T2_TR_002169,,SFAM_TICKETING_AND_PASSES_017,FAM_TICKETING_AND_PASSES_017,PARA_TICKETING_AND_PASSES_16_3,T2_MEDIUM_V1,ticketing_rules,GET_TICKETING_POLICY,"Excuse me, How can regular passengers apply for and renew Student Concession Card (F17)? #6",hi-en,Latn,CS3,N1,"{""ticket_type"": ""student_pass"", ""transport_mode"": ""transit""}",{},ANSWERABLE_NOW,template_instantiation,TMPL_TICKETING_AND_PASSES_HINGLISH_LATN_16
PILOT_T2_TR_002170,,SFAM_STATION_FACILITIES_020,FAM_STATION_FACILITIES_020,PARA_STATION_FACILITIES_19_0,T2_MEDIUM_V1,station_facilities,GET_STATION_FACILITY,"Excuse me, Is bicycle parking stand facility available at Pachaiyappa College metro station? [fac F20] #6",en,Latn,CS0,N0,"{""station"": ""Pachaiyappa College"", ""facility_type"": ""bicycle_stand"", ""transport_mode"": ""metro""}","{""station_id"": ""METRO_PACHAIYAPPA_S_COLLEGE""}",ANSWERABLE_NOW,template_instantiation,TMPL_STATION_FACILITIES_EN_19
PILOT_T2_TR_002171,,SFAM_MULTIMODAL_ROUTE_011,FAM_MULTIMODAL_ROUTE_011,PARA_MULTIMODAL_ROUTE_10_0,T2_MEDIUM_V1,route_query,PLAN_MULTIMODAL_ROUTE,Please tell: What is the combined bus and metro route from Kalpakkam to Nehru Park? [plan F11] #2,en,Latn,CS0,N0,"{""origin"": ""Kalpakkam"", ""destination"": ""Nehru Park"", ""transport_mode"": ""multimodal""}","{""origin_id"": ""BUS_30143150"", ""destination_id"": ""METRO_NEHRU_PARK""}",ANSWERABLE_WITH_PROVISIONAL_DATA,template_instantiation,TMPL_MULTIMODAL_ROUTE_EN_10
PILOT_T2_TR_002172,,SFAM_REALTIME_STATUS_QUERY_019,FAM_REALTIME_STATUS_QUERY_019,PARA_REALTIME_STATUS_QUERY_18_1,T2_MEDIUM_V1,realtime_status_query,REJECT_UNSUPPORTED_REALTIME,Quick check: क्या किल्पौक से आने वाली ट्रेन अभी लेट चल रही है लाइव स्थिति बताएं? (ताज़ा F19) #4,hi,Deva,CS0,N0,"{""origin"": ""किल्पौक"", ""transport_mode"": ""ट्रेन""}","{""origin_id"": ""METRO_KILPAUK""}",REQUIRES_REALTIME_DATA,template_instantiation,TMPL_REALTIME_STATUS_QUERY_HI_DEVA_18
PILOT_T2_TR_002173,,SFAM_STATION_ACCESSIBILITY_002,FAM_STATION_ACCESSIBILITY_002,PARA_STATION_ACCESSIBILITY_1_1,T2_MEDIUM_V1,accessibility,GET_ACCESSIBILITY_INFO,Could you specify क्या चेन्नई सेंट्रल स्टेशन पर दिव्यांग यात्रियों के लिए यात्री लिफ्ट उपलब्ध है? (सुलभता F2)? #3,hi,Deva,CS0,N0,"{""station"": ""चेन्नई सेंट्रल"", ""accessibility_feature"": ""lift"", ""transport_mode"": ""मेट्रो""}","{""station_id"": ""METRO_PURATCHI_THALAIVAR_DR__M_G_RAMACHANDRAN_CENTRAL""}",ANSWERABLE_NOW,template_instantiation,TMPL_STATION_ACCESSIBILITY_HI_DEVA_1
PILOT_T2_TR_002174,,SFAM_SCHEDULED_DEPARTURE_004,FAM_SCHEDULED_DEPARTURE_004,PARA_SCHEDULED_DEPARTURE_3_1,T2_MEDIUM_V1,service_timing,GET_SCHEDULED_DEPARTURES,Please tell: आलंदूर से सुबह 8 बजे छूटने वाली गाड़ियों की समय सारणी दिखाएं। (समय F4) #2,hi,Deva,CS0,N0,"{""origin"": ""आलंदूर"", ""time"": ""सुबह 8 बजे"", ""resolved_time"": ""08:00:00""}","{""origin_id"": ""METRO_ARIGNAR_ANNA_ALANDUR""}",ANSWERABLE_NOW,template_instantiation,TMPL_SCHEDULED_DEPARTURE_HI_DEVA_3
PILOT_T2_TR_002175,,SFAM_MULTIMODAL_ROUTE_005,FAM_MULTIMODAL_ROUTE_005,PARA_MULTIMODAL_ROUTE_4_0,T2_MEDIUM_V1,route_query,PLAN_MULTIMODAL_ROUTE,What is the combined bus and metro route from Besant Nagar to Thousand Lights? [plan F5],en,Latn,CS0,N0,"{""origin"": ""Besant Nagar"", ""destination"": ""Thousand Lights"", ""transport_mode"": ""multimodal""}","{""origin_id"": ""BUS_417750654"", ""destination_id"": ""METRO_THOUSAND_LIGHTS""}",ANSWERABLE_WITH_PROVISIONAL_DATA,template_instantiation,TMPL_MULTIMODAL_ROUTE_EN_4
PILOT_T2_TR_002176,,SFAM_ROUTE_STOP_SEQUENCE_017,FAM_ROUTE_STOP_SEQUENCE_017,PARA_ROUTE_STOP_SEQUENCE_16_2,T2_MEDIUM_V1,route_stops,LIST_ROUTE_STOPS,Route 102 bus ke sare consecutive stops ki list check kare. [line F17],hi,Latn,CS0,N1,"{""route_number"": ""102"", ""transport_mode"": ""bus""}","{""route_id"": ""GTFS_ROUTE_16861""}",ANSWERABLE_WITH_PROVISIONAL_DATA,template_instantiation,TMPL_ROUTE_STOP_SEQUENCE_HI_LATN_16
PILOT_T2_TR_002177,,SFAM_MODE_AVAILABILITY_008,FAM_MODE_AVAILABILITY_008,PARA_MODE_AVAILABILITY_7_1,T2_MEDIUM_V1,service_availability,CHECK_SERVICE_AVAILABILITY,Quick check: क्या हाई कोर्ट से मायलापुर के लिए कोई सार्वजनिक बस या ट्रेन उपलब्ध है? (उपलब्धता F8) #4,hi,Deva,CS0,N0,"{""origin"": ""हाई कोर्ट"", ""destination"": ""मायलापुर"", ""transport_mode"": ""सार्वजनिक बस या ट्रेन""}","{""origin_id"": ""METRO_HIGHCOURT"", ""destination_id"": ""BUS_410614381""}",ANSWERABLE_WITH_PROVISIONAL_DATA,template_instantiation,TMPL_MODE_AVAILABILITY_HI_DEVA_7
PILOT_T2_TR_002178,,SFAM_SCHEDULED_DEPARTURE_004,FAM_SCHEDULED_DEPARTURE_004,PARA_SCHEDULED_DEPARTURE_3_0,T2_MEDIUM_V1,service_timing,GET_SCHEDULED_DEPARTURES,Show metro departure timetable at bare 8 o'clock from Alandur [sched F4],en,Latn,CS0,N0,"{""origin"": ""Alandur"", ""time"": ""8 o'clock"", ""temporal_ambiguity"": true, ""dual_candidates"": [""08:00:00"", ""20:00:00""]}","{""origin_id"": ""METRO_ARIGNAR_ANNA_ALANDUR""}",ANSWERABLE_NOW,template_instantiation,TMPL_SCHEDULED_DEPARTURE_EN_3
PILOT_T2_TR_002179,,SFAM_OUT_OF_SCOPE_009,FAM_OUT_OF_SCOPE_009,PARA_OUT_OF_SCOPE_8_4,T2_MEDIUM_V1,out_of_scope,REJECT_OUT_OF_SCOPE,Could you specify Thirumangalam ke pass hotel reservation aur movie ticket booking service F9? #3,hi-en,Deva+Latn,CS4,N0,"{""station"": ""Thirumangalam""}","{""station_id"": ""METRO_THIRUMANGALAM""}",OUT_OF_SCOPE,template_instantiation,TMPL_OUT_OF_SCOPE_MIXED_SCRIPT_CS_8
PILOT_T2_TR_002180,,SFAM_ROUTE_STOP_SEQUENCE_011,FAM_ROUTE_STOP_SEQUENCE_011,PARA_ROUTE_STOP_SEQUENCE_10_3,T2_MEDIUM_V1,route_stops,LIST_ROUTE_STOPS,Could you specify Full stop order details for bus number 11 R please provide (F11)? #3,hi-en,Latn,CS3,N2,"{""route_number"": ""11 R"", ""transport_mode"": ""bus""}","{""route_id"": ""GTFS_ROUTE_23728""}",ANSWERABLE_WITH_PROVISIONAL_DATA,template_instantiation,TMPL_ROUTE_STOP_SEQUENCE_HINGLISH_LATN_10
PILOT_T2_TR_002181,,SFAM_OUT_OF_SCOPE_010,FAM_OUT_OF_SCOPE_010,PARA_OUT_OF_SCOPE_9_0,T2_MEDIUM_V1,out_of_scope,REJECT_OUT_OF_SCOPE,"Excuse me, Book a private cab taxi ride from Anna Nagar Tower to St. Thomas Mount. [cab F10] #6",en,Latn,CS0,N0,"{""origin"": ""Anna Nagar Tower"", ""destination"": ""St. Thomas Mount""}","{""origin_id"": ""METRO_ANNA_NAGAR_TOWER"", ""destination_id"": ""METRO_ST__THOMAS_MOUNT""}",OUT_OF_SCOPE,template_instantiation,TMPL_OUT_OF_SCOPE_EN_9
PILOT_T2_TR_002182,,SFAM_OUT_OF_SCOPE_010,FAM_OUT_OF_SCOPE_010,PARA_OUT_OF_SCOPE_9_1,T2_MEDIUM_V1,out_of_scope,REJECT_OUT_OF_SCOPE,Could you specify अन्ना नगर टावर के निकटतम सबसे अच्छे रेस्टोरेंट और भोजनालय की सूची दें। (बाहर F10)? #3,hi,Deva,CS0,N0,"{""station"": ""अन्ना नगर टावर""}","{""station_id"": ""METRO_ANNA_NAGAR_TOWER""}",OUT_OF_SCOPE,template_instantiation,TMPL_OUT_OF_SCOPE_HI_DEVA_9
PILOT_T2_TR_002183,,SFAM_ROUTE_STOP_MEMBERSHIP_009,FAM_ROUTE_STOP_MEMBERSHIP_009,PARA_ROUTE_STOP_MEMBERSHIP_8_0,T2_MEDIUM_V1,route_stops,CHECK_STOP_ON_ROUTE,Please tell: Does bus route 29A make a scheduled halt at Madurantakam? [chk F9] #2,en,Latn,CS0,N0,"{""route_number"": ""29A"", ""stop"": ""Madurantakam"", ""transport_mode"": ""bus""}","{""route_id"": ""GTFS_ROUTE_18751"", ""stop_id"": ""BUS_5306412986""}",ANSWERABLE_WITH_PROVISIONAL_DATA,template_instantiation,TMPL_ROUTE_STOP_MEMBERSHIP_EN_8
PILOT_T2_TR_002184,,SFAM_SERVICE_FREQUENCY_011,FAM_SERVICE_FREQUENCY_011,PARA_SERVICE_FREQUENCY_10_1,T2_MEDIUM_V1,service_timing,GET_SERVICE_FREQUENCY,Please tell: एग्मोर और नेहरू पार्क के बीच मेट्रो हर कितने मिनट के अंतराल पर चलती है? (आवृत्ति F11) #2,hi,Deva,CS0,N0,"{""origin"": ""एग्मोर"", ""destination"": ""नेहरू पार्क"", ""timing_type"": ""frequency"", ""transport_mode"": ""मेट्रो""}","{""origin_id"": ""METRO_EGMORE"", ""destination_id"": ""METRO_NEHRU_PARK""}",ANSWERABLE_NOW,template_instantiation,TMPL_SERVICE_FREQUENCY_HI_DEVA_10
PILOT_T2_TR_002185,,SFAM_NEAREST_TRANSPORT_009,FAM_NEAREST_TRANSPORT_009,PARA_NEAREST_TRANSPORT_8_3,T2_MEDIUM_V1,nearest_transport,FIND_NEAREST_STATION,Please tell: Find closest public transport access point near Karpaga Institute (F9) #2,hi-en,Latn,CS3,N0,"{""landmark"": ""Karpaga Institute"", ""transport_mode"": ""public transport""}","{""place_id"": ""OSM_POI_3082849503""}",ANSWERABLE_NOW,template_instantiation,TMPL_NEAREST_TRANSPORT_HINGLISH_LATN_8
PILOT_T2_TR_002186,,SFAM_POINT_TO_POINT_ROUTE_006,FAM_POINT_TO_POINT_ROUTE_006,PARA_POINT_TO_POINT_ROUTE_5_2,T2_MEDIUM_V1,route_query,PLAN_ROUTE,koyambedu se wimco nagar depot metro se travel kaise kare? [tarika F6],hi,Latn,CS0,N1,"{""origin"": ""koyambedu"", ""destination"": ""wimco nagar depot"", ""transport_mode"": ""metro""}","{""origin_id"": ""METRO_KOYAMBEDU"", ""destination_id"": ""METRO_WIMCO_NAGAR""}",ANSWERABLE_WITH_PROVISIONAL_DATA,template_instantiation,TMPL_POINT_TO_POINT_ROUTE_HI_LATN_5
PILOT_T2_TR_002187,,SFAM_MULTIMODAL_ROUTE_017,FAM_MULTIMODAL_ROUTE_017,PARA_MULTIMODAL_ROUTE_16_3,T2_MEDIUM_V1,route_query,PLAN_MULTIMODAL_ROUTE,Can you give combined bus and train route from Tambaram to Alandur (F17)?,hi-en,Latn,CS3,N0,"{""origin"": ""Tambaram"", ""destination"": ""Alandur"", ""transport_mode"": ""bus and train""}","{""origin_id"": ""BUS_5304399879"", ""destination_id"": ""METRO_ARIGNAR_ANNA_ALANDUR""}",ANSWERABLE_WITH_PROVISIONAL_DATA,template_instantiation,TMPL_MULTIMODAL_ROUTE_HINGLISH_LATN_16
PILOT_T2_TR_002188,,SFAM_POINT_TO_POINT_ROUTE_002,FAM_POINT_TO_POINT_ROUTE_002,PARA_POINT_TO_POINT_ROUTE_1_1,T2_MEDIUM_V1,route_query,PLAN_ROUTE,Please tell: चेन्नई सेंट्रल से तिरुमंगलम मेट्रो से जाने का रास्ता क्या है? (प्रारूप F2) #2,hi,Deva,CS0,N0,"{""origin"": ""चेन्नई सेंट्रल"", ""destination"": ""तिरुमंगलम"", ""transport_mode"": ""मेट्रो""}","{""origin_id"": ""METRO_PURATCHI_THALAIVAR_DR__M_G_RAMACHANDRAN_CENTRAL"", ""destination_id"": ""METRO_THIRUMANGALAM""}",ANSWERABLE_WITH_PROVISIONAL_DATA,template_instantiation,TMPL_POINT_TO_POINT_ROUTE_HI_DEVA_1
PILOT_T2_TR_002189,,SFAM_OUT_OF_SCOPE_005,FAM_OUT_OF_SCOPE_005,PARA_OUT_OF_SCOPE_4_3,T2_MEDIUM_V1,out_of_scope,REJECT_OUT_OF_SCOPE,Could you specify What is the general weather rain forecast in Chennai near Maruthi Hospital today (F5)?? #3,hi-en,Latn,CS3,N1,"{""landmark"": ""Maruthi Hospital""}","{""place_id"": ""OSM_POI_7820652140""}",OUT_OF_SCOPE,template_instantiation,TMPL_OUT_OF_SCOPE_HINGLISH_LATN_4
PILOT_T2_TR_002190,,SFAM_STATION_FACILITIES_009,FAM_STATION_FACILITIES_009,PARA_STATION_FACILITIES_8_2,T2_MEDIUM_V1,station_facilities,GET_STATION_FACILITY,Could you specify kya thirumangalam station par passenger car parking service available hai? [amenity F9]? #3,hi,Latn,CS0,N0,"{""station"": ""thirumangalam"", ""facility_type"": ""parking"", ""transport_mode"": ""metro""}","{""station_id"": ""METRO_THIRUMANGALAM""}",ANSWERABLE_NOW,template_instantiation,TMPL_STATION_FACILITIES_HI_LATN_8
PILOT_T2_TR_002191,,SFAM_ROUTE_STOP_MEMBERSHIP_003,FAM_ROUTE_STOP_MEMBERSHIP_003,PARA_ROUTE_STOP_MEMBERSHIP_2_3,T2_MEDIUM_V1,route_stops,CHECK_STOP_ON_ROUTE,Verify if Adyar bus stop is covered by route 102A (F3),hi-en,Latn,CS3,N0,"{""route_number"": ""102A"", ""stop"": ""Adyar"", ""transport_mode"": ""bus""}","{""route_id"": ""GTFS_ROUTE_10248"", ""stop_id"": ""BUS_2587520213""}",ANSWERABLE_WITH_PROVISIONAL_DATA,template_instantiation,TMPL_ROUTE_STOP_MEMBERSHIP_HINGLISH_LATN_2
PILOT_T2_TR_002192,,SFAM_TICKETING_AND_PASSES_011,FAM_TICKETING_AND_PASSES_011,PARA_TICKETING_AND_PASSES_10_0,T2_MEDIUM_V1,ticketing_rules,GET_TICKETING_POLICY,Quick check: What are the rules and procedure to purchase a Student Concession Card for commuters? [pass F11] #4,en,Latn,CS0,N0,"{""ticket_type"": ""student_pass"", ""transport_mode"": ""transit""}",{},ANSWERABLE_NOW,template_instantiation,TMPL_TICKETING_AND_PASSES_EN_10
PILOT_T2_TR_002193,,SFAM_STATION_FACILITIES_015,FAM_STATION_FACILITIES_015,PARA_STATION_FACILITIES_14_2,T2_MEDIUM_V1,station_facilities,GET_STATION_FACILITY,Could you specify kya little mount station par passenger ev charging station service available hai? [amenity F15]? #3,hi,Latn,CS0,N0,"{""station"": ""little mount"", ""facility_type"": ""ev_charging"", ""transport_mode"": ""metro""}","{""station_id"": ""METRO_LITTLE_MOUNT""}",ANSWERABLE_NOW,template_instantiation,TMPL_STATION_FACILITIES_HI_LATN_14
PILOT_T2_TR_002194,,SFAM_REALTIME_STATUS_QUERY_009,FAM_REALTIME_STATUS_QUERY_009,PARA_REALTIME_STATUS_QUERY_8_1,T2_MEDIUM_V1,realtime_status_query,REJECT_UNSUPPORTED_REALTIME,Could you specify क्या तिरुमंगलम से आने वाली ट्रेन अभी लेट चल रही है लाइव स्थिति बताएं? (ताज़ा F9)? #3,hi,Deva,CS0,N0,"{""origin"": ""तिरुमंगलम"", ""transport_mode"": ""ट्रेन""}","{""origin_id"": ""METRO_THIRUMANGALAM""}",REQUIRES_REALTIME_DATA,template_instantiation,TMPL_REALTIME_STATUS_QUERY_HI_DEVA_8
PILOT_T2_TR_002195,,SFAM_NEAREST_TRANSPORT_005,FAM_NEAREST_TRANSPORT_005,PARA_NEAREST_TRANSPORT_4_0,T2_MEDIUM_V1,nearest_transport,FIND_NEAREST_STATION,Quick check: Which is the nearest metro station or transit stop to Maruthi Hospital? [loc F5] #4,en,Latn,CS0,N0,"{""landmark"": ""Maruthi Hospital"", ""transport_mode"": ""metro""}","{""place_id"": ""OSM_POI_7820652140""}",ANSWERABLE_NOW,template_instantiation,TMPL_NEAREST_TRANSPORT_EN_4
PILOT_T2_TR_002196,,SFAM_ROUTE_STOP_MEMBERSHIP_006,FAM_ROUTE_STOP_MEMBERSHIP_006,PARA_ROUTE_STOP_MEMBERSHIP_5_4,T2_MEDIUM_V1,route_stops,CHECK_STOP_ON_ROUTE,Please tell: क्या route 29C bus Poonamallee पर rukegi verification F6? #2,hi-en,Deva+Latn,CS4,N0,"{""route_number"": ""29C"", ""stop"": ""Poonamallee"", ""transport_mode"": ""bus""}","{""route_id"": ""GTFS_ROUTE_8631"", ""stop_id"": ""BUS_13972050953""}",ANSWERABLE_WITH_PROVISIONAL_DATA,template_instantiation,TMPL_ROUTE_STOP_MEMBERSHIP_MIXED_SCRIPT_CS_5
PILOT_T2_TR_002197,,SFAM_MODE_AVAILABILITY_018,FAM_MODE_AVAILABILITY_018,PARA_MODE_AVAILABILITY_17_0,T2_MEDIUM_V1,service_availability,CHECK_SERVICE_AVAILABILITY,Transit query: Are there direct public transport options from Nehru Park to Broadway? [avail F18] #5,en,Latn,CS0,N0,"{""origin"": ""Nehru Park"", ""destination"": ""Broadway"", ""transport_mode"": ""any""}","{""origin_id"": ""METRO_NEHRU_PARK"", ""destination_id"": ""BUS_27618346""}",ANSWERABLE_WITH_PROVISIONAL_DATA,template_instantiation,TMPL_MODE_AVAILABILITY_EN_17
PILOT_T2_TR_002198,,SFAM_STATION_ACCESSIBILITY_010,FAM_STATION_ACCESSIBILITY_010,PARA_STATION_ACCESSIBILITY_9_2,T2_MEDIUM_V1,accessibility,GET_ACCESSIBILITY_INFO,Could you specify kya anna nagar tower metro station me wheelchair disabled ke liye passenger lift hai? [barrier-free F10]? #3,hi,Latn,CS0,N0,"{""station"": ""anna nagar tower"", ""accessibility_feature"": ""lift"", ""transport_mode"": ""metro""}","{""station_id"": ""METRO_ANNA_NAGAR_TOWER""}",ANSWERABLE_NOW,template_instantiation,TMPL_STATION_ACCESSIBILITY_HI_LATN_9
PILOT_T2_TR_002199,,SFAM_MODE_AVAILABILITY_012,FAM_MODE_AVAILABILITY_012,PARA_MODE_AVAILABILITY_11_1,T2_MEDIUM_V1,service_availability,CHECK_SERVICE_AVAILABILITY,Please tell: क्या थाउजेंड लाइट्स से वालाजाबाद के लिए कोई सार्वजनिक बस या ट्रेन उपलब्ध है? (उपलब्धता F12) #2,hi,Deva,CS0,N0,"{""origin"": ""थाउजेंड लाइट्स"", ""destination"": ""वालाजाबाद"", ""transport_mode"": ""सार्वजनिक बस या ट्रेन""}","{""origin_id"": ""METRO_THOUSAND_LIGHTS"", ""destination_id"": ""BUS_261716087""}",ANSWERABLE_WITH_PROVISIONAL_DATA,template_instantiation,TMPL_MODE_AVAILABILITY_HI_DEVA_11
PILOT_T2_TR_002200,,SFAM_POINT_TO_POINT_ROUTE_011,FAM_POINT_TO_POINT_ROUTE_011,PARA_POINT_TO_POINT_ROUTE_10_2,T2_MEDIUM_V1,route_query,PLAN_ROUTE,Please tell: egmore se nehru park metro se travel kaise kare? [tarika F11] #2,hi,Latn,CS0,N0,"{""origin"": ""egmore"", ""destination"": ""nehru park"", ""transport_mode"": ""metro""}","{""origin_id"": ""METRO_EGMORE"", ""destination_id"": ""METRO_NEHRU_PARK""}",ANSWERABLE_WITH_PROVISIONAL_DATA,template_instantiation,TMPL_POINT_TO_POINT_ROUTE_HI_LATN_10
PILOT_T2_TR_002201,,SFAM_SERVICE_FREQUENCY_018,FAM_SERVICE_FREQUENCY_018,PARA_SERVICE_FREQUENCY_17_0,T2_MEDIUM_V1,service_timing,GET_SERVICE_FREQUENCY,How many minutes between trains on the line connecting Nehru Park and CMBT? [freq F18],en,Latn,CS0,N0,"{""origin"": ""Nehru Park"", ""destination"": ""CMBT"", ""timing_type"": ""frequency"", ""transport_mode"": ""metro""}","{""origin_id"": ""METRO_NEHRU_PARK"", ""destination_id"": ""METRO_PURATCHI_THALAIVI_DR_J_JAYALALITHAA_CMBT""}",ANSWERABLE_NOW,template_instantiation,TMPL_SERVICE_FREQUENCY_EN_17
PILOT_T2_TR_002202,,SFAM_INTERCHANGE_TRANSFER_003,FAM_INTERCHANGE_TRANSFER_003,PARA_INTERCHANGE_TRANSFER_2_0,T2_MEDIUM_V1,interchange_query,GET_INTERCHANGE_DETAILS,"Hello assistant, How do I switch lines to connect towards Anna Nagar Tower at Guindy interchange? [xfer F3] #7",en,Latn,CS0,N1,"{""station"": ""Guindy"", ""destination"": ""Anna Nagar Tower"", ""facility_type"": ""interchange""}","{""station_id"": ""METRO_GUINDY"", ""destination_id"": ""METRO_ANNA_NAGAR_TOWER""}",ANSWERABLE_AFTER_MANUAL_VERIFICATION,template_instantiation,TMPL_INTERCHANGE_TRANSFER_EN_2
PILOT_T2_TR_002203,,SFAM_STATION_FACILITIES_020,FAM_STATION_FACILITIES_020,PARA_STATION_FACILITIES_19_3,T2_MEDIUM_V1,station_facilities,GET_STATION_FACILITY,Quick check: Does Pachaiyappa College station premises include operational bicycle parking stand (F20)? #4,hi-en,Latn,CS3,N0,"{""station"": ""Pachaiyappa College"", ""facility_type"": ""bicycle_stand"", ""transport_mode"": ""metro""}","{""station_id"": ""METRO_PACHAIYAPPA_S_COLLEGE""}",ANSWERABLE_NOW,template_instantiation,TMPL_STATION_FACILITIES_HINGLISH_LATN_19
PILOT_T2_TR_002204,,SFAM_INTERCHANGE_TRANSFER_008,FAM_INTERCHANGE_TRANSFER_008,PARA_INTERCHANGE_TRANSFER_7_2,T2_MEDIUM_V1,interchange_query,GET_INTERCHANGE_DETAILS,high court hub par metro line change karke little mount kaise jaye? [platform F8],hi,Latn,CS0,N0,"{""station"": ""high court"", ""destination"": ""little mount"", ""facility_type"": ""interchange""}","{""station_id"": ""METRO_HIGHCOURT"", ""destination_id"": ""METRO_LITTLE_MOUNT""}",ANSWERABLE_AFTER_MANUAL_VERIFICATION,template_instantiation,TMPL_INTERCHANGE_TRANSFER_HI_LATN_7
PILOT_T2_TR_002205,,SFAM_SCHEDULED_DEPARTURE_003,FAM_SCHEDULED_DEPARTURE_003,PARA_SCHEDULED_DEPARTURE_2_0,T2_MEDIUM_V1,service_timing,GET_SCHEDULED_DEPARTURES,Please tell: Show metro departure timetable at bare 8 o'clock from Guindy [sched F3] #2,en,Latn,CS0,N0,"{""origin"": ""Guindy"", ""time"": ""8 o'clock"", ""temporal_ambiguity"": true, ""dual_candidates"": [""08:00:00"", ""20:00:00""]}","{""origin_id"": ""METRO_GUINDY""}",ANSWERABLE_NOW,template_instantiation,TMPL_SCHEDULED_DEPARTURE_EN_2
PILOT_T2_TR_002206,,SFAM_OUT_OF_SCOPE_013,FAM_OUT_OF_SCOPE_013,PARA_OUT_OF_SCOPE_12_0,T2_MEDIUM_V1,out_of_scope,REJECT_OUT_OF_SCOPE,"Excuse me, Book a private cab taxi ride from Wimco Nagar Depot to Pachaiyappa College. [cab F13] #6",en,Latn,CS0,N0,"{""origin"": ""Wimco Nagar Depot"", ""destination"": ""Pachaiyappa College""}","{""origin_id"": ""METRO_WIMCO_NAGAR"", ""destination_id"": ""METRO_PACHAIYAPPA_S_COLLEGE""}",OUT_OF_SCOPE,template_instantiation,TMPL_OUT_OF_SCOPE_EN_12
PILOT_T2_TR_002207,,SFAM_TICKETING_AND_PASSES_018,FAM_TICKETING_AND_PASSES_018,PARA_TICKETING_AND_PASSES_17_1,T2_MEDIUM_V1,ticketing_rules,GET_TICKETING_POLICY,यात्रियों के लिए एनसीएमसी कार्ड प्राप्त करने के नियम और प्रक्रिया क्या हैं? (पास F18),hi,Deva,CS0,N1,"{""ticket_type"": ""ncmc_card"", ""transport_mode"": ""पारगमन""}",{},ANSWERABLE_NOW,template_instantiation,TMPL_TICKETING_AND_PASSES_HI_DEVA_17
PILOT_T2_TR_002208,,SFAM_FARE_CALCULATION_009,FAM_FARE_CALCULATION_009,PARA_FARE_CALCULATION_8_3,T2_MEDIUM_V1,fare_query,CALCULATE_FARE,Could you specify Calculate fare for travel between Thirumangalam and Saidapet stations (F9)? #3,hi-en,Latn,CS3,N0,"{""origin"": ""Thirumangalam"", ""destination"": ""Saidapet"", ""transport_mode"": ""metro""}","{""origin_id"": ""METRO_THIRUMANGALAM"", ""destination_id"": ""METRO_SAIDAPET""}",ANSWERABLE_NOW,template_instantiation,TMPL_FARE_CALCULATION_HINGLISH_LATN_8
PILOT_T2_TR_002209,,SFAM_MULTIMODAL_ROUTE_007,FAM_MULTIMODAL_ROUTE_007,PARA_MULTIMODAL_ROUTE_6_3,T2_MEDIUM_V1,route_query,PLAN_MULTIMODAL_ROUTE,Could you specify Can you give combined bus and train route from Thiruvanmiyur to Washermenpet (F7)?? #3,hi-en,Latn,CS3,N2,"{""origin"": ""Thiruvanmiyur"", ""destination"": ""Washermenpet"", ""transport_mode"": ""bus and train""}","{""origin_id"": ""BUS_3247310920"", ""destination_id"": ""METRO_WASHERMENPET""}",ANSWERABLE_WITH_PROVISIONAL_DATA,template_instantiation,TMPL_MULTIMODAL_ROUTE_HINGLISH_LATN_6
PILOT_T2_TR_002210,,SFAM_STATION_ACCESSIBILITY_010,FAM_STATION_ACCESSIBILITY_010,PARA_STATION_ACCESSIBILITY_9_2,T2_MEDIUM_V1,accessibility,GET_ACCESSIBILITY_INFO,Quick check: kya anna nagar tower metro station me wheelchair disabled ke liye passenger lift hai? [barrier-free F10] #4,hi,Latn,CS0,N0,"{""station"": ""anna nagar tower"", ""accessibility_feature"": ""lift"", ""transport_mode"": ""metro""}","{""station_id"": ""METRO_ANNA_NAGAR_TOWER""}",ANSWERABLE_NOW,template_instantiation,TMPL_STATION_ACCESSIBILITY_HI_LATN_9
PILOT_T2_TR_002211,,SFAM_POINT_TO_POINT_ROUTE_011,FAM_POINT_TO_POINT_ROUTE_011,PARA_POINT_TO_POINT_ROUTE_10_0,T2_MEDIUM_V1,route_query,PLAN_ROUTE,Please tell: How do I commute from Egmore to Nehru Park by metro? [pattern F11] #2,en,Latn,CS0,N0,"{""origin"": ""Egmore"", ""destination"": ""Nehru Park"", ""transport_mode"": ""metro""}","{""origin_id"": ""METRO_EGMORE"", ""destination_id"": ""METRO_NEHRU_PARK""}",ANSWERABLE_WITH_PROVISIONAL_DATA,template_instantiation,TMPL_POINT_TO_POINT_ROUTE_EN_10
PILOT_T2_TR_002212,,SFAM_STATION_FACILITIES_017,FAM_STATION_FACILITIES_017,PARA_STATION_FACILITIES_16_0,T2_MEDIUM_V1,station_facilities,GET_STATION_FACILITY,Quick check: Is car parking facility available at St. Thomas Mount metro station? [fac F17] #4,en,Latn,CS0,N0,"{""station"": ""St. Thomas Mount"", ""facility_type"": ""parking"", ""transport_mode"": ""metro""}","{""station_id"": ""METRO_ST__THOMAS_MOUNT""}",ANSWERABLE_NOW,template_instantiation,TMPL_STATION_FACILITIES_EN_16
PILOT_T2_TR_002213,,SFAM_TICKETING_AND_PASSES_005,FAM_TICKETING_AND_PASSES_005,PARA_TICKETING_AND_PASSES_4_3,T2_MEDIUM_V1,ticketing_rules,GET_TICKETING_POLICY,How can regular passengers apply for and renew Student Concession Card (F5)?,hi-en,Latn,CS3,N0,"{""ticket_type"": ""student_pass"", ""transport_mode"": ""transit""}",{},ANSWERABLE_NOW,template_instantiation,TMPL_TICKETING_AND_PASSES_HINGLISH_LATN_4
PILOT_T2_TR_002214,,SFAM_SERVICE_FREQUENCY_016,FAM_SERVICE_FREQUENCY_016,PARA_SERVICE_FREQUENCY_15_3,T2_MEDIUM_V1,service_timing,GET_SERVICE_FREQUENCY,Peak hour frequency and normal headway between Saidapet and Guindy (F16),hi-en,Latn,CS3,N0,"{""origin"": ""Saidapet"", ""destination"": ""Guindy"", ""timing_type"": ""frequency"", ""transport_mode"": ""metro""}","{""origin_id"": ""METRO_SAIDAPET"", ""destination_id"": ""METRO_GUINDY""}",ANSWERABLE_NOW,template_instantiation,TMPL_SERVICE_FREQUENCY_HINGLISH_LATN_15
PILOT_T2_TR_002215,,SFAM_STATION_ACCESSIBILITY_002,FAM_STATION_ACCESSIBILITY_002,PARA_STATION_ACCESSIBILITY_1_1,T2_MEDIUM_V1,accessibility,GET_ACCESSIBILITY_INFO,"Hello assistant, क्या चेन्नई सेंट्रल स्टेशन पर दिव्यांग यात्रियों के लिए यात्री लिफ्ट उपलब्ध है? (सुलभता F2) #7",hi,Deva,CS0,N1,"{""station"": ""चेन्नई सेंट्रल"", ""accessibility_feature"": ""lift"", ""transport_mode"": ""मेट्रो""}","{""station_id"": ""METRO_PURATCHI_THALAIVAR_DR__M_G_RAMACHANDRAN_CENTRAL""}",ANSWERABLE_NOW,template_instantiation,TMPL_STATION_ACCESSIBILITY_HI_DEVA_1
PILOT_T2_TR_002216,,SFAM_OUT_OF_SCOPE_020,FAM_OUT_OF_SCOPE_020,PARA_OUT_OF_SCOPE_19_1,T2_MEDIUM_V1,out_of_scope,REJECT_OUT_OF_SCOPE,Transit query: पचैयप्पा कॉलेज के निकटतम सबसे अच्छे रेस्टोरेंट और भोजनालय की सूची दें। (बाहर F20) #5,hi,Deva,CS0,N2,"{""station"": ""पचैयप्पा कॉलेज""}","{""station_id"": ""METRO_PACHAIYAPPA_S_COLLEGE""}",OUT_OF_SCOPE,template_instantiation,TMPL_OUT_OF_SCOPE_HI_DEVA_19
PILOT_T2_TR_002217,,SFAM_REALTIME_STATUS_QUERY_013,FAM_REALTIME_STATUS_QUERY_013,PARA_REALTIME_STATUS_QUERY_12_3,T2_MEDIUM_V1,realtime_status_query,REJECT_UNSUPPORTED_REALTIME,Quick check: Live crowd density and train arrival countdown at Wimco Nagar Depot right now (F13) #4,hi-en,Latn,CS3,N0,"{""station"": ""Wimco Nagar Depot"", ""transport_mode"": ""metro""}","{""station_id"": ""METRO_WIMCO_NAGAR""}",REQUIRES_REALTIME_DATA,template_instantiation,TMPL_REALTIME_STATUS_QUERY_HINGLISH_LATN_12
PILOT_T2_TR_002218,,SFAM_INTERCHANGE_TRANSFER_003,FAM_INTERCHANGE_TRANSFER_003,PARA_INTERCHANGE_TRANSFER_2_2,T2_MEDIUM_V1,interchange_query,GET_INTERCHANGE_DETAILS,Quick check: guindy hub par metro line change karke anna nagar tower kaise jaye? [platform F3] #4,hi,Latn,CS0,N0,"{""station"": ""guindy"", ""destination"": ""anna nagar tower"", ""facility_type"": ""interchange""}","{""station_id"": ""METRO_GUINDY"", ""destination_id"": ""METRO_ANNA_NAGAR_TOWER""}",ANSWERABLE_AFTER_MANUAL_VERIFICATION,template_instantiation,TMPL_INTERCHANGE_TRANSFER_HI_LATN_2
PILOT_T2_TR_002219,,SFAM_TICKETING_AND_PASSES_005,FAM_TICKETING_AND_PASSES_005,PARA_TICKETING_AND_PASSES_4_1,T2_MEDIUM_V1,ticketing_rules,GET_TICKETING_POLICY,Transit query: यात्रियों के लिए छात्र रियायती पास प्राप्त करने के नियम और प्रक्रिया क्या हैं? (पास F5) #5,hi,Deva,CS0,N0,"{""ticket_type"": ""student_pass"", ""transport_mode"": ""पारगमन""}",{},ANSWERABLE_NOW,template_instantiation,TMPL_TICKETING_AND_PASSES_HI_DEVA_4
PILOT_T2_TR_002220,,SFAM_NEAREST_TRANSPORT_013,FAM_NEAREST_TRANSPORT_013,PARA_NEAREST_TRANSPORT_12_0,T2_MEDIUM_V1,nearest_transport,FIND_NEAREST_STATION,Quick check: Which is the nearest metro station or transit stop to Great Lakes Institute? [loc F13] #4,en,Latn,CS0,N0,"{""landmark"": ""Great Lakes Institute"", ""transport_mode"": ""metro""}","{""place_id"": ""OSM_POI_577328882""}",ANSWERABLE_NOW,template_instantiation,TMPL_NEAREST_TRANSPORT_EN_12
PILOT_T2_TR_002221,,SFAM_ROUTE_STOP_MEMBERSHIP_012,FAM_ROUTE_STOP_MEMBERSHIP_012,PARA_ROUTE_STOP_MEMBERSHIP_11_3,T2_MEDIUM_V1,route_stops,CHECK_STOP_ON_ROUTE,Please tell: Verify if Walajabad bus stop is covered by route 22 CT (F12) #2,hi-en,Latn,CS3,N0,"{""route_number"": ""22 CT"", ""stop"": ""Walajabad"", ""transport_mode"": ""bus""}","{""route_id"": ""GTFS_ROUTE_18753"", ""stop_id"": ""BUS_261716087""}",ANSWERABLE_WITH_PROVISIONAL_DATA,template_instantiation,TMPL_ROUTE_STOP_MEMBERSHIP_HINGLISH_LATN_11
PILOT_T2_TR_002222,,SFAM_NEAREST_TRANSPORT_012,FAM_NEAREST_TRANSPORT_012,PARA_NEAREST_TRANSPORT_11_0,T2_MEDIUM_V1,nearest_transport,FIND_NEAREST_STATION,"Excuse me, Which is the nearest metro station or transit stop to IIT Madras? [loc F12] #6",en,Latn,CS0,N0,"{""landmark"": ""IIT Madras"", ""transport_mode"": ""metro""}","{""place_id"": ""OSM_POI_11013406019""}",ANSWERABLE_NOW,template_instantiation,TMPL_NEAREST_TRANSPORT_EN_11
PILOT_T2_TR_002223,,SFAM_STATION_FACILITIES_009,FAM_STATION_FACILITIES_009,PARA_STATION_FACILITIES_8_3,T2_MEDIUM_V1,station_facilities,GET_STATION_FACILITY,Transit query: Does Thirumangalam station premises include operational car parking (F9)? #5,hi-en,Latn,CS3,N1,"{""station"": ""Thirumangalam"", ""facility_type"": ""parking"", ""transport_mode"": ""metro""}","{""station_id"": ""METRO_THIRUMANGALAM""}",ANSWERABLE_NOW,template_instantiation,TMPL_STATION_FACILITIES_HINGLISH_LATN_8
PILOT_T2_TR_002224,,SFAM_REALTIME_STATUS_QUERY_003,FAM_REALTIME_STATUS_QUERY_003,PARA_REALTIME_STATUS_QUERY_2_3,T2_MEDIUM_V1,realtime_status_query,REJECT_UNSUPPORTED_REALTIME,"Excuse me, Live crowd density and train arrival countdown at Guindy right now (F3) #6",hi-en,Latn,CS3,N0,"{""station"": ""Guindy"", ""transport_mode"": ""metro""}","{""station_id"": ""METRO_GUINDY""}",REQUIRES_REALTIME_DATA,template_instantiation,TMPL_REALTIME_STATUS_QUERY_HINGLISH_LATN_2
PILOT_T2_TR_002225,,SFAM_TICKETING_AND_PASSES_020,FAM_TICKETING_AND_PASSES_020,PARA_TICKETING_AND_PASSES_19_3,T2_MEDIUM_V1,ticketing_rules,GET_TICKETING_POLICY,Could you specify How can regular passengers apply for and renew Smart Card (F20)?? #3,hi-en,Latn,CS3,N0,"{""ticket_type"": ""smart_card"", ""transport_mode"": ""transit""}",{},ANSWERABLE_NOW,template_instantiation,TMPL_TICKETING_AND_PASSES_HINGLISH_LATN_19
PILOT_T2_TR_002226,,SFAM_NEAREST_TRANSPORT_010,FAM_NEAREST_TRANSPORT_010,PARA_NEAREST_TRANSPORT_9_0,T2_MEDIUM_V1,nearest_transport,FIND_NEAREST_STATION,Transit query: Which is the nearest metro station or transit stop to Padalam Hospital? [loc F10] #5,en,Latn,CS0,N0,"{""landmark"": ""Padalam Hospital"", ""transport_mode"": ""metro""}","{""place_id"": ""OSM_POI_7257518724""}",ANSWERABLE_NOW,template_instantiation,TMPL_NEAREST_TRANSPORT_EN_9
PILOT_T2_TR_002227,,SFAM_FARE_CALCULATION_004,FAM_FARE_CALCULATION_004,PARA_FARE_CALCULATION_3_3,T2_MEDIUM_V1,fare_query,CALCULATE_FARE,Quick check: Calculate fare for travel between Alandur and Egmore stations (F4) #4,hi-en,Latn,CS3,N2,"{""origin"": ""Alandur"", ""destination"": ""Egmore"", ""transport_mode"": ""metro""}","{""origin_id"": ""METRO_ARIGNAR_ANNA_ALANDUR"", ""destination_id"": ""METRO_EGMORE""}",ANSWERABLE_NOW,template_instantiation,TMPL_FARE_CALCULATION_HINGLISH_LATN_3
PILOT_T2_TR_002228,,SFAM_TICKETING_AND_PASSES_012,FAM_TICKETING_AND_PASSES_012,PARA_TICKETING_AND_PASSES_11_2,T2_MEDIUM_V1,ticketing_rules,GET_TICKETING_POLICY,ncmc card recharge karne ka guidelines aur validity rule bataye. [card F12],hi,Latn,CS0,N0,"{""ticket_type"": ""ncmc_card"", ""transport_mode"": ""transit""}",{},ANSWERABLE_NOW,template_instantiation,TMPL_TICKETING_AND_PASSES_HI_LATN_11
PILOT_T2_TR_002229,,SFAM_NEAREST_TRANSPORT_011,FAM_NEAREST_TRANSPORT_011,PARA_NEAREST_TRANSPORT_10_0,T2_MEDIUM_V1,nearest_transport,FIND_NEAREST_STATION,Transit query: Which is the nearest metro station or transit stop to Marina Beach? [loc F11] #5,en,Latn,CS0,N0,"{""landmark"": ""Marina Beach"", ""transport_mode"": ""metro""}","{""place_id"": ""OSM_POI_12137617372""}",ANSWERABLE_NOW,template_instantiation,TMPL_NEAREST_TRANSPORT_EN_10
PILOT_T2_TR_002230,,SFAM_STATION_ACCESSIBILITY_017,FAM_STATION_ACCESSIBILITY_017,PARA_STATION_ACCESSIBILITY_16_2,T2_MEDIUM_V1,accessibility,GET_ACCESSIBILITY_INFO,kya st thomas mount metro station me wheelchair disabled ke liye wheelchair accessibility hai? [barrier-free F17],hi,Latn,CS0,N0,"{""station"": ""st thomas mount"", ""accessibility_feature"": ""wheelchair"", ""transport_mode"": ""metro""}","{""station_id"": ""METRO_ST__THOMAS_MOUNT""}",ANSWERABLE_NOW,template_instantiation,TMPL_STATION_ACCESSIBILITY_HI_LATN_16
PILOT_T2_TR_002231,,SFAM_NEAREST_TRANSPORT_014,FAM_NEAREST_TRANSPORT_014,PARA_NEAREST_TRANSPORT_13_4,T2_MEDIUM_V1,nearest_transport,FIND_NEAREST_STATION,Maritime Institute ke pass nearest metro stop connection distance bataye F14,hi-en,Deva+Latn,CS4,N0,"{""landmark"": ""Maritime Institute"", ""transport_mode"": ""metro""}","{""place_id"": ""OSM_POI_314081186""}",ANSWERABLE_NOW,template_instantiation,TMPL_NEAREST_TRANSPORT_MIXED_SCRIPT_CS_13
PILOT_T2_TR_002232,,SFAM_REALTIME_STATUS_QUERY_011,FAM_REALTIME_STATUS_QUERY_011,PARA_REALTIME_STATUS_QUERY_10_3,T2_MEDIUM_V1,realtime_status_query,REJECT_UNSUPPORTED_REALTIME,Could you specify Live crowd density and train arrival countdown at Egmore right now (F11)? #3,hi-en,Latn,CS3,N0,"{""station"": ""Egmore"", ""transport_mode"": ""metro""}","{""station_id"": ""METRO_EGMORE""}",REQUIRES_REALTIME_DATA,template_instantiation,TMPL_REALTIME_STATUS_QUERY_HINGLISH_LATN_10
PILOT_T2_TR_002233,,SFAM_ROUTE_STOP_MEMBERSHIP_013,FAM_ROUTE_STOP_MEMBERSHIP_013,PARA_ROUTE_STOP_MEMBERSHIP_12_1,T2_MEDIUM_V1,route_stops,CHECK_STOP_ON_ROUTE,Please tell: क्या बस 15 CT8 नेलवॉय स्टॉप पर रुकती है? (जांच F13) #2,hi,Deva,CS0,N0,"{""route_number"": ""15 CT8"", ""stop"": ""नेलवॉय"", ""transport_mode"": ""बस""}","{""route_id"": ""GTFS_ROUTE_20494"", ""stop_id"": ""BUS_469106564""}",ANSWERABLE_WITH_PROVISIONAL_DATA,template_instantiation,TMPL_ROUTE_STOP_MEMBERSHIP_HI_DEVA_12
PILOT_T2_TR_002234,,SFAM_FARE_CALCULATION_014,FAM_FARE_CALCULATION_014,PARA_FARE_CALCULATION_13_2,T2_MEDIUM_V1,fare_query,CALCULATE_FARE,washermenpet se airport metro ride ka standard ticket cost kitna hoga? [kiraya F14],hi,Latn,CS0,N0,"{""origin"": ""washermenpet"", ""destination"": ""airport"", ""transport_mode"": ""metro""}","{""origin_id"": ""METRO_WASHERMENPET"", ""destination_id"": ""METRO_CHENNAI_INTERNATIONAL_AIRPORT""}",ANSWERABLE_NOW,template_instantiation,TMPL_FARE_CALCULATION_HI_LATN_13
PILOT_T2_TR_002235,,SFAM_STATION_FACILITIES_002,FAM_STATION_FACILITIES_002,PARA_STATION_FACILITIES_1_1,T2_MEDIUM_V1,station_facilities,GET_STATION_FACILITY,"Hello assistant, क्या चेन्नई सेंट्रल मेट्रो स्टेशन पर बाइक पार्किंग की व्यवस्था उपलब्ध है? (सुविधा F2) #7",hi,Deva,CS0,N1,"{""station"": ""चेन्नई सेंट्रल"", ""facility_type"": ""two_wheeler_parking"", ""transport_mode"": ""मेट्रो""}","{""station_id"": ""METRO_PURATCHI_THALAIVAR_DR__M_G_RAMACHANDRAN_CENTRAL""}",ANSWERABLE_NOW,template_instantiation,TMPL_STATION_FACILITIES_HI_DEVA_1
PILOT_T2_TR_002236,,SFAM_OUT_OF_SCOPE_001,FAM_OUT_OF_SCOPE_001,PARA_OUT_OF_SCOPE_0_1,T2_MEDIUM_V1,out_of_scope,REJECT_OUT_OF_SCOPE,Please tell: एयरपोर्ट के निकटतम सबसे अच्छे रेस्टोरेंट और भोजनालय की सूची दें। (बाहर F1) #2,hi,Deva,CS0,N0,"{""station"": ""एयरपोर्ट""}","{""station_id"": ""METRO_CHENNAI_INTERNATIONAL_AIRPORT""}",OUT_OF_SCOPE,template_instantiation,TMPL_OUT_OF_SCOPE_HI_DEVA_0
PILOT_T2_TR_002237,,SFAM_FARE_CALCULATION_007,FAM_FARE_CALCULATION_007,PARA_FARE_CALCULATION_6_1,T2_MEDIUM_V1,fare_query,CALCULATE_FARE,Quick check: वडपलनी से वॉशरमैनपेट तक का मेट्रो का टोकन किराया कितना रुपया है? (किराया F7) #4,hi,Deva,CS0,N0,"{""origin"": ""वडपलनी"", ""destination"": ""वॉशरमैनपेट"", ""fare_type"": ""टोकन"", ""transport_mode"": ""मेट्रो""}","{""origin_id"": ""METRO_VADAPALANI"", ""destination_id"": ""METRO_WASHERMENPET""}",ANSWERABLE_NOW,template_instantiation,TMPL_FARE_CALCULATION_HI_DEVA_6
PILOT_T2_TR_002238,,SFAM_REALTIME_STATUS_QUERY_017,FAM_REALTIME_STATUS_QUERY_017,PARA_REALTIME_STATUS_QUERY_16_0,T2_MEDIUM_V1,realtime_status_query,REJECT_UNSUPPORTED_REALTIME,"Excuse me, Where is bus 102 right now and what is its live location? [live F17] #6",en,Latn,CS0,N0,"{""route_number"": ""102"", ""transport_mode"": ""bus""}","{""route_id"": ""GTFS_ROUTE_16861""}",REQUIRES_REALTIME_DATA,template_instantiation,TMPL_REALTIME_STATUS_QUERY_EN_16
PILOT_T2_TR_002239,,SFAM_STATION_FACILITIES_015,FAM_STATION_FACILITIES_015,PARA_STATION_FACILITIES_14_3,T2_MEDIUM_V1,station_facilities,GET_STATION_FACILITY,Quick check: Does Little Mount station premises include operational EV vehicle charging (F15)? #4,hi-en,Latn,CS3,N0,"{""station"": ""Little Mount"", ""facility_type"": ""ev_charging"", ""transport_mode"": ""metro""}","{""station_id"": ""METRO_LITTLE_MOUNT""}",ANSWERABLE_NOW,template_instantiation,TMPL_STATION_FACILITIES_HINGLISH_LATN_14
PILOT_T2_TR_002240,,SFAM_REALTIME_STATUS_QUERY_018,FAM_REALTIME_STATUS_QUERY_018,PARA_REALTIME_STATUS_QUERY_17_1,T2_MEDIUM_V1,realtime_status_query,REJECT_UNSUPPORTED_REALTIME,Please tell: क्या नेहरू पार्क से आने वाली ट्रेन अभी लेट चल रही है लाइव स्थिति बताएं? (ताज़ा F18) #2,hi,Deva,CS0,N0,"{""origin"": ""नेहरू पार्क"", ""transport_mode"": ""ट्रेन""}","{""origin_id"": ""METRO_NEHRU_PARK""}",REQUIRES_REALTIME_DATA,template_instantiation,TMPL_REALTIME_STATUS_QUERY_HI_DEVA_17
PILOT_T2_TR_002241,,SFAM_FARE_CALCULATION_004,FAM_FARE_CALCULATION_004,PARA_FARE_CALCULATION_3_1,T2_MEDIUM_V1,fare_query,CALCULATE_FARE,आलंदूर से एग्मोर तक का मेट्रो का टोकन किराया कितना रुपया है? (किराया F4),hi,Deva,CS0,N0,"{""origin"": ""आलंदूर"", ""destination"": ""एग्मोर"", ""fare_type"": ""टोकन"", ""transport_mode"": ""मेट्रो""}","{""origin_id"": ""METRO_ARIGNAR_ANNA_ALANDUR"", ""destination_id"": ""METRO_EGMORE""}",ANSWERABLE_NOW,template_instantiation,TMPL_FARE_CALCULATION_HI_DEVA_3
PILOT_T2_TR_002242,,SFAM_STATION_FACILITIES_017,FAM_STATION_FACILITIES_017,PARA_STATION_FACILITIES_16_0,T2_MEDIUM_V1,station_facilities,GET_STATION_FACILITY,Transit query: Is car parking facility available at St. Thomas Mount metro station? [fac F17] #5,en,Latn,CS0,N0,"{""station"": ""St. Thomas Mount"", ""facility_type"": ""parking"", ""transport_mode"": ""metro""}","{""station_id"": ""METRO_ST__THOMAS_MOUNT""}",ANSWERABLE_NOW,template_instantiation,TMPL_STATION_FACILITIES_EN_16
PILOT_T2_TR_002243,,SFAM_TICKETING_AND_PASSES_009,FAM_TICKETING_AND_PASSES_009,PARA_TICKETING_AND_PASSES_8_2,T2_MEDIUM_V1,ticketing_rules,GET_TICKETING_POLICY,Could you specify qr ticket recharge karne ka guidelines aur validity rule bataye. [card F9]? #3,hi,Latn,CS0,N0,"{""ticket_type"": ""qr_ticket"", ""transport_mode"": ""transit""}",{},ANSWERABLE_NOW,template_instantiation,TMPL_TICKETING_AND_PASSES_HI_LATN_8
PILOT_T2_TR_002244,,SFAM_MODE_AVAILABILITY_009,FAM_MODE_AVAILABILITY_009,PARA_MODE_AVAILABILITY_8_3,T2_MEDIUM_V1,service_availability,CHECK_SERVICE_AVAILABILITY,Could you specify Is public transit operational connecting Thirumangalam and Madurantakam (F9)?? #3,hi-en,Latn,CS3,N0,"{""origin"": ""Thirumangalam"", ""destination"": ""Madurantakam"", ""transport_mode"": ""public transit""}","{""origin_id"": ""METRO_THIRUMANGALAM"", ""destination_id"": ""BUS_5306412986""}",ANSWERABLE_WITH_PROVISIONAL_DATA,template_instantiation,TMPL_MODE_AVAILABILITY_HINGLISH_LATN_8
PILOT_T2_TR_002245,,SFAM_NEAREST_TRANSPORT_017,FAM_NEAREST_TRANSPORT_017,PARA_NEAREST_TRANSPORT_16_1,T2_MEDIUM_V1,nearest_transport,FIND_NEAREST_STATION,Transit query: मातृ शिशु अस्पताल के सबसे निकटतम मेट्रो स्टेशन या बस स्टॉप कौन सा है? (निकट F17) #5,hi,Deva,CS0,N2,"{""landmark"": ""मातृ शिशु अस्पताल"", ""transport_mode"": ""मेट्रो या बस""}","{""place_id"": ""OSM_POI_7257518731""}",ANSWERABLE_NOW,template_instantiation,TMPL_NEAREST_TRANSPORT_HI_DEVA_16
PILOT_T2_TR_002246,,SFAM_NEAREST_TRANSPORT_014,FAM_NEAREST_TRANSPORT_014,PARA_NEAREST_TRANSPORT_13_0,T2_MEDIUM_V1,nearest_transport,FIND_NEAREST_STATION,Could you specify Which is the nearest metro station or transit stop to Maritime Institute? [loc F14]? #3,en,Latn,CS0,N0,"{""landmark"": ""Maritime Institute"", ""transport_mode"": ""metro""}","{""place_id"": ""OSM_POI_314081186""}",ANSWERABLE_NOW,template_instantiation,TMPL_NEAREST_TRANSPORT_EN_13
PILOT_T2_TR_002247,,SFAM_SCHEDULED_DEPARTURE_002,FAM_SCHEDULED_DEPARTURE_002,PARA_SCHEDULED_DEPARTURE_1_2,T2_MEDIUM_V1,service_timing,GET_SCHEDULED_DEPARTURES,chennai central se sham 7 baje departure timing schedule bataye. [timetable F2],hi,Latn,CS0,N1,"{""origin"": ""chennai central"", ""time"": ""sham 7 baje"", ""resolved_time"": ""19:00:00""}","{""origin_id"": ""METRO_PURATCHI_THALAIVAR_DR__M_G_RAMACHANDRAN_CENTRAL""}",ANSWERABLE_NOW,template_instantiation,TMPL_SCHEDULED_DEPARTURE_HI_LATN_1
PILOT_T2_TR_002248,,SFAM_OUT_OF_SCOPE_008,FAM_OUT_OF_SCOPE_008,PARA_OUT_OF_SCOPE_7_0,T2_MEDIUM_V1,out_of_scope,REJECT_OUT_OF_SCOPE,Quick check: Book a private cab taxi ride from High Court to Little Mount. [cab F8] #4,en,Latn,CS0,N0,"{""origin"": ""High Court"", ""destination"": ""Little Mount""}","{""origin_id"": ""METRO_HIGHCOURT"", ""destination_id"": ""METRO_LITTLE_MOUNT""}",OUT_OF_SCOPE,template_instantiation,TMPL_OUT_OF_SCOPE_EN_7
PILOT_T2_TR_002249,,SFAM_REALTIME_STATUS_QUERY_018,FAM_REALTIME_STATUS_QUERY_018,PARA_REALTIME_STATUS_QUERY_17_1,T2_MEDIUM_V1,realtime_status_query,REJECT_UNSUPPORTED_REALTIME,Transit query: क्या नेहरू पार्क से आने वाली ट्रेन अभी लेट चल रही है लाइव स्थिति बताएं? (ताज़ा F18) #5,hi,Deva,CS0,N2,"{""origin"": ""नेहरू पार्क"", ""transport_mode"": ""ट्रेन""}","{""origin_id"": ""METRO_NEHRU_PARK""}",REQUIRES_REALTIME_DATA,template_instantiation,TMPL_REALTIME_STATUS_QUERY_HI_DEVA_17
PILOT_T2_TR_002250,,SFAM_TICKETING_AND_PASSES_004,FAM_TICKETING_AND_PASSES_004,PARA_TICKETING_AND_PASSES_3_3,T2_MEDIUM_V1,ticketing_rules,GET_TICKETING_POLICY,How can regular passengers apply for and renew Tourist One-Day Pass (F4)?,hi-en,Latn,CS3,N0,"{""ticket_type"": ""tourist_card"", ""transport_mode"": ""transit""}",{},ANSWERABLE_NOW,template_instantiation,TMPL_TICKETING_AND_PASSES_HINGLISH_LATN_3
PILOT_T2_TR_002251,,SFAM_SCHEDULED_DEPARTURE_003,FAM_SCHEDULED_DEPARTURE_003,PARA_SCHEDULED_DEPARTURE_2_4,T2_MEDIUM_V1,service_timing,GET_SCHEDULED_DEPARTURES,Guindy से bare 8 baje departure timings schedule status F3,hi-en,Deva+Latn,CS4,N0,"{""origin"": ""Guindy"", ""time"": ""8 baje"", ""temporal_ambiguity"": true, ""dual_candidates"": [""08:00:00"", ""20:00:00""]}","{""origin_id"": ""METRO_GUINDY""}",ANSWERABLE_NOW,template_instantiation,TMPL_SCHEDULED_DEPARTURE_MIXED_SCRIPT_CS_2
PILOT_T2_TR_002252,,SFAM_FARE_CALCULATION_003,FAM_FARE_CALCULATION_003,PARA_FARE_CALCULATION_2_3,T2_MEDIUM_V1,fare_query,CALCULATE_FARE,Quick check: Calculate fare for travel between Guindy and Anna Nagar Tower stations (F3) #4,hi-en,Latn,CS3,N2,"{""origin"": ""Guindy"", ""destination"": ""Anna Nagar Tower"", ""transport_mode"": ""metro""}","{""origin_id"": ""METRO_GUINDY"", ""destination_id"": ""METRO_ANNA_NAGAR_TOWER""}",ANSWERABLE_NOW,template_instantiation,TMPL_FARE_CALCULATION_HINGLISH_LATN_2
PILOT_T2_TR_002253,,SFAM_NEAREST_TRANSPORT_005,FAM_NEAREST_TRANSPORT_005,PARA_NEAREST_TRANSPORT_4_3,T2_MEDIUM_V1,nearest_transport,FIND_NEAREST_STATION,Transit query: Find closest public transport access point near Maruthi Hospital (F5) #5,hi-en,Latn,CS3,N0,"{""landmark"": ""Maruthi Hospital"", ""transport_mode"": ""public transport""}","{""place_id"": ""OSM_POI_7820652140""}",ANSWERABLE_NOW,template_instantiation,TMPL_NEAREST_TRANSPORT_HINGLISH_LATN_4
PILOT_T2_TR_002254,,SFAM_INTERCHANGE_TRANSFER_008,FAM_INTERCHANGE_TRANSFER_008,PARA_INTERCHANGE_TRANSFER_7_3,T2_MEDIUM_V1,interchange_query,GET_INTERCHANGE_DETAILS,Transfer walking time and directions at High Court multimodal terminal (F8),hi-en,Latn,CS3,N0,"{""station"": ""High Court"", ""facility_type"": ""interchange""}","{""station_id"": ""METRO_HIGHCOURT""}",ANSWERABLE_AFTER_MANUAL_VERIFICATION,template_instantiation,TMPL_INTERCHANGE_TRANSFER_HINGLISH_LATN_7
PILOT_T2_TR_002255,,SFAM_TICKETING_AND_PASSES_003,FAM_TICKETING_AND_PASSES_003,PARA_TICKETING_AND_PASSES_2_3,T2_MEDIUM_V1,ticketing_rules,GET_TICKETING_POLICY,Please tell: How can regular passengers apply for and renew WhatsApp QR Ticket (F3)? #2,hi-en,Latn,CS3,N0,"{""ticket_type"": ""qr_ticket"", ""transport_mode"": ""transit""}",{},ANSWERABLE_NOW,template_instantiation,TMPL_TICKETING_AND_PASSES_HINGLISH_LATN_2
PILOT_T2_TR_002256,,SFAM_ROUTE_STOP_MEMBERSHIP_015,FAM_ROUTE_STOP_MEMBERSHIP_015,PARA_ROUTE_STOP_MEMBERSHIP_14_2,T2_MEDIUM_V1,route_stops,CHECK_STOP_ON_ROUTE,Please tell: kya bus Green Line ka bus stand par stoppage hai confirm kare? [check F15] #2,hi,Latn,CS0,N0,"{""route_number"": ""Green Line"", ""stop"": ""bus stand"", ""transport_mode"": ""bus""}","{""route_id"": ""CMRL_GREEN_CORRIDOR_2"", ""stop_id"": ""BUS_5300484122""}",ANSWERABLE_WITH_PROVISIONAL_DATA,template_instantiation,TMPL_ROUTE_STOP_MEMBERSHIP_HI_LATN_14
PILOT_T2_TR_002257,,SFAM_FIRST_AND_LAST_SERVICE_005,FAM_FIRST_AND_LAST_SERVICE_005,PARA_FIRST_AND_LAST_SERVICE_4_0,T2_MEDIUM_V1,service_timing,GET_FIRST_LAST_SERVICE,Please tell: What time does the earliest and latest train depart CMBT for Thousand Lights? [hrs F5] #2,en,Latn,CS0,N0,"{""origin"": ""CMBT"", ""destination"": ""Thousand Lights"", ""timing_type"": ""first_last"", ""transport_mode"": ""metro""}","{""origin_id"": ""METRO_PURATCHI_THALAIVI_DR_J_JAYALALITHAA_CMBT"", ""destination_id"": ""METRO_THOUSAND_LIGHTS""}",ANSWERABLE_NOW,template_instantiation,TMPL_FIRST_AND_LAST_SERVICE_EN_4
PILOT_T2_TR_002258,,SFAM_ROUTE_STOP_MEMBERSHIP_013,FAM_ROUTE_STOP_MEMBERSHIP_013,PARA_ROUTE_STOP_MEMBERSHIP_12_1,T2_MEDIUM_V1,route_stops,CHECK_STOP_ON_ROUTE,Could you specify क्या बस 15 CT8 नेलवॉय स्टॉप पर रुकती है? (जांच F13)? #3,hi,Deva,CS0,N0,"{""route_number"": ""15 CT8"", ""stop"": ""नेलवॉय"", ""transport_mode"": ""बस""}","{""route_id"": ""GTFS_ROUTE_20494"", ""stop_id"": ""BUS_469106564""}",ANSWERABLE_WITH_PROVISIONAL_DATA,template_instantiation,TMPL_ROUTE_STOP_MEMBERSHIP_HI_DEVA_12
PILOT_T2_TR_002259,,SFAM_ROUTE_STOP_MEMBERSHIP_010,FAM_ROUTE_STOP_MEMBERSHIP_010,PARA_ROUTE_STOP_MEMBERSHIP_9_3,T2_MEDIUM_V1,route_stops,CHECK_STOP_ON_ROUTE,Verify if Karunguzhi bus stop is covered by route 12G (F10),hi-en,Latn,CS3,N0,"{""route_number"": ""12G"", ""stop"": ""Karunguzhi"", ""transport_mode"": ""bus""}","{""route_id"": ""GTFS_ROUTE_18750"", ""stop_id"": ""BUS_5274698920""}",ANSWERABLE_WITH_PROVISIONAL_DATA,template_instantiation,TMPL_ROUTE_STOP_MEMBERSHIP_HINGLISH_LATN_9
PILOT_T2_TR_002260,,SFAM_FARE_CALCULATION_005,FAM_FARE_CALCULATION_005,PARA_FARE_CALCULATION_4_2,T2_MEDIUM_V1,fare_query,CALCULATE_FARE,Could you specify cmbt se thousand lights metro ride ka standard ticket cost kitna hoga? [kiraya F5]? #3,hi,Latn,CS0,N0,"{""origin"": ""cmbt"", ""destination"": ""thousand lights"", ""transport_mode"": ""metro""}","{""origin_id"": ""METRO_PURATCHI_THALAIVI_DR_J_JAYALALITHAA_CMBT"", ""destination_id"": ""METRO_THOUSAND_LIGHTS""}",ANSWERABLE_NOW,template_instantiation,TMPL_FARE_CALCULATION_HI_LATN_4
PILOT_T2_TR_002261,,SFAM_INTERCHANGE_TRANSFER_011,FAM_INTERCHANGE_TRANSFER_011,PARA_INTERCHANGE_TRANSFER_10_2,T2_MEDIUM_V1,interchange_query,GET_INTERCHANGE_DETAILS,Please tell: egmore hub par metro line change karke nehru park kaise jaye? [platform F11] #2,hi,Latn,CS0,N1,"{""station"": ""egmore"", ""destination"": ""nehru park"", ""facility_type"": ""interchange""}","{""station_id"": ""METRO_EGMORE"", ""destination_id"": ""METRO_NEHRU_PARK""}",ANSWERABLE_AFTER_MANUAL_VERIFICATION,template_instantiation,TMPL_INTERCHANGE_TRANSFER_HI_LATN_10
PILOT_T2_TR_002262,,SFAM_MODE_AVAILABILITY_018,FAM_MODE_AVAILABILITY_018,PARA_MODE_AVAILABILITY_17_1,T2_MEDIUM_V1,service_availability,CHECK_SERVICE_AVAILABILITY,Transit query: क्या नेहरू पार्क से ब्रॉडवे के लिए कोई सार्वजनिक बस या ट्रेन उपलब्ध है? (उपलब्धता F18) #5,hi,Deva,CS0,N2,"{""origin"": ""नेहरू पार्क"", ""destination"": ""ब्रॉडवे"", ""transport_mode"": ""सार्वजनिक बस या ट्रेन""}","{""origin_id"": ""METRO_NEHRU_PARK"", ""destination_id"": ""BUS_27618346""}",ANSWERABLE_WITH_PROVISIONAL_DATA,template_instantiation,TMPL_MODE_AVAILABILITY_HI_DEVA_17
PILOT_T2_TR_002263,,SFAM_STATION_FACILITIES_015,FAM_STATION_FACILITIES_015,PARA_STATION_FACILITIES_14_3,T2_MEDIUM_V1,station_facilities,GET_STATION_FACILITY,Please tell: Does Little Mount station premises include operational EV vehicle charging (F15)? #2,hi-en,Latn,CS3,N0,"{""station"": ""Little Mount"", ""facility_type"": ""ev_charging"", ""transport_mode"": ""metro""}","{""station_id"": ""METRO_LITTLE_MOUNT""}",ANSWERABLE_NOW,template_instantiation,TMPL_STATION_FACILITIES_HINGLISH_LATN_14
PILOT_T2_TR_002264,,SFAM_STATION_FACILITIES_013,FAM_STATION_FACILITIES_013,PARA_STATION_FACILITIES_12_1,T2_MEDIUM_V1,station_facilities,GET_STATION_FACILITY,क्या विमको नगर मेट्रो स्टेशन पर कार पार्किंग की व्यवस्था उपलब्ध है? (सुविधा F13),hi,Deva,CS0,N1,"{""station"": ""विमको नगर"", ""facility_type"": ""parking"", ""transport_mode"": ""मेट्रो""}","{""station_id"": ""METRO_WIMCO_NAGAR""}",ANSWERABLE_NOW,template_instantiation,TMPL_STATION_FACILITIES_HI_DEVA_12
PILOT_T2_TR_002265,,SFAM_STATION_FACILITIES_007,FAM_STATION_FACILITIES_007,PARA_STATION_FACILITIES_6_1,T2_MEDIUM_V1,station_facilities,GET_STATION_FACILITY,Please tell: क्या वडपलनी मेट्रो स्टेशन पर ईवी चार्जिंग की व्यवस्था उपलब्ध है? (सुविधा F7) #2,hi,Deva,CS0,N0,"{""station"": ""वडपलनी"", ""facility_type"": ""ev_charging"", ""transport_mode"": ""मेट्रो""}","{""station_id"": ""METRO_VADAPALANI""}",ANSWERABLE_NOW,template_instantiation,TMPL_STATION_FACILITIES_HI_DEVA_6
PILOT_T2_TR_002266,,SFAM_INTERCHANGE_TRANSFER_009,FAM_INTERCHANGE_TRANSFER_009,PARA_INTERCHANGE_TRANSFER_8_3,T2_MEDIUM_V1,interchange_query,GET_INTERCHANGE_DETAILS,Could you specify Transfer walking time and directions at Thirumangalam multimodal terminal (F9)? #3,hi-en,Latn,CS3,N0,"{""station"": ""Thirumangalam"", ""facility_type"": ""interchange""}","{""station_id"": ""METRO_THIRUMANGALAM""}",ANSWERABLE_AFTER_MANUAL_VERIFICATION,template_instantiation,TMPL_INTERCHANGE_TRANSFER_HINGLISH_LATN_8
PILOT_T2_TR_002267,,SFAM_ROUTE_STOP_SEQUENCE_006,FAM_ROUTE_STOP_SEQUENCE_006,PARA_ROUTE_STOP_SEQUENCE_5_2,T2_MEDIUM_V1,route_stops,LIST_ROUTE_STOPS,Route 29C bus ke sare consecutive stops ki list check kare. [line F6],hi,Latn,CS0,N1,"{""route_number"": ""29C"", ""transport_mode"": ""bus""}","{""route_id"": ""GTFS_ROUTE_8631""}",ANSWERABLE_WITH_PROVISIONAL_DATA,template_instantiation,TMPL_ROUTE_STOP_SEQUENCE_HI_LATN_5
PILOT_T2_TR_002268,,SFAM_STATION_ACCESSIBILITY_017,FAM_STATION_ACCESSIBILITY_017,PARA_STATION_ACCESSIBILITY_16_0,T2_MEDIUM_V1,accessibility,GET_ACCESSIBILITY_INFO,Are wheelchair ramp provisions available for differently abled passengers at St. Thomas Mount? [a11y F17],en,Latn,CS0,N0,"{""station"": ""St. Thomas Mount"", ""accessibility_feature"": ""wheelchair"", ""transport_mode"": ""metro""}","{""station_id"": ""METRO_ST__THOMAS_MOUNT""}",ANSWERABLE_NOW,template_instantiation,TMPL_STATION_ACCESSIBILITY_EN_16
PILOT_T2_TR_002269,,SFAM_MULTIMODAL_ROUTE_017,FAM_MULTIMODAL_ROUTE_017,PARA_MULTIMODAL_ROUTE_16_0,T2_MEDIUM_V1,route_query,PLAN_MULTIMODAL_ROUTE,What is the combined bus and metro route from Tambaram to Alandur? [plan F17],en,Latn,CS0,N0,"{""origin"": ""Tambaram"", ""destination"": ""Alandur"", ""transport_mode"": ""multimodal""}","{""origin_id"": ""BUS_5304399879"", ""destination_id"": ""METRO_ARIGNAR_ANNA_ALANDUR""}",ANSWERABLE_WITH_PROVISIONAL_DATA,template_instantiation,TMPL_MULTIMODAL_ROUTE_EN_16
PILOT_T2_TR_002270,,SFAM_OUT_OF_SCOPE_010,FAM_OUT_OF_SCOPE_010,PARA_OUT_OF_SCOPE_9_2,T2_MEDIUM_V1,out_of_scope,REJECT_OUT_OF_SCOPE,anna nagar tower airport terminal ke flight delay timings check kijiye. [bahar F10],hi,Latn,CS0,N0,"{""station"": ""anna nagar tower""}","{""station_id"": ""METRO_ANNA_NAGAR_TOWER""}",OUT_OF_SCOPE,template_instantiation,TMPL_OUT_OF_SCOPE_HI_LATN_9
PILOT_T2_TR_002271,,SFAM_ROUTE_STOP_MEMBERSHIP_003,FAM_ROUTE_STOP_MEMBERSHIP_003,PARA_ROUTE_STOP_MEMBERSHIP_2_1,T2_MEDIUM_V1,route_stops,CHECK_STOP_ON_ROUTE,क्या बस 102A अडयार स्टॉप पर रुकती है? (जांच F3),hi,Deva,CS0,N0,"{""route_number"": ""102A"", ""stop"": ""अडयार"", ""transport_mode"": ""बस""}","{""route_id"": ""GTFS_ROUTE_10248"", ""stop_id"": ""BUS_2587520213""}",ANSWERABLE_WITH_PROVISIONAL_DATA,template_instantiation,TMPL_ROUTE_STOP_MEMBERSHIP_HI_DEVA_2
PILOT_T2_TR_002272,,SFAM_SERVICE_FREQUENCY_019,FAM_SERVICE_FREQUENCY_019,PARA_SERVICE_FREQUENCY_18_0,T2_MEDIUM_V1,service_timing,GET_SERVICE_FREQUENCY,Please tell: How many minutes between trains on the line connecting Kilpauk and Koyambedu? [freq F19] #2,en,Latn,CS0,N0,"{""origin"": ""Kilpauk"", ""destination"": ""Koyambedu"", ""timing_type"": ""frequency"", ""transport_mode"": ""metro""}","{""origin_id"": ""METRO_KILPAUK"", ""destination_id"": ""METRO_KOYAMBEDU""}",ANSWERABLE_NOW,template_instantiation,TMPL_SERVICE_FREQUENCY_EN_18
PILOT_T2_TR_002273,,SFAM_FIRST_AND_LAST_SERVICE_013,FAM_FIRST_AND_LAST_SERVICE_013,PARA_FIRST_AND_LAST_SERVICE_12_3,T2_MEDIUM_V1,service_timing,GET_FIRST_LAST_SERVICE,Please tell: First train and last train operational hours between Wimco Nagar Depot and Pachaiyappa College (F13) #2,hi-en,Latn,CS3,N1,"{""origin"": ""Wimco Nagar Depot"", ""destination"": ""Pachaiyappa College"", ""timing_type"": ""first_last"", ""transport_mode"": ""train""}","{""origin_id"": ""METRO_WIMCO_NAGAR"", ""destination_id"": ""METRO_PACHAIYAPPA_S_COLLEGE""}",ANSWERABLE_NOW,template_instantiation,TMPL_FIRST_AND_LAST_SERVICE_HINGLISH_LATN_12
PILOT_T2_TR_002274,,SFAM_TICKETING_AND_PASSES_015,FAM_TICKETING_AND_PASSES_015,PARA_TICKETING_AND_PASSES_14_1,T2_MEDIUM_V1,ticketing_rules,GET_TICKETING_POLICY,"Excuse me, यात्रियों के लिए क्यूआर टिकट प्राप्त करने के नियम और प्रक्रिया क्या हैं? (पास F15) #6",hi,Deva,CS0,N0,"{""ticket_type"": ""qr_ticket"", ""transport_mode"": ""पारगमन""}",{},ANSWERABLE_NOW,template_instantiation,TMPL_TICKETING_AND_PASSES_HI_DEVA_14
PILOT_T2_TR_002275,,SFAM_MODE_AVAILABILITY_019,FAM_MODE_AVAILABILITY_019,PARA_MODE_AVAILABILITY_18_1,T2_MEDIUM_V1,service_availability,CHECK_SERVICE_AVAILABILITY,Please tell: क्या किल्पौक से अडयार के लिए कोई सार्वजनिक बस या ट्रेन उपलब्ध है? (उपलब्धता F19) #2,hi,Deva,CS0,N0,"{""origin"": ""किल्पौक"", ""destination"": ""अडयार"", ""transport_mode"": ""सार्वजनिक बस या ट्रेन""}","{""origin_id"": ""METRO_KILPAUK"", ""destination_id"": ""BUS_2587520213""}",ANSWERABLE_WITH_PROVISIONAL_DATA,template_instantiation,TMPL_MODE_AVAILABILITY_HI_DEVA_18
PILOT_T2_TR_002276,,SFAM_OUT_OF_SCOPE_008,FAM_OUT_OF_SCOPE_008,PARA_OUT_OF_SCOPE_7_1,T2_MEDIUM_V1,out_of_scope,REJECT_OUT_OF_SCOPE,Could you specify हाई कोर्ट के निकटतम सबसे अच्छे रेस्टोरेंट और भोजनालय की सूची दें। (बाहर F8)? #3,hi,Deva,CS0,N0,"{""station"": ""हाई कोर्ट""}","{""station_id"": ""METRO_HIGHCOURT""}",OUT_OF_SCOPE,template_instantiation,TMPL_OUT_OF_SCOPE_HI_DEVA_7
PILOT_T2_TR_002277,,SFAM_STATION_ACCESSIBILITY_016,FAM_STATION_ACCESSIBILITY_016,PARA_STATION_ACCESSIBILITY_15_0,T2_MEDIUM_V1,accessibility,GET_ACCESSIBILITY_INFO,Please tell: Are escalator stairs provisions available for differently abled passengers at Saidapet? [a11y F16] #2,en,Latn,CS0,N0,"{""station"": ""Saidapet"", ""accessibility_feature"": ""escalator"", ""transport_mode"": ""metro""}","{""station_id"": ""METRO_SAIDAPET""}",ANSWERABLE_NOW,template_instantiation,TMPL_STATION_ACCESSIBILITY_EN_15
PILOT_T2_TR_002278,,SFAM_STATION_ACCESSIBILITY_002,FAM_STATION_ACCESSIBILITY_002,PARA_STATION_ACCESSIBILITY_1_3,T2_MEDIUM_V1,accessibility,GET_ACCESSIBILITY_INFO,"Hello assistant, Verification of accessible passenger elevator lift support at Chennai Central metro (F2) #7",hi-en,Latn,CS3,N0,"{""station"": ""Chennai Central"", ""accessibility_feature"": ""lift"", ""transport_mode"": ""metro""}","{""station_id"": ""METRO_PURATCHI_THALAIVAR_DR__M_G_RAMACHANDRAN_CENTRAL""}",ANSWERABLE_NOW,template_instantiation,TMPL_STATION_ACCESSIBILITY_HINGLISH_LATN_1
PILOT_T2_TR_002279,,SFAM_STATION_ACCESSIBILITY_010,FAM_STATION_ACCESSIBILITY_010,PARA_STATION_ACCESSIBILITY_9_0,T2_MEDIUM_V1,accessibility,GET_ACCESSIBILITY_INFO,Quick check: Are passenger elevator lift provisions available for differently abled passengers at Anna Nagar Tower? [a11y F10] #4,en,Latn,CS0,N0,"{""station"": ""Anna Nagar Tower"", ""accessibility_feature"": ""lift"", ""transport_mode"": ""metro""}","{""station_id"": ""METRO_ANNA_NAGAR_TOWER""}",ANSWERABLE_NOW,template_instantiation,TMPL_STATION_ACCESSIBILITY_EN_9
PILOT_T2_TR_002280,,SFAM_POINT_TO_POINT_ROUTE_006,FAM_POINT_TO_POINT_ROUTE_006,PARA_POINT_TO_POINT_ROUTE_5_1,T2_MEDIUM_V1,route_query,PLAN_ROUTE,कोयम्बेडु से विमको नगर मेट्रो से जाने का रास्ता क्या है? (प्रारूप F6),hi,Deva,CS0,N0,"{""origin"": ""कोयम्बेडु"", ""destination"": ""विमको नगर"", ""transport_mode"": ""मेट्रो""}","{""origin_id"": ""METRO_KOYAMBEDU"", ""destination_id"": ""METRO_WIMCO_NAGAR""}",ANSWERABLE_WITH_PROVISIONAL_DATA,template_instantiation,TMPL_POINT_TO_POINT_ROUTE_HI_DEVA_5
PILOT_T2_TR_002281,,SFAM_INTERCHANGE_TRANSFER_007,FAM_INTERCHANGE_TRANSFER_007,PARA_INTERCHANGE_TRANSFER_6_0,T2_MEDIUM_V1,interchange_query,GET_INTERCHANGE_DETAILS,Quick check: How do I switch lines to connect towards Washermenpet at Vadapalani interchange? [xfer F7] #4,en,Latn,CS0,N0,"{""station"": ""Vadapalani"", ""destination"": ""Washermenpet"", ""facility_type"": ""interchange""}","{""station_id"": ""METRO_VADAPALANI"", ""destination_id"": ""METRO_WASHERMENPET""}",ANSWERABLE_AFTER_MANUAL_VERIFICATION,template_instantiation,TMPL_INTERCHANGE_TRANSFER_EN_6
PILOT_T2_TR_002282,,SFAM_TICKETING_AND_PASSES_019,FAM_TICKETING_AND_PASSES_019,PARA_TICKETING_AND_PASSES_18_1,T2_MEDIUM_V1,ticketing_rules,GET_TICKETING_POLICY,Quick check: यात्रियों के लिए मासिक पास प्राप्त करने के नियम और प्रक्रिया क्या हैं? (पास F19) #4,hi,Deva,CS0,N0,"{""ticket_type"": ""monthly_pass"", ""transport_mode"": ""पारगमन""}",{},ANSWERABLE_NOW,template_instantiation,TMPL_TICKETING_AND_PASSES_HI_DEVA_18
PILOT_T2_TR_002283,,SFAM_REALTIME_STATUS_QUERY_016,FAM_REALTIME_STATUS_QUERY_016,PARA_REALTIME_STATUS_QUERY_15_1,T2_MEDIUM_V1,realtime_status_query,REJECT_UNSUPPORTED_REALTIME,Quick check: क्या साइदापेट से आने वाली ट्रेन अभी लेट चल रही है लाइव स्थिति बताएं? (ताज़ा F16) #4,hi,Deva,CS0,N0,"{""origin"": ""साइदापेट"", ""transport_mode"": ""ट्रेन""}","{""origin_id"": ""METRO_SAIDAPET""}",REQUIRES_REALTIME_DATA,template_instantiation,TMPL_REALTIME_STATUS_QUERY_HI_DEVA_15
PILOT_T2_TR_002284,,SFAM_REALTIME_STATUS_QUERY_001,FAM_REALTIME_STATUS_QUERY_001,PARA_REALTIME_STATUS_QUERY_0_3,T2_MEDIUM_V1,realtime_status_query,REJECT_UNSUPPORTED_REALTIME,"Hello assistant, Live crowd density and train arrival countdown at Airport right now (F1) #7",hi-en,Latn,CS3,N0,"{""station"": ""Airport"", ""transport_mode"": ""metro""}","{""station_id"": ""METRO_CHENNAI_INTERNATIONAL_AIRPORT""}",REQUIRES_REALTIME_DATA,template_instantiation,TMPL_REALTIME_STATUS_QUERY_HINGLISH_LATN_0
PILOT_T2_TR_002285,,SFAM_STATION_FACILITIES_002,FAM_STATION_FACILITIES_002,PARA_STATION_FACILITIES_1_1,T2_MEDIUM_V1,station_facilities,GET_STATION_FACILITY,Could you specify क्या चेन्नई सेंट्रल मेट्रो स्टेशन पर बाइक पार्किंग की व्यवस्था उपलब्ध है? (सुविधा F2)? #3,hi,Deva,CS0,N0,"{""station"": ""चेन्नई सेंट्रल"", ""facility_type"": ""two_wheeler_parking"", ""transport_mode"": ""मेट्रो""}","{""station_id"": ""METRO_PURATCHI_THALAIVAR_DR__M_G_RAMACHANDRAN_CENTRAL""}",ANSWERABLE_NOW,template_instantiation,TMPL_STATION_FACILITIES_HI_DEVA_1
PILOT_T2_TR_002286,,SFAM_ROUTE_STOP_SEQUENCE_019,FAM_ROUTE_STOP_SEQUENCE_019,PARA_ROUTE_STOP_SEQUENCE_18_2,T2_MEDIUM_V1,route_stops,LIST_ROUTE_STOPS,Route 570 bus ke sare consecutive stops ki list check kare. [line F19],hi,Latn,CS0,N1,"{""route_number"": ""570"", ""transport_mode"": ""bus""}","{""route_id"": ""GTFS_ROUTE_17967""}",ANSWERABLE_WITH_PROVISIONAL_DATA,template_instantiation,TMPL_ROUTE_STOP_SEQUENCE_HI_LATN_18
PILOT_T2_TR_002287,,SFAM_STATION_ACCESSIBILITY_008,FAM_STATION_ACCESSIBILITY_008,PARA_STATION_ACCESSIBILITY_7_4,T2_MEDIUM_V1,accessibility,GET_ACCESSIBILITY_INFO,Please tell: High Court station par handicapped passengers ke liye escalator stairs support status F8 #2,hi-en,Deva+Latn,CS4,N0,"{""station"": ""High Court"", ""accessibility_feature"": ""escalator"", ""transport_mode"": ""metro""}","{""station_id"": ""METRO_HIGHCOURT""}",ANSWERABLE_NOW,template_instantiation,TMPL_STATION_ACCESSIBILITY_MIXED_SCRIPT_CS_7
PILOT_T2_TR_002288,,SFAM_FARE_CALCULATION_005,FAM_FARE_CALCULATION_005,PARA_FARE_CALCULATION_4_2,T2_MEDIUM_V1,fare_query,CALCULATE_FARE,Please tell: cmbt se thousand lights metro ride ka standard ticket cost kitna hoga? [kiraya F5] #2,hi,Latn,CS0,N0,"{""origin"": ""cmbt"", ""destination"": ""thousand lights"", ""transport_mode"": ""metro""}","{""origin_id"": ""METRO_PURATCHI_THALAIVI_DR_J_JAYALALITHAA_CMBT"", ""destination_id"": ""METRO_THOUSAND_LIGHTS""}",ANSWERABLE_NOW,template_instantiation,TMPL_FARE_CALCULATION_HI_LATN_4
PILOT_T2_TR_002289,,SFAM_MODE_AVAILABILITY_009,FAM_MODE_AVAILABILITY_009,PARA_MODE_AVAILABILITY_8_3,T2_MEDIUM_V1,service_availability,CHECK_SERVICE_AVAILABILITY,Quick check: Is public transit operational connecting Thirumangalam and Madurantakam (F9)? #4,hi-en,Latn,CS3,N0,"{""origin"": ""Thirumangalam"", ""destination"": ""Madurantakam"", ""transport_mode"": ""public transit""}","{""origin_id"": ""METRO_THIRUMANGALAM"", ""destination_id"": ""BUS_5306412986""}",ANSWERABLE_WITH_PROVISIONAL_DATA,template_instantiation,TMPL_MODE_AVAILABILITY_HINGLISH_LATN_8
PILOT_T2_TR_002290,,SFAM_STATION_ACCESSIBILITY_002,FAM_STATION_ACCESSIBILITY_002,PARA_STATION_ACCESSIBILITY_1_0,T2_MEDIUM_V1,accessibility,GET_ACCESSIBILITY_INFO,Are passenger elevator lift provisions available for differently abled passengers at Chennai Central? [a11y F2],en,Latn,CS0,N0,"{""station"": ""Chennai Central"", ""accessibility_feature"": ""lift"", ""transport_mode"": ""metro""}","{""station_id"": ""METRO_PURATCHI_THALAIVAR_DR__M_G_RAMACHANDRAN_CENTRAL""}",ANSWERABLE_NOW,template_instantiation,TMPL_STATION_ACCESSIBILITY_EN_1
PILOT_T2_TR_002291,,SFAM_ROUTE_STOP_MEMBERSHIP_001,FAM_ROUTE_STOP_MEMBERSHIP_001,PARA_ROUTE_STOP_MEMBERSHIP_0_0,T2_MEDIUM_V1,route_stops,CHECK_STOP_ON_ROUTE,Does bus route 21G make a scheduled halt at Tambaram? [chk F1],en,Latn,CS0,N0,"{""route_number"": ""21G"", ""stop"": ""Tambaram"", ""transport_mode"": ""bus""}","{""route_id"": ""GTFS_ROUTE_8458"", ""stop_id"": ""BUS_5304399879""}",ANSWERABLE_WITH_PROVISIONAL_DATA,template_instantiation,TMPL_ROUTE_STOP_MEMBERSHIP_EN_0
PILOT_T2_TR_002292,,SFAM_FARE_CALCULATION_009,FAM_FARE_CALCULATION_009,PARA_FARE_CALCULATION_8_0,T2_MEDIUM_V1,fare_query,CALCULATE_FARE,What is the single-journey ticket fare from Thirumangalam to Saidapet on metro? [fare F9],en,Latn,CS0,N0,"{""origin"": ""Thirumangalam"", ""destination"": ""Saidapet"", ""fare_type"": ""token"", ""transport_mode"": ""metro""}","{""origin_id"": ""METRO_THIRUMANGALAM"", ""destination_id"": ""METRO_SAIDAPET""}",ANSWERABLE_NOW,template_instantiation,TMPL_FARE_CALCULATION_EN_8
PILOT_T2_TR_002293,,SFAM_STATION_FACILITIES_017,FAM_STATION_FACILITIES_017,PARA_STATION_FACILITIES_16_2,T2_MEDIUM_V1,station_facilities,GET_STATION_FACILITY,Could you specify kya st thomas mount station par passenger car parking service available hai? [amenity F17]? #3,hi,Latn,CS0,N0,"{""station"": ""st thomas mount"", ""facility_type"": ""parking"", ""transport_mode"": ""metro""}","{""station_id"": ""METRO_ST__THOMAS_MOUNT""}",ANSWERABLE_NOW,template_instantiation,TMPL_STATION_FACILITIES_HI_LATN_16
PILOT_T2_TR_002294,,SFAM_REALTIME_STATUS_QUERY_011,FAM_REALTIME_STATUS_QUERY_011,PARA_REALTIME_STATUS_QUERY_10_2,T2_MEDIUM_V1,realtime_status_query,REJECT_UNSUPPORTED_REALTIME,Quick check: Bus 11 R ka real time current gps location update kahan pahuncha? [track F11] #4,hi,Latn,CS0,N0,"{""route_number"": ""11 R"", ""transport_mode"": ""bus""}","{""route_id"": ""GTFS_ROUTE_23728""}",REQUIRES_REALTIME_DATA,template_instantiation,TMPL_REALTIME_STATUS_QUERY_HI_LATN_10
PILOT_T2_TR_002295,,SFAM_ROUTE_STOP_MEMBERSHIP_005,FAM_ROUTE_STOP_MEMBERSHIP_005,PARA_ROUTE_STOP_MEMBERSHIP_4_2,T2_MEDIUM_V1,route_stops,CHECK_STOP_ON_ROUTE,kya bus 23C ka besant nagar par stoppage hai confirm kare? [check F5],hi,Latn,CS0,N1,"{""route_number"": ""23C"", ""stop"": ""besant nagar"", ""transport_mode"": ""bus""}","{""route_id"": ""GTFS_ROUTE_10214"", ""stop_id"": ""BUS_417750654""}",ANSWERABLE_WITH_PROVISIONAL_DATA,template_instantiation,TMPL_ROUTE_STOP_MEMBERSHIP_HI_LATN_4
PILOT_T2_TR_002296,,SFAM_MULTIMODAL_ROUTE_019,FAM_MULTIMODAL_ROUTE_019,PARA_MULTIMODAL_ROUTE_18_1,T2_MEDIUM_V1,route_query,PLAN_MULTIMODAL_ROUTE,Could you specify अडयार से कोयम्बेडु बस और मेट्रो मिलाकर सबसे तेज़ मार्ग कौन सा है? (योजना F19)? #3,hi,Deva,CS0,N0,"{""origin"": ""अडयार"", ""destination"": ""कोयम्बेडु"", ""transport_mode"": ""बस और मेट्रो""}","{""origin_id"": ""BUS_2587520213"", ""destination_id"": ""METRO_KOYAMBEDU""}",ANSWERABLE_WITH_PROVISIONAL_DATA,template_instantiation,TMPL_MULTIMODAL_ROUTE_HI_DEVA_18
PILOT_T2_TR_002297,,SFAM_INTERCHANGE_TRANSFER_013,FAM_INTERCHANGE_TRANSFER_013,PARA_INTERCHANGE_TRANSFER_12_0,T2_MEDIUM_V1,interchange_query,GET_INTERCHANGE_DETAILS,Transit query: How do I switch lines to connect towards Pachaiyappa College at Wimco Nagar Depot interchange? [xfer F13] #5,en,Latn,CS0,N0,"{""station"": ""Wimco Nagar Depot"", ""destination"": ""Pachaiyappa College"", ""facility_type"": ""interchange""}","{""station_id"": ""METRO_WIMCO_NAGAR"", ""destination_id"": ""METRO_PACHAIYAPPA_S_COLLEGE""}",ANSWERABLE_AFTER_MANUAL_VERIFICATION,template_instantiation,TMPL_INTERCHANGE_TRANSFER_EN_12
PILOT_T2_TR_002298,,SFAM_ROUTE_STOP_MEMBERSHIP_009,FAM_ROUTE_STOP_MEMBERSHIP_009,PARA_ROUTE_STOP_MEMBERSHIP_8_1,T2_MEDIUM_V1,route_stops,CHECK_STOP_ON_ROUTE,Please tell: क्या बस 29A मदुरंतकम स्टॉप पर रुकती है? (जांच F9) #2,hi,Deva,CS0,N0,"{""route_number"": ""29A"", ""stop"": ""मदुरंतकम"", ""transport_mode"": ""बस""}","{""route_id"": ""GTFS_ROUTE_18751"", ""stop_id"": ""BUS_5306412986""}",ANSWERABLE_WITH_PROVISIONAL_DATA,template_instantiation,TMPL_ROUTE_STOP_MEMBERSHIP_HI_DEVA_8
PILOT_T2_TR_002299,,SFAM_SCHEDULED_DEPARTURE_016,FAM_SCHEDULED_DEPARTURE_016,PARA_SCHEDULED_DEPARTURE_15_0,T2_MEDIUM_V1,service_timing,GET_SCHEDULED_DEPARTURES,Please tell: Show metro departure timetable at bare 8 o'clock from Saidapet [sched F16] #2,en,Latn,CS0,N0,"{""origin"": ""Saidapet"", ""time"": ""8 o'clock"", ""temporal_ambiguity"": true, ""dual_candidates"": [""08:00:00"", ""20:00:00""]}","{""origin_id"": ""METRO_SAIDAPET""}",ANSWERABLE_NOW,template_instantiation,TMPL_SCHEDULED_DEPARTURE_EN_15
PILOT_T2_TR_002300,,SFAM_MODE_AVAILABILITY_004,FAM_MODE_AVAILABILITY_004,PARA_MODE_AVAILABILITY_3_3,T2_MEDIUM_V1,service_availability,CHECK_SERVICE_AVAILABILITY,Could you specify Is public transit operational connecting Alandur and Velachery (F4)?? #3,hi-en,Latn,CS3,N1,"{""origin"": ""Alandur"", ""destination"": ""Velachery"", ""transport_mode"": ""public transit""}","{""origin_id"": ""METRO_ARIGNAR_ANNA_ALANDUR"", ""destination_id"": ""BUS_1764308008""}",ANSWERABLE_WITH_PROVISIONAL_DATA,template_instantiation,TMPL_MODE_AVAILABILITY_HINGLISH_LATN_3
PILOT_T2_TR_002301,,SFAM_FARE_CALCULATION_008,FAM_FARE_CALCULATION_008,PARA_FARE_CALCULATION_7_0,T2_MEDIUM_V1,fare_query,CALCULATE_FARE,Quick check: What is the single-journey ticket fare from High Court to Little Mount on metro? [fare F8] #4,en,Latn,CS0,N0,"{""origin"": ""High Court"", ""destination"": ""Little Mount"", ""fare_type"": ""token"", ""transport_mode"": ""metro""}","{""origin_id"": ""METRO_HIGHCOURT"", ""destination_id"": ""METRO_LITTLE_MOUNT""}",ANSWERABLE_NOW,template_instantiation,TMPL_FARE_CALCULATION_EN_7
PILOT_T2_TR_002302,,SFAM_NEAREST_TRANSPORT_001,FAM_NEAREST_TRANSPORT_001,PARA_NEAREST_TRANSPORT_0_1,T2_MEDIUM_V1,nearest_transport,FIND_NEAREST_STATION,Please tell: मरीना बीच के सबसे निकटतम मेट्रो स्टेशन या बस स्टॉप कौन सा है? (निकट F1) #2,hi,Deva,CS0,N0,"{""landmark"": ""मरीना बीच"", ""transport_mode"": ""मेट्रो या बस""}","{""place_id"": ""OSM_POI_12137617372""}",ANSWERABLE_NOW,template_instantiation,TMPL_NEAREST_TRANSPORT_HI_DEVA_0
PILOT_T2_TR_002303,,SFAM_ROUTE_STOP_SEQUENCE_003,FAM_ROUTE_STOP_SEQUENCE_003,PARA_ROUTE_STOP_SEQUENCE_2_1,T2_MEDIUM_V1,route_stops,LIST_ROUTE_STOPS,Could you specify बस रूट 102A के सभी ठहरावों की क्रमबद्ध सूची दिखाएं। (क्रम F3)? #3,hi,Deva,CS0,N0,"{""route_number"": ""102A"", ""transport_mode"": ""बस""}","{""route_id"": ""GTFS_ROUTE_10248""}",ANSWERABLE_WITH_PROVISIONAL_DATA,template_instantiation,TMPL_ROUTE_STOP_SEQUENCE_HI_DEVA_2
PILOT_T2_TR_002304,,SFAM_STATION_ACCESSIBILITY_004,FAM_STATION_ACCESSIBILITY_004,PARA_STATION_ACCESSIBILITY_3_0,T2_MEDIUM_V1,accessibility,GET_ACCESSIBILITY_INFO,Could you specify Are escalator stairs provisions available for differently abled passengers at Alandur? [a11y F4]? #3,en,Latn,CS0,N0,"{""station"": ""Alandur"", ""accessibility_feature"": ""escalator"", ""transport_mode"": ""metro""}","{""station_id"": ""METRO_ARIGNAR_ANNA_ALANDUR""}",ANSWERABLE_NOW,template_instantiation,TMPL_STATION_ACCESSIBILITY_EN_3
PILOT_T2_TR_002305,,SFAM_STATION_ACCESSIBILITY_005,FAM_STATION_ACCESSIBILITY_005,PARA_STATION_ACCESSIBILITY_4_3,T2_MEDIUM_V1,accessibility,GET_ACCESSIBILITY_INFO,Transit query: Verification of accessible wheelchair ramp support at CMBT metro (F5) #5,hi-en,Latn,CS3,N0,"{""station"": ""CMBT"", ""accessibility_feature"": ""wheelchair"", ""transport_mode"": ""metro""}","{""station_id"": ""METRO_PURATCHI_THALAIVI_DR_J_JAYALALITHAA_CMBT""}",ANSWERABLE_NOW,template_instantiation,TMPL_STATION_ACCESSIBILITY_HINGLISH_LATN_4
PILOT_T2_TR_002306,,SFAM_MODE_AVAILABILITY_018,FAM_MODE_AVAILABILITY_018,PARA_MODE_AVAILABILITY_17_0,T2_MEDIUM_V1,service_availability,CHECK_SERVICE_AVAILABILITY,Please tell: Are there direct public transport options from Nehru Park to Broadway? [avail F18] #2,en,Latn,CS0,N0,"{""origin"": ""Nehru Park"", ""destination"": ""Broadway"", ""transport_mode"": ""any""}","{""origin_id"": ""METRO_NEHRU_PARK"", ""destination_id"": ""BUS_27618346""}",ANSWERABLE_WITH_PROVISIONAL_DATA,template_instantiation,TMPL_MODE_AVAILABILITY_EN_17
PILOT_T2_TR_002307,,SFAM_STATION_ACCESSIBILITY_008,FAM_STATION_ACCESSIBILITY_008,PARA_STATION_ACCESSIBILITY_7_0,T2_MEDIUM_V1,accessibility,GET_ACCESSIBILITY_INFO,Could you specify Are escalator stairs provisions available for differently abled passengers at High Court? [a11y F8]? #3,en,Latn,CS0,N0,"{""station"": ""High Court"", ""accessibility_feature"": ""escalator"", ""transport_mode"": ""metro""}","{""station_id"": ""METRO_HIGHCOURT""}",ANSWERABLE_NOW,template_instantiation,TMPL_STATION_ACCESSIBILITY_EN_7
PILOT_T2_TR_002308,,SFAM_MODE_AVAILABILITY_018,FAM_MODE_AVAILABILITY_018,PARA_MODE_AVAILABILITY_17_3,T2_MEDIUM_V1,service_availability,CHECK_SERVICE_AVAILABILITY,Please tell: Is public transit operational connecting Nehru Park and Broadway (F18)? #2,hi-en,Latn,CS3,N0,"{""origin"": ""Nehru Park"", ""destination"": ""Broadway"", ""transport_mode"": ""public transit""}","{""origin_id"": ""METRO_NEHRU_PARK"", ""destination_id"": ""BUS_27618346""}",ANSWERABLE_WITH_PROVISIONAL_DATA,template_instantiation,TMPL_MODE_AVAILABILITY_HINGLISH_LATN_17
PILOT_T2_TR_002309,,SFAM_FARE_CALCULATION_012,FAM_FARE_CALCULATION_012,PARA_FARE_CALCULATION_11_3,T2_MEDIUM_V1,fare_query,CALCULATE_FARE,Transit query: Calculate fare for travel between Thousand Lights and Kilpauk stations (F12) #5,hi-en,Latn,CS3,N1,"{""origin"": ""Thousand Lights"", ""destination"": ""Kilpauk"", ""transport_mode"": ""metro""}","{""origin_id"": ""METRO_THOUSAND_LIGHTS"", ""destination_id"": ""METRO_KILPAUK""}",ANSWERABLE_NOW,template_instantiation,TMPL_FARE_CALCULATION_HINGLISH_LATN_11
PILOT_T2_TR_002310,,SFAM_FARE_CALCULATION_008,FAM_FARE_CALCULATION_008,PARA_FARE_CALCULATION_7_1,T2_MEDIUM_V1,fare_query,CALCULATE_FARE,हाई कोर्ट से लिटिल माउंट तक का मेट्रो का टोकन किराया कितना रुपया है? (किराया F8),hi,Deva,CS0,N1,"{""origin"": ""हाई कोर्ट"", ""destination"": ""लिटिल माउंट"", ""fare_type"": ""टोकन"", ""transport_mode"": ""मेट्रो""}","{""origin_id"": ""METRO_HIGHCOURT"", ""destination_id"": ""METRO_LITTLE_MOUNT""}",ANSWERABLE_NOW,template_instantiation,TMPL_FARE_CALCULATION_HI_DEVA_7
PILOT_T2_TR_002311,,SFAM_INTERCHANGE_TRANSFER_009,FAM_INTERCHANGE_TRANSFER_009,PARA_INTERCHANGE_TRANSFER_8_2,T2_MEDIUM_V1,interchange_query,GET_INTERCHANGE_DETAILS,Quick check: thirumangalam hub par metro line change karke saidapet kaise jaye? [platform F9] #4,hi,Latn,CS0,N0,"{""station"": ""thirumangalam"", ""destination"": ""saidapet"", ""facility_type"": ""interchange""}","{""station_id"": ""METRO_THIRUMANGALAM"", ""destination_id"": ""METRO_SAIDAPET""}",ANSWERABLE_AFTER_MANUAL_VERIFICATION,template_instantiation,TMPL_INTERCHANGE_TRANSFER_HI_LATN_8
PILOT_T2_TR_002312,,SFAM_FARE_CALCULATION_005,FAM_FARE_CALCULATION_005,PARA_FARE_CALCULATION_4_0,T2_MEDIUM_V1,fare_query,CALCULATE_FARE,What is the single-journey ticket fare from CMBT to Thousand Lights on metro? [fare F5],en,Latn,CS0,N0,"{""origin"": ""CMBT"", ""destination"": ""Thousand Lights"", ""fare_type"": ""token"", ""transport_mode"": ""metro""}","{""origin_id"": ""METRO_PURATCHI_THALAIVI_DR_J_JAYALALITHAA_CMBT"", ""destination_id"": ""METRO_THOUSAND_LIGHTS""}",ANSWERABLE_NOW,template_instantiation,TMPL_FARE_CALCULATION_EN_4
PILOT_T2_TR_002313,,SFAM_FARE_CALCULATION_003,FAM_FARE_CALCULATION_003,PARA_FARE_CALCULATION_2_3,T2_MEDIUM_V1,fare_query,CALCULATE_FARE,Please tell: Calculate fare for travel between Guindy and Anna Nagar Tower stations (F3) #2,hi-en,Latn,CS3,N0,"{""origin"": ""Guindy"", ""destination"": ""Anna Nagar Tower"", ""transport_mode"": ""metro""}","{""origin_id"": ""METRO_GUINDY"", ""destination_id"": ""METRO_ANNA_NAGAR_TOWER""}",ANSWERABLE_NOW,template_instantiation,TMPL_FARE_CALCULATION_HINGLISH_LATN_2
PILOT_T2_TR_002314,,SFAM_ROUTE_STOP_MEMBERSHIP_012,FAM_ROUTE_STOP_MEMBERSHIP_012,PARA_ROUTE_STOP_MEMBERSHIP_11_1,T2_MEDIUM_V1,route_stops,CHECK_STOP_ON_ROUTE,क्या बस 22 CT वालाजाबाद स्टॉप पर रुकती है? (जांच F12),hi,Deva,CS0,N0,"{""route_number"": ""22 CT"", ""stop"": ""वालाजाबाद"", ""transport_mode"": ""बस""}","{""route_id"": ""GTFS_ROUTE_18753"", ""stop_id"": ""BUS_261716087""}",ANSWERABLE_WITH_PROVISIONAL_DATA,template_instantiation,TMPL_ROUTE_STOP_MEMBERSHIP_HI_DEVA_11
PILOT_T2_TR_002315,,SFAM_REALTIME_STATUS_QUERY_020,FAM_REALTIME_STATUS_QUERY_020,PARA_REALTIME_STATUS_QUERY_19_0,T2_MEDIUM_V1,realtime_status_query,REJECT_UNSUPPORTED_REALTIME,Please tell: Where is bus 23C right now and what is its live location? [live F20] #2,en,Latn,CS0,N0,"{""route_number"": ""23C"", ""transport_mode"": ""bus""}","{""route_id"": ""GTFS_ROUTE_10214""}",REQUIRES_REALTIME_DATA,template_instantiation,TMPL_REALTIME_STATUS_QUERY_EN_19
PILOT_T2_TR_002316,,SFAM_REALTIME_STATUS_QUERY_020,FAM_REALTIME_STATUS_QUERY_020,PARA_REALTIME_STATUS_QUERY_19_0,T2_MEDIUM_V1,realtime_status_query,REJECT_UNSUPPORTED_REALTIME,Quick check: Where is bus 23C right now and what is its live location? [live F20] #4,en,Latn,CS0,N0,"{""route_number"": ""23C"", ""transport_mode"": ""bus""}","{""route_id"": ""GTFS_ROUTE_10214""}",REQUIRES_REALTIME_DATA,template_instantiation,TMPL_REALTIME_STATUS_QUERY_EN_19
PILOT_T2_TR_002317,,SFAM_OUT_OF_SCOPE_017,FAM_OUT_OF_SCOPE_017,PARA_OUT_OF_SCOPE_16_0,T2_MEDIUM_V1,out_of_scope,REJECT_OUT_OF_SCOPE,Please tell: Book a private cab taxi ride from St. Thomas Mount to Alandur. [cab F17] #2,en,Latn,CS0,N0,"{""origin"": ""St. Thomas Mount"", ""destination"": ""Alandur""}","{""origin_id"": ""METRO_ST__THOMAS_MOUNT"", ""destination_id"": ""METRO_ARIGNAR_ANNA_ALANDUR""}",OUT_OF_SCOPE,template_instantiation,TMPL_OUT_OF_SCOPE_EN_16
PILOT_T2_TR_002318,,SFAM_INTERCHANGE_TRANSFER_014,FAM_INTERCHANGE_TRANSFER_014,PARA_INTERCHANGE_TRANSFER_13_2,T2_MEDIUM_V1,interchange_query,GET_INTERCHANGE_DETAILS,Quick check: washermenpet hub par metro line change karke airport kaise jaye? [platform F14] #4,hi,Latn,CS0,N0,"{""station"": ""washermenpet"", ""destination"": ""airport"", ""facility_type"": ""interchange""}","{""station_id"": ""METRO_WASHERMENPET"", ""destination_id"": ""METRO_CHENNAI_INTERNATIONAL_AIRPORT""}",ANSWERABLE_AFTER_MANUAL_VERIFICATION,template_instantiation,TMPL_INTERCHANGE_TRANSFER_HI_LATN_13
PILOT_T2_TR_002319,,SFAM_SCHEDULED_DEPARTURE_011,FAM_SCHEDULED_DEPARTURE_011,PARA_SCHEDULED_DEPARTURE_10_4,T2_MEDIUM_V1,service_timing,GET_SCHEDULED_DEPARTURES,Egmore से bare 8 baje departure timings schedule status F11,hi-en,Deva+Latn,CS4,N0,"{""origin"": ""Egmore"", ""time"": ""8 baje"", ""temporal_ambiguity"": true, ""dual_candidates"": [""08:00:00"", ""20:00:00""]}","{""origin_id"": ""METRO_EGMORE""}",ANSWERABLE_NOW,template_instantiation,TMPL_SCHEDULED_DEPARTURE_MIXED_SCRIPT_CS_10
PILOT_T2_TR_002320,,SFAM_POINT_TO_POINT_ROUTE_018,FAM_POINT_TO_POINT_ROUTE_018,PARA_POINT_TO_POINT_ROUTE_17_1,T2_MEDIUM_V1,route_query,PLAN_ROUTE,Please tell: नेहरू पार्क से सीएमबीटी मेट्रो से जाने का रास्ता क्या है? (प्रारूप F18) #2,hi,Deva,CS0,N0,"{""origin"": ""नेहरू पार्क"", ""destination"": ""सीएमबीटी"", ""transport_mode"": ""मेट्रो""}","{""origin_id"": ""METRO_NEHRU_PARK"", ""destination_id"": ""METRO_PURATCHI_THALAIVI_DR_J_JAYALALITHAA_CMBT""}",ANSWERABLE_WITH_PROVISIONAL_DATA,template_instantiation,TMPL_POINT_TO_POINT_ROUTE_HI_DEVA_17
PILOT_T2_TR_002321,,SFAM_FIRST_AND_LAST_SERVICE_001,FAM_FIRST_AND_LAST_SERVICE_001,PARA_FIRST_AND_LAST_SERVICE_0_0,T2_MEDIUM_V1,service_timing,GET_FIRST_LAST_SERVICE,What time does the earliest and latest train depart Airport for High Court? [hrs F1],en,Latn,CS0,N0,"{""origin"": ""Airport"", ""destination"": ""High Court"", ""timing_type"": ""first_last"", ""transport_mode"": ""metro""}","{""origin_id"": ""METRO_CHENNAI_INTERNATIONAL_AIRPORT"", ""destination_id"": ""METRO_HIGHCOURT""}",ANSWERABLE_NOW,template_instantiation,TMPL_FIRST_AND_LAST_SERVICE_EN_0
PILOT_T2_TR_002322,,SFAM_TICKETING_AND_PASSES_018,FAM_TICKETING_AND_PASSES_018,PARA_TICKETING_AND_PASSES_17_3,T2_MEDIUM_V1,ticketing_rules,GET_TICKETING_POLICY,Please tell: How can regular passengers apply for and renew National Common Mobility Card (F18)? #2,hi-en,Latn,CS3,N0,"{""ticket_type"": ""ncmc_card"", ""transport_mode"": ""transit""}",{},ANSWERABLE_NOW,template_instantiation,TMPL_TICKETING_AND_PASSES_HINGLISH_LATN_17
PILOT_T2_TR_002323,,SFAM_MULTIMODAL_ROUTE_020,FAM_MULTIMODAL_ROUTE_020,PARA_MULTIMODAL_ROUTE_19_2,T2_MEDIUM_V1,route_query,PLAN_MULTIMODAL_ROUTE,velachery se vadapalani bus aur metro switch karke shortest transit kya hai? [opt F20],hi,Latn,CS0,N1,"{""origin"": ""velachery"", ""destination"": ""vadapalani"", ""transport_mode"": ""bus aur metro""}","{""origin_id"": ""BUS_1764308008"", ""destination_id"": ""METRO_VADAPALANI""}",ANSWERABLE_WITH_PROVISIONAL_DATA,template_instantiation,TMPL_MULTIMODAL_ROUTE_HI_LATN_19
PILOT_T2_TR_002324,,SFAM_MODE_AVAILABILITY_019,FAM_MODE_AVAILABILITY_019,PARA_MODE_AVAILABILITY_18_2,T2_MEDIUM_V1,service_availability,CHECK_SERVICE_AVAILABILITY,Could you specify kilpauk se adyar tak direct transit options available hain kya? [suvidha F19]? #3,hi,Latn,CS0,N0,"{""origin"": ""kilpauk"", ""destination"": ""adyar"", ""transport_mode"": ""any""}","{""origin_id"": ""METRO_KILPAUK"", ""destination_id"": ""BUS_2587520213""}",ANSWERABLE_WITH_PROVISIONAL_DATA,template_instantiation,TMPL_MODE_AVAILABILITY_HI_LATN_18
PILOT_T2_TR_002325,,SFAM_ROUTE_STOP_SEQUENCE_009,FAM_ROUTE_STOP_SEQUENCE_009,PARA_ROUTE_STOP_SEQUENCE_8_0,T2_MEDIUM_V1,route_stops,LIST_ROUTE_STOPS,Could you specify List every intermediate stop along route 29A in order. [seq F9]? #3,en,Latn,CS0,N0,"{""route_number"": ""29A"", ""transport_mode"": ""bus""}","{""route_id"": ""GTFS_ROUTE_18751""}",ANSWERABLE_WITH_PROVISIONAL_DATA,template_instantiation,TMPL_ROUTE_STOP_SEQUENCE_EN_8
PILOT_T2_TR_002326,,SFAM_NEAREST_TRANSPORT_017,FAM_NEAREST_TRANSPORT_017,PARA_NEAREST_TRANSPORT_16_3,T2_MEDIUM_V1,nearest_transport,FIND_NEAREST_STATION,"Excuse me, Find closest public transport access point near Mother Child Hospital (F17) #6",hi-en,Latn,CS3,N1,"{""landmark"": ""Mother Child Hospital"", ""transport_mode"": ""public transport""}","{""place_id"": ""OSM_POI_7257518731""}",ANSWERABLE_NOW,template_instantiation,TMPL_NEAREST_TRANSPORT_HINGLISH_LATN_16
PILOT_T2_TR_002327,,SFAM_MULTIMODAL_ROUTE_010,FAM_MULTIMODAL_ROUTE_010,PARA_MULTIMODAL_ROUTE_9_3,T2_MEDIUM_V1,route_query,PLAN_MULTIMODAL_ROUTE,Please tell: Can you give combined bus and train route from Karunguzhi to St. Thomas Mount (F10)? #2,hi-en,Latn,CS3,N0,"{""origin"": ""Karunguzhi"", ""destination"": ""St. Thomas Mount"", ""transport_mode"": ""bus and train""}","{""origin_id"": ""BUS_5274698920"", ""destination_id"": ""METRO_ST__THOMAS_MOUNT""}",ANSWERABLE_WITH_PROVISIONAL_DATA,template_instantiation,TMPL_MULTIMODAL_ROUTE_HINGLISH_LATN_9
PILOT_T2_TR_002328,,SFAM_NEAREST_TRANSPORT_014,FAM_NEAREST_TRANSPORT_014,PARA_NEAREST_TRANSPORT_13_3,T2_MEDIUM_V1,nearest_transport,FIND_NEAREST_STATION,"Excuse me, Find closest public transport access point near Maritime Institute (F14) #6",hi-en,Latn,CS3,N2,"{""landmark"": ""Maritime Institute"", ""transport_mode"": ""public transport""}","{""place_id"": ""OSM_POI_314081186""}",ANSWERABLE_NOW,template_instantiation,TMPL_NEAREST_TRANSPORT_HINGLISH_LATN_13
PILOT_T2_TR_002329,,SFAM_TICKETING_AND_PASSES_018,FAM_TICKETING_AND_PASSES_018,PARA_TICKETING_AND_PASSES_17_0,T2_MEDIUM_V1,ticketing_rules,GET_TICKETING_POLICY,Quick check: What are the rules and procedure to purchase a National Common Mobility Card for commuters? [pass F18] #4,en,Latn,CS0,N0,"{""ticket_type"": ""ncmc_card"", ""transport_mode"": ""transit""}",{},ANSWERABLE_NOW,template_instantiation,TMPL_TICKETING_AND_PASSES_EN_17
PILOT_T2_TR_002330,,SFAM_TICKETING_AND_PASSES_011,FAM_TICKETING_AND_PASSES_011,PARA_TICKETING_AND_PASSES_10_3,T2_MEDIUM_V1,ticketing_rules,GET_TICKETING_POLICY,How can regular passengers apply for and renew Student Concession Card (F11)?,hi-en,Latn,CS3,N0,"{""ticket_type"": ""student_pass"", ""transport_mode"": ""transit""}",{},ANSWERABLE_NOW,template_instantiation,TMPL_TICKETING_AND_PASSES_HINGLISH_LATN_10
PILOT_T2_TR_002331,,SFAM_MODE_AVAILABILITY_012,FAM_MODE_AVAILABILITY_012,PARA_MODE_AVAILABILITY_11_3,T2_MEDIUM_V1,service_availability,CHECK_SERVICE_AVAILABILITY,Could you specify Is public transit operational connecting Thousand Lights and Walajabad (F12)?? #3,hi-en,Latn,CS3,N0,"{""origin"": ""Thousand Lights"", ""destination"": ""Walajabad"", ""transport_mode"": ""public transit""}","{""origin_id"": ""METRO_THOUSAND_LIGHTS"", ""destination_id"": ""BUS_261716087""}",ANSWERABLE_WITH_PROVISIONAL_DATA,template_instantiation,TMPL_MODE_AVAILABILITY_HINGLISH_LATN_11
PILOT_T2_TR_002332,,SFAM_FIRST_AND_LAST_SERVICE_010,FAM_FIRST_AND_LAST_SERVICE_010,PARA_FIRST_AND_LAST_SERVICE_9_4,T2_MEDIUM_V1,service_timing,GET_FIRST_LAST_SERVICE,Anna Nagar Tower से St. Thomas Mount ki last service aur first train timing information F10,hi-en,Deva+Latn,CS4,N0,"{""origin"": ""Anna Nagar Tower"", ""destination"": ""St. Thomas Mount"", ""timing_type"": ""first_last"", ""transport_mode"": ""train""}","{""origin_id"": ""METRO_ANNA_NAGAR_TOWER"", ""destination_id"": ""METRO_ST__THOMAS_MOUNT""}",ANSWERABLE_NOW,template_instantiation,TMPL_FIRST_AND_LAST_SERVICE_MIXED_SCRIPT_CS_9
PILOT_T2_TR_002333,,SFAM_TICKETING_AND_PASSES_005,FAM_TICKETING_AND_PASSES_005,PARA_TICKETING_AND_PASSES_4_1,T2_MEDIUM_V1,ticketing_rules,GET_TICKETING_POLICY,"Hello assistant, यात्रियों के लिए छात्र रियायती पास प्राप्त करने के नियम और प्रक्रिया क्या हैं? (पास F5) #7",hi,Deva,CS0,N1,"{""ticket_type"": ""student_pass"", ""transport_mode"": ""पारगमन""}",{},ANSWERABLE_NOW,template_instantiation,TMPL_TICKETING_AND_PASSES_HI_DEVA_4
PILOT_T2_TR_002334,,SFAM_NEAREST_TRANSPORT_007,FAM_NEAREST_TRANSPORT_007,PARA_NEAREST_TRANSPORT_6_3,T2_MEDIUM_V1,nearest_transport,FIND_NEAREST_STATION,Could you specify Find closest public transport access point near Mother Child Hospital (F7)? #3,hi-en,Latn,CS3,N0,"{""landmark"": ""Mother Child Hospital"", ""transport_mode"": ""public transport""}","{""place_id"": ""OSM_POI_7257518731""}",ANSWERABLE_NOW,template_instantiation,TMPL_NEAREST_TRANSPORT_HINGLISH_LATN_6
PILOT_T2_TR_002335,,SFAM_STATION_ACCESSIBILITY_009,FAM_STATION_ACCESSIBILITY_009,PARA_STATION_ACCESSIBILITY_8_0,T2_MEDIUM_V1,accessibility,GET_ACCESSIBILITY_INFO,Quick check: Are wheelchair ramp provisions available for differently abled passengers at Thirumangalam? [a11y F9] #4,en,Latn,CS0,N0,"{""station"": ""Thirumangalam"", ""accessibility_feature"": ""wheelchair"", ""transport_mode"": ""metro""}","{""station_id"": ""METRO_THIRUMANGALAM""}",ANSWERABLE_NOW,template_instantiation,TMPL_STATION_ACCESSIBILITY_EN_8
PILOT_T2_TR_002336,,SFAM_TICKETING_AND_PASSES_008,FAM_TICKETING_AND_PASSES_008,PARA_TICKETING_AND_PASSES_7_2,T2_MEDIUM_V1,ticketing_rules,GET_TICKETING_POLICY,Please tell: smart card recharge karne ka guidelines aur validity rule bataye. [card F8] #2,hi,Latn,CS0,N1,"{""ticket_type"": ""smart_card"", ""transport_mode"": ""transit""}",{},ANSWERABLE_NOW,template_instantiation,TMPL_TICKETING_AND_PASSES_HI_LATN_7
PILOT_T2_TR_002337,,SFAM_FARE_CALCULATION_007,FAM_FARE_CALCULATION_007,PARA_FARE_CALCULATION_6_3,T2_MEDIUM_V1,fare_query,CALCULATE_FARE,Quick check: Calculate fare for travel between Vadapalani and Washermenpet stations (F7) #4,hi-en,Latn,CS3,N0,"{""origin"": ""Vadapalani"", ""destination"": ""Washermenpet"", ""transport_mode"": ""metro""}","{""origin_id"": ""METRO_VADAPALANI"", ""destination_id"": ""METRO_WASHERMENPET""}",ANSWERABLE_NOW,template_instantiation,TMPL_FARE_CALCULATION_HINGLISH_LATN_6
PILOT_T2_TR_002338,,SFAM_TICKETING_AND_PASSES_019,FAM_TICKETING_AND_PASSES_019,PARA_TICKETING_AND_PASSES_18_0,T2_MEDIUM_V1,ticketing_rules,GET_TICKETING_POLICY,Quick check: What are the rules and procedure to purchase a Monthly Season Pass for commuters? [pass F19] #4,en,Latn,CS0,N0,"{""ticket_type"": ""monthly_pass"", ""transport_mode"": ""transit""}",{},ANSWERABLE_NOW,template_instantiation,TMPL_TICKETING_AND_PASSES_EN_18
PILOT_T2_TR_002339,,SFAM_STATION_ACCESSIBILITY_013,FAM_STATION_ACCESSIBILITY_013,PARA_STATION_ACCESSIBILITY_12_2,T2_MEDIUM_V1,accessibility,GET_ACCESSIBILITY_INFO,Please tell: kya wimco nagar depot metro station me wheelchair disabled ke liye wheelchair accessibility hai? [barrier-free F13] #2,hi,Latn,CS0,N1,"{""station"": ""wimco nagar depot"", ""accessibility_feature"": ""wheelchair"", ""transport_mode"": ""metro""}","{""station_id"": ""METRO_WIMCO_NAGAR""}",ANSWERABLE_NOW,template_instantiation,TMPL_STATION_ACCESSIBILITY_HI_LATN_12
PILOT_T2_TR_002340,,SFAM_MULTIMODAL_ROUTE_016,FAM_MULTIMODAL_ROUTE_016,PARA_MULTIMODAL_ROUTE_15_3,T2_MEDIUM_V1,route_query,PLAN_MULTIMODAL_ROUTE,Could you specify Can you give combined bus and train route from Pudupattinam to Guindy (F16)?? #3,hi-en,Latn,CS3,N2,"{""origin"": ""Pudupattinam"", ""destination"": ""Guindy"", ""transport_mode"": ""bus and train""}","{""origin_id"": ""BUS_3616510666"", ""destination_id"": ""METRO_GUINDY""}",ANSWERABLE_WITH_PROVISIONAL_DATA,template_instantiation,TMPL_MULTIMODAL_ROUTE_HINGLISH_LATN_15
PILOT_T2_TR_002341,,SFAM_REALTIME_STATUS_QUERY_002,FAM_REALTIME_STATUS_QUERY_002,PARA_REALTIME_STATUS_QUERY_1_3,T2_MEDIUM_V1,realtime_status_query,REJECT_UNSUPPORTED_REALTIME,"Excuse me, Live crowd density and train arrival countdown at Chennai Central right now (F2) #6",hi-en,Latn,CS3,N0,"{""station"": ""Chennai Central"", ""transport_mode"": ""metro""}","{""station_id"": ""METRO_PURATCHI_THALAIVAR_DR__M_G_RAMACHANDRAN_CENTRAL""}",REQUIRES_REALTIME_DATA,template_instantiation,TMPL_REALTIME_STATUS_QUERY_HINGLISH_LATN_1
PILOT_T2_TR_002342,,SFAM_NEAREST_TRANSPORT_010,FAM_NEAREST_TRANSPORT_010,PARA_NEAREST_TRANSPORT_9_0,T2_MEDIUM_V1,nearest_transport,FIND_NEAREST_STATION,Quick check: Which is the nearest metro station or transit stop to Padalam Hospital? [loc F10] #4,en,Latn,CS0,N0,"{""landmark"": ""Padalam Hospital"", ""transport_mode"": ""metro""}","{""place_id"": ""OSM_POI_7257518724""}",ANSWERABLE_NOW,template_instantiation,TMPL_NEAREST_TRANSPORT_EN_9
PILOT_T2_TR_002343,,SFAM_MULTIMODAL_ROUTE_009,FAM_MULTIMODAL_ROUTE_009,PARA_MULTIMODAL_ROUTE_8_0,T2_MEDIUM_V1,route_query,PLAN_MULTIMODAL_ROUTE,Please tell: What is the combined bus and metro route from Madurantakam to Saidapet? [plan F9] #2,en,Latn,CS0,N0,"{""origin"": ""Madurantakam"", ""destination"": ""Saidapet"", ""transport_mode"": ""multimodal""}","{""origin_id"": ""BUS_5306412986"", ""destination_id"": ""METRO_SAIDAPET""}",ANSWERABLE_WITH_PROVISIONAL_DATA,template_instantiation,TMPL_MULTIMODAL_ROUTE_EN_8
PILOT_T2_TR_002344,,SFAM_POINT_TO_POINT_ROUTE_017,FAM_POINT_TO_POINT_ROUTE_017,PARA_POINT_TO_POINT_ROUTE_16_3,T2_MEDIUM_V1,route_query,PLAN_ROUTE,Could you specify St. Thomas Mount to Alandur metro ride ka best direct route bataiye (F17)? #3,hi-en,Latn,CS3,N2,"{""origin"": ""St. Thomas Mount"", ""destination"": ""Alandur"", ""transport_mode"": ""metro""}","{""origin_id"": ""METRO_ST__THOMAS_MOUNT"", ""destination_id"": ""METRO_ARIGNAR_ANNA_ALANDUR""}",ANSWERABLE_WITH_PROVISIONAL_DATA,template_instantiation,TMPL_POINT_TO_POINT_ROUTE_HINGLISH_LATN_16
PILOT_T2_TR_002345,,SFAM_REALTIME_STATUS_QUERY_001,FAM_REALTIME_STATUS_QUERY_001,PARA_REALTIME_STATUS_QUERY_0_4,T2_MEDIUM_V1,realtime_status_query,REJECT_UNSUPPORTED_REALTIME,Could you specify Airport se metro live delay status aur real time position tracking F1? #3,hi-en,Deva+Latn,CS4,N1,"{""origin"": ""Airport"", ""transport_mode"": ""metro""}","{""origin_id"": ""METRO_CHENNAI_INTERNATIONAL_AIRPORT""}",REQUIRES_REALTIME_DATA,template_instantiation,TMPL_REALTIME_STATUS_QUERY_MIXED_SCRIPT_CS_0
PILOT_T2_TR_002346,,SFAM_NEAREST_TRANSPORT_012,FAM_NEAREST_TRANSPORT_012,PARA_NEAREST_TRANSPORT_11_0,T2_MEDIUM_V1,nearest_transport,FIND_NEAREST_STATION,Please tell: Which is the nearest metro station or transit stop to IIT Madras? [loc F12] #2,en,Latn,CS0,N0,"{""landmark"": ""IIT Madras"", ""transport_mode"": ""metro""}","{""place_id"": ""OSM_POI_11013406019""}",ANSWERABLE_NOW,template_instantiation,TMPL_NEAREST_TRANSPORT_EN_11
PILOT_T2_TR_002347,,SFAM_OUT_OF_SCOPE_005,FAM_OUT_OF_SCOPE_005,PARA_OUT_OF_SCOPE_4_4,T2_MEDIUM_V1,out_of_scope,REJECT_OUT_OF_SCOPE,Please tell: CMBT ke pass hotel reservation aur movie ticket booking service F5 #2,hi-en,Deva+Latn,CS4,N0,"{""station"": ""CMBT""}","{""station_id"": ""METRO_PURATCHI_THALAIVI_DR_J_JAYALALITHAA_CMBT""}",OUT_OF_SCOPE,template_instantiation,TMPL_OUT_OF_SCOPE_MIXED_SCRIPT_CS_4
PILOT_T2_TR_002348,,SFAM_INTERCHANGE_TRANSFER_019,FAM_INTERCHANGE_TRANSFER_019,PARA_INTERCHANGE_TRANSFER_18_2,T2_MEDIUM_V1,interchange_query,GET_INTERCHANGE_DETAILS,Please tell: kilpauk hub par metro line change karke koyambedu kaise jaye? [platform F19] #2,hi,Latn,CS0,N1,"{""station"": ""kilpauk"", ""destination"": ""koyambedu"", ""facility_type"": ""interchange""}","{""station_id"": ""METRO_KILPAUK"", ""destination_id"": ""METRO_KOYAMBEDU""}",ANSWERABLE_AFTER_MANUAL_VERIFICATION,template_instantiation,TMPL_INTERCHANGE_TRANSFER_HI_LATN_18
PILOT_T2_TR_002349,,SFAM_STATION_ACCESSIBILITY_003,FAM_STATION_ACCESSIBILITY_003,PARA_STATION_ACCESSIBILITY_2_3,T2_MEDIUM_V1,accessibility,GET_ACCESSIBILITY_INFO,Verification of accessible tactile floor paths support at Guindy metro (F3),hi-en,Latn,CS3,N0,"{""station"": ""Guindy"", ""accessibility_feature"": ""tactile_path"", ""transport_mode"": ""metro""}","{""station_id"": ""METRO_GUINDY""}",ANSWERABLE_NOW,template_instantiation,TMPL_STATION_ACCESSIBILITY_HINGLISH_LATN_2
PILOT_T2_TR_002350,,SFAM_NEAREST_TRANSPORT_003,FAM_NEAREST_TRANSPORT_003,PARA_NEAREST_TRANSPORT_2_0,T2_MEDIUM_V1,nearest_transport,FIND_NEAREST_STATION,Transit query: Which is the nearest metro station or transit stop to Great Lakes Institute? [loc F3] #5,en,Latn,CS0,N0,"{""landmark"": ""Great Lakes Institute"", ""transport_mode"": ""metro""}","{""place_id"": ""OSM_POI_577328882""}",ANSWERABLE_NOW,template_instantiation,TMPL_NEAREST_TRANSPORT_EN_2
PILOT_T2_TR_002351,,SFAM_MULTIMODAL_ROUTE_008,FAM_MULTIMODAL_ROUTE_008,PARA_MULTIMODAL_ROUTE_7_3,T2_MEDIUM_V1,route_query,PLAN_MULTIMODAL_ROUTE,Could you specify Can you give combined bus and train route from Mylapore to Little Mount (F8)?? #3,hi-en,Latn,CS3,N2,"{""origin"": ""Mylapore"", ""destination"": ""Little Mount"", ""transport_mode"": ""bus and train""}","{""origin_id"": ""BUS_410614381"", ""destination_id"": ""METRO_LITTLE_MOUNT""}",ANSWERABLE_WITH_PROVISIONAL_DATA,template_instantiation,TMPL_MULTIMODAL_ROUTE_HINGLISH_LATN_7
PILOT_T2_TR_002352,,SFAM_MODE_AVAILABILITY_003,FAM_MODE_AVAILABILITY_003,PARA_MODE_AVAILABILITY_2_1,T2_MEDIUM_V1,service_availability,CHECK_SERVICE_AVAILABILITY,Quick check: क्या गिंडी से अडयार के लिए कोई सार्वजनिक बस या ट्रेन उपलब्ध है? (उपलब्धता F3) #4,hi,Deva,CS0,N2,"{""origin"": ""गिंडी"", ""destination"": ""अडयार"", ""transport_mode"": ""सार्वजनिक बस या ट्रेन""}","{""origin_id"": ""METRO_GUINDY"", ""destination_id"": ""BUS_2587520213""}",ANSWERABLE_WITH_PROVISIONAL_DATA,template_instantiation,TMPL_MODE_AVAILABILITY_HI_DEVA_2
PILOT_T2_TR_002353,,SFAM_MODE_AVAILABILITY_008,FAM_MODE_AVAILABILITY_008,PARA_MODE_AVAILABILITY_7_3,T2_MEDIUM_V1,service_availability,CHECK_SERVICE_AVAILABILITY,Is public transit operational connecting High Court and Mylapore (F8)?,hi-en,Latn,CS3,N0,"{""origin"": ""High Court"", ""destination"": ""Mylapore"", ""transport_mode"": ""public transit""}","{""origin_id"": ""METRO_HIGHCOURT"", ""destination_id"": ""BUS_410614381""}",ANSWERABLE_WITH_PROVISIONAL_DATA,template_instantiation,TMPL_MODE_AVAILABILITY_HINGLISH_LATN_7
PILOT_T2_TR_002354,,SFAM_NEAREST_TRANSPORT_013,FAM_NEAREST_TRANSPORT_013,PARA_NEAREST_TRANSPORT_12_1,T2_MEDIUM_V1,nearest_transport,FIND_NEAREST_STATION,Transit query: ग्रेट लेक्स संस्थान के सबसे निकटतम मेट्रो स्टेशन या बस स्टॉप कौन सा है? (निकट F13) #5,hi,Deva,CS0,N2,"{""landmark"": ""ग्रेट लेक्स संस्थान"", ""transport_mode"": ""मेट्रो या बस""}","{""place_id"": ""OSM_POI_577328882""}",ANSWERABLE_NOW,template_instantiation,TMPL_NEAREST_TRANSPORT_HI_DEVA_12
PILOT_T2_TR_002355,,SFAM_TICKETING_AND_PASSES_009,FAM_TICKETING_AND_PASSES_009,PARA_TICKETING_AND_PASSES_8_2,T2_MEDIUM_V1,ticketing_rules,GET_TICKETING_POLICY,Please tell: qr ticket recharge karne ka guidelines aur validity rule bataye. [card F9] #2,hi,Latn,CS0,N1,"{""ticket_type"": ""qr_ticket"", ""transport_mode"": ""transit""}",{},ANSWERABLE_NOW,template_instantiation,TMPL_TICKETING_AND_PASSES_HI_LATN_8
PILOT_T2_TR_002356,,SFAM_MULTIMODAL_ROUTE_013,FAM_MULTIMODAL_ROUTE_013,PARA_MULTIMODAL_ROUTE_12_4,T2_MEDIUM_V1,route_query,PLAN_MULTIMODAL_ROUTE,Nelvoy से Pachaiyappa College multimodal transit connection kaise le plan F13,hi-en,Deva+Latn,CS4,N0,"{""origin"": ""Nelvoy"", ""destination"": ""Pachaiyappa College"", ""transport_mode"": ""multimodal""}","{""origin_id"": ""BUS_469106564"", ""destination_id"": ""METRO_PACHAIYAPPA_S_COLLEGE""}",ANSWERABLE_WITH_PROVISIONAL_DATA,template_instantiation,TMPL_MULTIMODAL_ROUTE_MIXED_SCRIPT_CS_12
PILOT_T2_TR_002357,,SFAM_NEAREST_TRANSPORT_017,FAM_NEAREST_TRANSPORT_017,PARA_NEAREST_TRANSPORT_16_1,T2_MEDIUM_V1,nearest_transport,FIND_NEAREST_STATION,Could you specify मातृ शिशु अस्पताल के सबसे निकटतम मेट्रो स्टेशन या बस स्टॉप कौन सा है? (निकट F17)? #3,hi,Deva,CS0,N0,"{""landmark"": ""मातृ शिशु अस्पताल"", ""transport_mode"": ""मेट्रो या बस""}","{""place_id"": ""OSM_POI_7257518731""}",ANSWERABLE_NOW,template_instantiation,TMPL_NEAREST_TRANSPORT_HI_DEVA_16
PILOT_T2_TR_002358,,SFAM_ROUTE_STOP_MEMBERSHIP_009,FAM_ROUTE_STOP_MEMBERSHIP_009,PARA_ROUTE_STOP_MEMBERSHIP_8_2,T2_MEDIUM_V1,route_stops,CHECK_STOP_ON_ROUTE,Please tell: kya bus 29A ka madurantakam par stoppage hai confirm kare? [check F9] #2,hi,Latn,CS0,N0,"{""route_number"": ""29A"", ""stop"": ""madurantakam"", ""transport_mode"": ""bus""}","{""route_id"": ""GTFS_ROUTE_18751"", ""stop_id"": ""BUS_5306412986""}",ANSWERABLE_WITH_PROVISIONAL_DATA,template_instantiation,TMPL_ROUTE_STOP_MEMBERSHIP_HI_LATN_8
PILOT_T2_TR_002359,,SFAM_MODE_AVAILABILITY_011,FAM_MODE_AVAILABILITY_011,PARA_MODE_AVAILABILITY_10_3,T2_MEDIUM_V1,service_availability,CHECK_SERVICE_AVAILABILITY,Transit query: Is public transit operational connecting Egmore and Kalpakkam (F11)? #5,hi-en,Latn,CS3,N1,"{""origin"": ""Egmore"", ""destination"": ""Kalpakkam"", ""transport_mode"": ""public transit""}","{""origin_id"": ""METRO_EGMORE"", ""destination_id"": ""BUS_30143150""}",ANSWERABLE_WITH_PROVISIONAL_DATA,template_instantiation,TMPL_MODE_AVAILABILITY_HINGLISH_LATN_10
PILOT_T2_TR_002360,,SFAM_MODE_AVAILABILITY_013,FAM_MODE_AVAILABILITY_013,PARA_MODE_AVAILABILITY_12_0,T2_MEDIUM_V1,service_availability,CHECK_SERVICE_AVAILABILITY,Please tell: Are there direct public transport options from Wimco Nagar Depot to Nelvoy? [avail F13] #2,en,Latn,CS0,N0,"{""origin"": ""Wimco Nagar Depot"", ""destination"": ""Nelvoy"", ""transport_mode"": ""any""}","{""origin_id"": ""METRO_WIMCO_NAGAR"", ""destination_id"": ""BUS_469106564""}",ANSWERABLE_WITH_PROVISIONAL_DATA,template_instantiation,TMPL_MODE_AVAILABILITY_EN_12
PILOT_T2_TR_002361,,SFAM_STATION_ACCESSIBILITY_009,FAM_STATION_ACCESSIBILITY_009,PARA_STATION_ACCESSIBILITY_8_1,T2_MEDIUM_V1,accessibility,GET_ACCESSIBILITY_INFO,क्या तिरुमंगलम स्टेशन पर दिव्यांग यात्रियों के लिए व्हीलचेयर रैंप उपलब्ध है? (सुलभता F9),hi,Deva,CS0,N1,"{""station"": ""तिरुमंगलम"", ""accessibility_feature"": ""wheelchair"", ""transport_mode"": ""मेट्रो""}","{""station_id"": ""METRO_THIRUMANGALAM""}",ANSWERABLE_NOW,template_instantiation,TMPL_STATION_ACCESSIBILITY_HI_DEVA_8
PILOT_T2_TR_002362,,SFAM_TICKETING_AND_PASSES_005,FAM_TICKETING_AND_PASSES_005,PARA_TICKETING_AND_PASSES_4_1,T2_MEDIUM_V1,ticketing_rules,GET_TICKETING_POLICY,Could you specify यात्रियों के लिए छात्र रियायती पास प्राप्त करने के नियम और प्रक्रिया क्या हैं? (पास F5)? #3,hi,Deva,CS0,N0,"{""ticket_type"": ""student_pass"", ""transport_mode"": ""पारगमन""}",{},ANSWERABLE_NOW,template_instantiation,TMPL_TICKETING_AND_PASSES_HI_DEVA_4
PILOT_T2_TR_002363,,SFAM_STATION_FACILITIES_014,FAM_STATION_FACILITIES_014,PARA_STATION_FACILITIES_13_1,T2_MEDIUM_V1,station_facilities,GET_STATION_FACILITY,Please tell: क्या वॉशरमैनपेट मेट्रो स्टेशन पर बाइक पार्किंग की व्यवस्था उपलब्ध है? (सुविधा F14) #2,hi,Deva,CS0,N0,"{""station"": ""वॉशरमैनपेट"", ""facility_type"": ""two_wheeler_parking"", ""transport_mode"": ""मेट्रो""}","{""station_id"": ""METRO_WASHERMENPET""}",ANSWERABLE_NOW,template_instantiation,TMPL_STATION_FACILITIES_HI_DEVA_13
PILOT_T2_TR_002364,,SFAM_TICKETING_AND_PASSES_008,FAM_TICKETING_AND_PASSES_008,PARA_TICKETING_AND_PASSES_7_3,T2_MEDIUM_V1,ticketing_rules,GET_TICKETING_POLICY,Could you specify How can regular passengers apply for and renew Smart Card (F8)?? #3,hi-en,Latn,CS3,N0,"{""ticket_type"": ""smart_card"", ""transport_mode"": ""transit""}",{},ANSWERABLE_NOW,template_instantiation,TMPL_TICKETING_AND_PASSES_HINGLISH_LATN_7
PILOT_T2_TR_002365,,SFAM_TICKETING_AND_PASSES_016,FAM_TICKETING_AND_PASSES_016,PARA_TICKETING_AND_PASSES_15_3,T2_MEDIUM_V1,ticketing_rules,GET_TICKETING_POLICY,Transit query: How can regular passengers apply for and renew Tourist One-Day Pass (F16)? #5,hi-en,Latn,CS3,N0,"{""ticket_type"": ""tourist_card"", ""transport_mode"": ""transit""}",{},ANSWERABLE_NOW,template_instantiation,TMPL_TICKETING_AND_PASSES_HINGLISH_LATN_15
PILOT_T2_TR_002366,,SFAM_REALTIME_STATUS_QUERY_012,FAM_REALTIME_STATUS_QUERY_012,PARA_REALTIME_STATUS_QUERY_11_3,T2_MEDIUM_V1,realtime_status_query,REJECT_UNSUPPORTED_REALTIME,Transit query: Live crowd density and train arrival countdown at Thousand Lights right now (F12) #5,hi-en,Latn,CS3,N1,"{""station"": ""Thousand Lights"", ""transport_mode"": ""metro""}","{""station_id"": ""METRO_THOUSAND_LIGHTS""}",REQUIRES_REALTIME_DATA,template_instantiation,TMPL_REALTIME_STATUS_QUERY_HINGLISH_LATN_11
PILOT_T2_TR_002367,,SFAM_REALTIME_STATUS_QUERY_008,FAM_REALTIME_STATUS_QUERY_008,PARA_REALTIME_STATUS_QUERY_7_0,T2_MEDIUM_V1,realtime_status_query,REJECT_UNSUPPORTED_REALTIME,Please tell: Where is bus 47A right now and what is its live location? [live F8] #2,en,Latn,CS0,N0,"{""route_number"": ""47A"", ""transport_mode"": ""bus""}","{""route_id"": ""GTFS_ROUTE_19412""}",REQUIRES_REALTIME_DATA,template_instantiation,TMPL_REALTIME_STATUS_QUERY_EN_7
PILOT_T2_TR_002368,,SFAM_NEAREST_TRANSPORT_012,FAM_NEAREST_TRANSPORT_012,PARA_NEAREST_TRANSPORT_11_3,T2_MEDIUM_V1,nearest_transport,FIND_NEAREST_STATION,Quick check: Find closest public transport access point near IIT Madras (F12) #4,hi-en,Latn,CS3,N0,"{""landmark"": ""IIT Madras"", ""transport_mode"": ""public transport""}","{""place_id"": ""OSM_POI_11013406019""}",ANSWERABLE_NOW,template_instantiation,TMPL_NEAREST_TRANSPORT_HINGLISH_LATN_11
PILOT_T2_TR_002369,,SFAM_FIRST_AND_LAST_SERVICE_001,FAM_FIRST_AND_LAST_SERVICE_001,PARA_FIRST_AND_LAST_SERVICE_0_1,T2_MEDIUM_V1,service_timing,GET_FIRST_LAST_SERVICE,Please tell: एयरपोर्ट से हाई कोर्ट के लिए पहली और आखिरी ट्रेन का समय क्या है? (समय F1) #2,hi,Deva,CS0,N0,"{""origin"": ""एयरपोर्ट"", ""destination"": ""हाई कोर्ट"", ""timing_type"": ""first_last"", ""transport_mode"": ""ट्रेन""}","{""origin_id"": ""METRO_CHENNAI_INTERNATIONAL_AIRPORT"", ""destination_id"": ""METRO_HIGHCOURT""}",ANSWERABLE_NOW,template_instantiation,TMPL_FIRST_AND_LAST_SERVICE_HI_DEVA_0
PILOT_T2_TR_002370,,SFAM_FIRST_AND_LAST_SERVICE_017,FAM_FIRST_AND_LAST_SERVICE_017,PARA_FIRST_AND_LAST_SERVICE_16_2,T2_MEDIUM_V1,service_timing,GET_FIRST_LAST_SERVICE,st thomas mount se alandur first morning aur last night metro departure timing batao [samay F17],hi,Latn,CS0,N0,"{""origin"": ""st thomas mount"", ""destination"": ""alandur"", ""timing_type"": ""first_last"", ""transport_mode"": ""metro""}","{""origin_id"": ""METRO_ST__THOMAS_MOUNT"", ""destination_id"": ""METRO_ARIGNAR_ANNA_ALANDUR""}",ANSWERABLE_NOW,template_instantiation,TMPL_FIRST_AND_LAST_SERVICE_HI_LATN_16
PILOT_T2_TR_002371,,SFAM_SCHEDULED_DEPARTURE_018,FAM_SCHEDULED_DEPARTURE_018,PARA_SCHEDULED_DEPARTURE_17_1,T2_MEDIUM_V1,service_timing,GET_SCHEDULED_DEPARTURES,Please tell: नेहरू पार्क से सुबह 8 बजे छूटने वाली गाड़ियों की समय सारणी दिखाएं। (समय F18) #2,hi,Deva,CS0,N0,"{""origin"": ""नेहरू पार्क"", ""time"": ""सुबह 8 बजे"", ""resolved_time"": ""08:00:00""}","{""origin_id"": ""METRO_NEHRU_PARK""}",ANSWERABLE_NOW,template_instantiation,TMPL_SCHEDULED_DEPARTURE_HI_DEVA_17
PILOT_T2_TR_002372,,SFAM_ROUTE_STOP_MEMBERSHIP_007,FAM_ROUTE_STOP_MEMBERSHIP_007,PARA_ROUTE_STOP_MEMBERSHIP_6_0,T2_MEDIUM_V1,route_stops,CHECK_STOP_ON_ROUTE,Does bus route 19B make a scheduled halt at Thiruvanmiyur? [chk F7],en,Latn,CS0,N0,"{""route_number"": ""19B"", ""stop"": ""Thiruvanmiyur"", ""transport_mode"": ""bus""}","{""route_id"": ""GTFS_ROUTE_10696"", ""stop_id"": ""BUS_3247310920""}",ANSWERABLE_WITH_PROVISIONAL_DATA,template_instantiation,TMPL_ROUTE_STOP_MEMBERSHIP_EN_6
PILOT_T2_TR_002373,,SFAM_REALTIME_STATUS_QUERY_013,FAM_REALTIME_STATUS_QUERY_013,PARA_REALTIME_STATUS_QUERY_12_1,T2_MEDIUM_V1,realtime_status_query,REJECT_UNSUPPORTED_REALTIME,"Excuse me, क्या विमको नगर से आने वाली ट्रेन अभी लेट चल रही है लाइव स्थिति बताएं? (ताज़ा F13) #6",hi,Deva,CS0,N0,"{""origin"": ""विमको नगर"", ""transport_mode"": ""ट्रेन""}","{""origin_id"": ""METRO_WIMCO_NAGAR""}",REQUIRES_REALTIME_DATA,template_instantiation,TMPL_REALTIME_STATUS_QUERY_HI_DEVA_12
PILOT_T2_TR_002374,,SFAM_OUT_OF_SCOPE_017,FAM_OUT_OF_SCOPE_017,PARA_OUT_OF_SCOPE_16_0,T2_MEDIUM_V1,out_of_scope,REJECT_OUT_OF_SCOPE,Book a private cab taxi ride from St. Thomas Mount to Alandur. [cab F17],en,Latn,CS0,N0,"{""origin"": ""St. Thomas Mount"", ""destination"": ""Alandur""}","{""origin_id"": ""METRO_ST__THOMAS_MOUNT"", ""destination_id"": ""METRO_ARIGNAR_ANNA_ALANDUR""}",OUT_OF_SCOPE,template_instantiation,TMPL_OUT_OF_SCOPE_EN_16
PILOT_T2_TR_002375,,SFAM_STATION_ACCESSIBILITY_008,FAM_STATION_ACCESSIBILITY_008,PARA_STATION_ACCESSIBILITY_7_4,T2_MEDIUM_V1,accessibility,GET_ACCESSIBILITY_INFO,High Court station par handicapped passengers ke liye escalator stairs support status F8,hi-en,Deva+Latn,CS4,N0,"{""station"": ""High Court"", ""accessibility_feature"": ""escalator"", ""transport_mode"": ""metro""}","{""station_id"": ""METRO_HIGHCOURT""}",ANSWERABLE_NOW,template_instantiation,TMPL_STATION_ACCESSIBILITY_MIXED_SCRIPT_CS_7
PILOT_T2_TR_002376,,SFAM_REALTIME_STATUS_QUERY_009,FAM_REALTIME_STATUS_QUERY_009,PARA_REALTIME_STATUS_QUERY_8_4,T2_MEDIUM_V1,realtime_status_query,REJECT_UNSUPPORTED_REALTIME,Please tell: Thirumangalam se metro live delay status aur real time position tracking F9 #2,hi-en,Deva+Latn,CS4,N0,"{""origin"": ""Thirumangalam"", ""transport_mode"": ""metro""}","{""origin_id"": ""METRO_THIRUMANGALAM""}",REQUIRES_REALTIME_DATA,template_instantiation,TMPL_REALTIME_STATUS_QUERY_MIXED_SCRIPT_CS_8
PILOT_T2_TR_002377,,SFAM_FARE_CALCULATION_001,FAM_FARE_CALCULATION_001,PARA_FARE_CALCULATION_0_2,T2_MEDIUM_V1,fare_query,CALCULATE_FARE,Could you specify airport se high court metro ride ka standard ticket cost kitna hoga? [kiraya F1]? #3,hi,Latn,CS0,N0,"{""origin"": ""airport"", ""destination"": ""high court"", ""transport_mode"": ""metro""}","{""origin_id"": ""METRO_CHENNAI_INTERNATIONAL_AIRPORT"", ""destination_id"": ""METRO_HIGHCOURT""}",ANSWERABLE_NOW,template_instantiation,TMPL_FARE_CALCULATION_HI_LATN_0
PILOT_T2_TR_002378,,SFAM_FIRST_AND_LAST_SERVICE_015,FAM_FIRST_AND_LAST_SERVICE_015,PARA_FIRST_AND_LAST_SERVICE_14_3,T2_MEDIUM_V1,service_timing,GET_FIRST_LAST_SERVICE,Please tell: First train and last train operational hours between Little Mount and Chennai Central (F15) #2,hi-en,Latn,CS3,N1,"{""origin"": ""Little Mount"", ""destination"": ""Chennai Central"", ""timing_type"": ""first_last"", ""transport_mode"": ""train""}","{""origin_id"": ""METRO_LITTLE_MOUNT"", ""destination_id"": ""METRO_PURATCHI_THALAIVAR_DR__M_G_RAMACHANDRAN_CENTRAL""}",ANSWERABLE_NOW,template_instantiation,TMPL_FIRST_AND_LAST_SERVICE_HINGLISH_LATN_14
PILOT_T2_TR_002379,,SFAM_TICKETING_AND_PASSES_019,FAM_TICKETING_AND_PASSES_019,PARA_TICKETING_AND_PASSES_18_3,T2_MEDIUM_V1,ticketing_rules,GET_TICKETING_POLICY,How can regular passengers apply for and renew Monthly Season Pass (F19)?,hi-en,Latn,CS3,N0,"{""ticket_type"": ""monthly_pass"", ""transport_mode"": ""transit""}",{},ANSWERABLE_NOW,template_instantiation,TMPL_TICKETING_AND_PASSES_HINGLISH_LATN_18
PILOT_T2_TR_002380,,SFAM_INTERCHANGE_TRANSFER_018,FAM_INTERCHANGE_TRANSFER_018,PARA_INTERCHANGE_TRANSFER_17_0,T2_MEDIUM_V1,interchange_query,GET_INTERCHANGE_DETAILS,Quick check: How do I switch lines to connect towards CMBT at Nehru Park interchange? [xfer F18] #4,en,Latn,CS0,N0,"{""station"": ""Nehru Park"", ""destination"": ""CMBT"", ""facility_type"": ""interchange""}","{""station_id"": ""METRO_NEHRU_PARK"", ""destination_id"": ""METRO_PURATCHI_THALAIVI_DR_J_JAYALALITHAA_CMBT""}",ANSWERABLE_AFTER_MANUAL_VERIFICATION,template_instantiation,TMPL_INTERCHANGE_TRANSFER_EN_17
PILOT_T2_TR_002381,,SFAM_INTERCHANGE_TRANSFER_019,FAM_INTERCHANGE_TRANSFER_019,PARA_INTERCHANGE_TRANSFER_18_3,T2_MEDIUM_V1,interchange_query,GET_INTERCHANGE_DETAILS,Could you specify Transfer walking time and directions at Kilpauk multimodal terminal (F19)? #3,hi-en,Latn,CS3,N0,"{""station"": ""Kilpauk"", ""facility_type"": ""interchange""}","{""station_id"": ""METRO_KILPAUK""}",ANSWERABLE_AFTER_MANUAL_VERIFICATION,template_instantiation,TMPL_INTERCHANGE_TRANSFER_HINGLISH_LATN_18
PILOT_T2_TR_002382,,SFAM_TICKETING_AND_PASSES_019,FAM_TICKETING_AND_PASSES_019,PARA_TICKETING_AND_PASSES_18_3,T2_MEDIUM_V1,ticketing_rules,GET_TICKETING_POLICY,Could you specify How can regular passengers apply for and renew Monthly Season Pass (F19)?? #3,hi-en,Latn,CS3,N0,"{""ticket_type"": ""monthly_pass"", ""transport_mode"": ""transit""}",{},ANSWERABLE_NOW,template_instantiation,TMPL_TICKETING_AND_PASSES_HINGLISH_LATN_18
PILOT_T2_TR_002383,,SFAM_MULTIMODAL_ROUTE_016,FAM_MULTIMODAL_ROUTE_016,PARA_MULTIMODAL_ROUTE_15_3,T2_MEDIUM_V1,route_query,PLAN_MULTIMODAL_ROUTE,Can you give combined bus and train route from Pudupattinam to Guindy (F16)?,hi-en,Latn,CS3,N0,"{""origin"": ""Pudupattinam"", ""destination"": ""Guindy"", ""transport_mode"": ""bus and train""}","{""origin_id"": ""BUS_3616510666"", ""destination_id"": ""METRO_GUINDY""}",ANSWERABLE_WITH_PROVISIONAL_DATA,template_instantiation,TMPL_MULTIMODAL_ROUTE_HINGLISH_LATN_15
PILOT_T2_TR_002384,,SFAM_ROUTE_STOP_MEMBERSHIP_016,FAM_ROUTE_STOP_MEMBERSHIP_016,PARA_ROUTE_STOP_MEMBERSHIP_15_1,T2_MEDIUM_V1,route_stops,CHECK_STOP_ON_ROUTE,Could you specify क्या बस 21G पुदुपट्टिनम स्टॉप पर रुकती है? (जांच F16)? #3,hi,Deva,CS0,N0,"{""route_number"": ""21G"", ""stop"": ""पुदुपट्टिनम"", ""transport_mode"": ""बस""}","{""route_id"": ""GTFS_ROUTE_8458"", ""stop_id"": ""BUS_3616510666""}",ANSWERABLE_WITH_PROVISIONAL_DATA,template_instantiation,TMPL_ROUTE_STOP_MEMBERSHIP_HI_DEVA_15
PILOT_T2_TR_002385,,SFAM_MODE_AVAILABILITY_017,FAM_MODE_AVAILABILITY_017,PARA_MODE_AVAILABILITY_16_3,T2_MEDIUM_V1,service_availability,CHECK_SERVICE_AVAILABILITY,Quick check: Is public transit operational connecting St. Thomas Mount and Tambaram (F17)? #4,hi-en,Latn,CS3,N0,"{""origin"": ""St. Thomas Mount"", ""destination"": ""Tambaram"", ""transport_mode"": ""public transit""}","{""origin_id"": ""METRO_ST__THOMAS_MOUNT"", ""destination_id"": ""BUS_5304399879""}",ANSWERABLE_WITH_PROVISIONAL_DATA,template_instantiation,TMPL_MODE_AVAILABILITY_HINGLISH_LATN_16
PILOT_T2_TR_002386,,SFAM_STATION_ACCESSIBILITY_006,FAM_STATION_ACCESSIBILITY_006,PARA_STATION_ACCESSIBILITY_5_2,T2_MEDIUM_V1,accessibility,GET_ACCESSIBILITY_INFO,Please tell: kya koyambedu metro station me wheelchair disabled ke liye passenger lift hai? [barrier-free F6] #2,hi,Latn,CS0,N1,"{""station"": ""koyambedu"", ""accessibility_feature"": ""lift"", ""transport_mode"": ""metro""}","{""station_id"": ""METRO_KOYAMBEDU""}",ANSWERABLE_NOW,template_instantiation,TMPL_STATION_ACCESSIBILITY_HI_LATN_5
PILOT_T2_TR_002387,,SFAM_MODE_AVAILABILITY_018,FAM_MODE_AVAILABILITY_018,PARA_MODE_AVAILABILITY_17_4,T2_MEDIUM_V1,service_availability,CHECK_SERVICE_AVAILABILITY,क्या Nehru Park से Broadway transport line active hai mode info F18,hi-en,Deva+Latn,CS4,N2,"{""origin"": ""Nehru Park"", ""destination"": ""Broadway"", ""transport_mode"": ""transport""}","{""origin_id"": ""METRO_NEHRU_PARK"", ""destination_id"": ""BUS_27618346""}",ANSWERABLE_WITH_PROVISIONAL_DATA,template_instantiation,TMPL_MODE_AVAILABILITY_MIXED_SCRIPT_CS_17
PILOT_T2_TR_002388,,SFAM_MODE_AVAILABILITY_009,FAM_MODE_AVAILABILITY_009,PARA_MODE_AVAILABILITY_8_3,T2_MEDIUM_V1,service_availability,CHECK_SERVICE_AVAILABILITY,"Excuse me, Is public transit operational connecting Thirumangalam and Madurantakam (F9)? #6",hi-en,Latn,CS3,N2,"{""origin"": ""Thirumangalam"", ""destination"": ""Madurantakam"", ""transport_mode"": ""public transit""}","{""origin_id"": ""METRO_THIRUMANGALAM"", ""destination_id"": ""BUS_5306412986""}",ANSWERABLE_WITH_PROVISIONAL_DATA,template_instantiation,TMPL_MODE_AVAILABILITY_HINGLISH_LATN_8
PILOT_T2_TR_002389,,SFAM_STATION_ACCESSIBILITY_016,FAM_STATION_ACCESSIBILITY_016,PARA_STATION_ACCESSIBILITY_15_3,T2_MEDIUM_V1,accessibility,GET_ACCESSIBILITY_INFO,Transit query: Verification of accessible escalator stairs support at Saidapet metro (F16) #5,hi-en,Latn,CS3,N0,"{""station"": ""Saidapet"", ""accessibility_feature"": ""escalator"", ""transport_mode"": ""metro""}","{""station_id"": ""METRO_SAIDAPET""}",ANSWERABLE_NOW,template_instantiation,TMPL_STATION_ACCESSIBILITY_HINGLISH_LATN_15
PILOT_T2_TR_002390,,SFAM_OUT_OF_SCOPE_011,FAM_OUT_OF_SCOPE_011,PARA_OUT_OF_SCOPE_10_0,T2_MEDIUM_V1,out_of_scope,REJECT_OUT_OF_SCOPE,Please tell: Book a private cab taxi ride from Egmore to Nehru Park. [cab F11] #2,en,Latn,CS0,N0,"{""origin"": ""Egmore"", ""destination"": ""Nehru Park""}","{""origin_id"": ""METRO_EGMORE"", ""destination_id"": ""METRO_NEHRU_PARK""}",OUT_OF_SCOPE,template_instantiation,TMPL_OUT_OF_SCOPE_EN_10
PILOT_T2_TR_002391,,SFAM_STATION_FACILITIES_001,FAM_STATION_FACILITIES_001,PARA_STATION_FACILITIES_0_4,T2_MEDIUM_V1,station_facilities,GET_STATION_FACILITY,Could you specify क्या Airport station par passengers ke liye car parking accessible hai F1? #3,hi-en,Deva+Latn,CS4,N1,"{""station"": ""Airport"", ""facility_type"": ""parking"", ""transport_mode"": ""metro""}","{""station_id"": ""METRO_CHENNAI_INTERNATIONAL_AIRPORT""}",ANSWERABLE_NOW,template_instantiation,TMPL_STATION_FACILITIES_MIXED_SCRIPT_CS_0
PILOT_T2_TR_002392,,SFAM_INTERCHANGE_TRANSFER_012,FAM_INTERCHANGE_TRANSFER_012,PARA_INTERCHANGE_TRANSFER_11_3,T2_MEDIUM_V1,interchange_query,GET_INTERCHANGE_DETAILS,Please tell: Transfer walking time and directions at Thousand Lights multimodal terminal (F12) #2,hi-en,Latn,CS3,N0,"{""station"": ""Thousand Lights"", ""facility_type"": ""interchange""}","{""station_id"": ""METRO_THOUSAND_LIGHTS""}",ANSWERABLE_AFTER_MANUAL_VERIFICATION,template_instantiation,TMPL_INTERCHANGE_TRANSFER_HINGLISH_LATN_11
PILOT_T2_TR_002393,,SFAM_REALTIME_STATUS_QUERY_011,FAM_REALTIME_STATUS_QUERY_011,PARA_REALTIME_STATUS_QUERY_10_2,T2_MEDIUM_V1,realtime_status_query,REJECT_UNSUPPORTED_REALTIME,Bus 11 R ka real time current gps location update kahan pahuncha? [track F11],hi,Latn,CS0,N0,"{""route_number"": ""11 R"", ""transport_mode"": ""bus""}","{""route_id"": ""GTFS_ROUTE_23728""}",REQUIRES_REALTIME_DATA,template_instantiation,TMPL_REALTIME_STATUS_QUERY_HI_LATN_10
PILOT_T2_TR_002394,,SFAM_NEAREST_TRANSPORT_003,FAM_NEAREST_TRANSPORT_003,PARA_NEAREST_TRANSPORT_2_2,T2_MEDIUM_V1,nearest_transport,FIND_NEAREST_STATION,Quick check: great lakes institute se closest walking distance metro transit point kaunsa hai? [paas F3] #4,hi,Latn,CS0,N0,"{""landmark"": ""great lakes institute"", ""transport_mode"": ""metro""}","{""place_id"": ""OSM_POI_577328882""}",ANSWERABLE_NOW,template_instantiation,TMPL_NEAREST_TRANSPORT_HI_LATN_2
PILOT_T2_TR_002395,,SFAM_ROUTE_STOP_SEQUENCE_010,FAM_ROUTE_STOP_SEQUENCE_010,PARA_ROUTE_STOP_SEQUENCE_9_0,T2_MEDIUM_V1,route_stops,LIST_ROUTE_STOPS,List every intermediate stop along route 12G in order. [seq F10],en,Latn,CS0,N0,"{""route_number"": ""12G"", ""transport_mode"": ""bus""}","{""route_id"": ""GTFS_ROUTE_18750""}",ANSWERABLE_WITH_PROVISIONAL_DATA,template_instantiation,TMPL_ROUTE_STOP_SEQUENCE_EN_9
PILOT_T2_TR_002396,,SFAM_TICKETING_AND_PASSES_003,FAM_TICKETING_AND_PASSES_003,PARA_TICKETING_AND_PASSES_2_2,T2_MEDIUM_V1,ticketing_rules,GET_TICKETING_POLICY,Please tell: qr ticket recharge karne ka guidelines aur validity rule bataye. [card F3] #2,hi,Latn,CS0,N0,"{""ticket_type"": ""qr_ticket"", ""transport_mode"": ""transit""}",{},ANSWERABLE_NOW,template_instantiation,TMPL_TICKETING_AND_PASSES_HI_LATN_2
PILOT_T2_TR_002397,,SFAM_INTERCHANGE_TRANSFER_012,FAM_INTERCHANGE_TRANSFER_012,PARA_INTERCHANGE_TRANSFER_11_2,T2_MEDIUM_V1,interchange_query,GET_INTERCHANGE_DETAILS,Please tell: thousand lights hub par metro line change karke kilpauk kaise jaye? [platform F12] #2,hi,Latn,CS0,N1,"{""station"": ""thousand lights"", ""destination"": ""kilpauk"", ""facility_type"": ""interchange""}","{""station_id"": ""METRO_THOUSAND_LIGHTS"", ""destination_id"": ""METRO_KILPAUK""}",ANSWERABLE_AFTER_MANUAL_VERIFICATION,template_instantiation,TMPL_INTERCHANGE_TRANSFER_HI_LATN_11
PILOT_T2_TR_002398,,SFAM_STATION_ACCESSIBILITY_006,FAM_STATION_ACCESSIBILITY_006,PARA_STATION_ACCESSIBILITY_5_3,T2_MEDIUM_V1,accessibility,GET_ACCESSIBILITY_INFO,Quick check: Verification of accessible passenger elevator lift support at Koyambedu metro (F6) #4,hi-en,Latn,CS3,N0,"{""station"": ""Koyambedu"", ""accessibility_feature"": ""lift"", ""transport_mode"": ""metro""}","{""station_id"": ""METRO_KOYAMBEDU""}",ANSWERABLE_NOW,template_instantiation,TMPL_STATION_ACCESSIBILITY_HINGLISH_LATN_5
PILOT_T2_TR_002399,,SFAM_TICKETING_AND_PASSES_008,FAM_TICKETING_AND_PASSES_008,PARA_TICKETING_AND_PASSES_7_0,T2_MEDIUM_V1,ticketing_rules,GET_TICKETING_POLICY,Could you specify What are the rules and procedure to purchase a Smart Card for commuters? [pass F8]? #3,en,Latn,CS0,N0,"{""ticket_type"": ""smart_card"", ""transport_mode"": ""transit""}",{},ANSWERABLE_NOW,template_instantiation,TMPL_TICKETING_AND_PASSES_EN_7
PILOT_T2_TR_002400,,SFAM_ROUTE_STOP_MEMBERSHIP_019,FAM_ROUTE_STOP_MEMBERSHIP_019,PARA_ROUTE_STOP_MEMBERSHIP_18_3,T2_MEDIUM_V1,route_stops,CHECK_STOP_ON_ROUTE,Please tell: Verify if Adyar bus stop is covered by route 570 (F19) #2,hi-en,Latn,CS3,N0,"{""route_number"": ""570"", ""stop"": ""Adyar"", ""transport_mode"": ""bus""}","{""route_id"": ""GTFS_ROUTE_17967"", ""stop_id"": ""BUS_2587520213""}",ANSWERABLE_WITH_PROVISIONAL_DATA,template_instantiation,TMPL_ROUTE_STOP_MEMBERSHIP_HINGLISH_LATN_18
PILOT_T2_TR_002401,,SFAM_MODE_AVAILABILITY_013,FAM_MODE_AVAILABILITY_013,PARA_MODE_AVAILABILITY_12_1,T2_MEDIUM_V1,service_availability,CHECK_SERVICE_AVAILABILITY,Could you specify क्या विमको नगर से नेलवॉय के लिए कोई सार्वजनिक बस या ट्रेन उपलब्ध है? (उपलब्धता F13)? #3,hi,Deva,CS0,N0,"{""origin"": ""विमको नगर"", ""destination"": ""नेलवॉय"", ""transport_mode"": ""सार्वजनिक बस या ट्रेन""}","{""origin_id"": ""METRO_WIMCO_NAGAR"", ""destination_id"": ""BUS_469106564""}",ANSWERABLE_WITH_PROVISIONAL_DATA,template_instantiation,TMPL_MODE_AVAILABILITY_HI_DEVA_12
PILOT_T2_TR_002402,,SFAM_POINT_TO_POINT_ROUTE_007,FAM_POINT_TO_POINT_ROUTE_007,PARA_POINT_TO_POINT_ROUTE_6_0,T2_MEDIUM_V1,route_query,PLAN_ROUTE,Please tell: How do I commute from Vadapalani to Washermenpet by metro? [pattern F7] #2,en,Latn,CS0,N0,"{""origin"": ""Vadapalani"", ""destination"": ""Washermenpet"", ""transport_mode"": ""metro""}","{""origin_id"": ""METRO_VADAPALANI"", ""destination_id"": ""METRO_WASHERMENPET""}",ANSWERABLE_WITH_PROVISIONAL_DATA,template_instantiation,TMPL_POINT_TO_POINT_ROUTE_EN_6
PILOT_T2_TR_002403,,SFAM_FARE_CALCULATION_012,FAM_FARE_CALCULATION_012,PARA_FARE_CALCULATION_11_0,T2_MEDIUM_V1,fare_query,CALCULATE_FARE,"Excuse me, What is the single-journey ticket fare from Thousand Lights to Kilpauk on metro? [fare F12] #6",en,Latn,CS0,N0,"{""origin"": ""Thousand Lights"", ""destination"": ""Kilpauk"", ""fare_type"": ""token"", ""transport_mode"": ""metro""}","{""origin_id"": ""METRO_THOUSAND_LIGHTS"", ""destination_id"": ""METRO_KILPAUK""}",ANSWERABLE_NOW,template_instantiation,TMPL_FARE_CALCULATION_EN_11
PILOT_T2_TR_002404,,SFAM_STATION_ACCESSIBILITY_013,FAM_STATION_ACCESSIBILITY_013,PARA_STATION_ACCESSIBILITY_12_3,T2_MEDIUM_V1,accessibility,GET_ACCESSIBILITY_INFO,"Excuse me, Verification of accessible wheelchair ramp support at Wimco Nagar Depot metro (F13) #6",hi-en,Latn,CS3,N2,"{""station"": ""Wimco Nagar Depot"", ""accessibility_feature"": ""wheelchair"", ""transport_mode"": ""metro""}","{""station_id"": ""METRO_WIMCO_NAGAR""}",ANSWERABLE_NOW,template_instantiation,TMPL_STATION_ACCESSIBILITY_HINGLISH_LATN_12
PILOT_T2_TR_002405,,SFAM_STATION_ACCESSIBILITY_006,FAM_STATION_ACCESSIBILITY_006,PARA_STATION_ACCESSIBILITY_5_3,T2_MEDIUM_V1,accessibility,GET_ACCESSIBILITY_INFO,Please tell: Verification of accessible passenger elevator lift support at Koyambedu metro (F6) #2,hi-en,Latn,CS3,N0,"{""station"": ""Koyambedu"", ""accessibility_feature"": ""lift"", ""transport_mode"": ""metro""}","{""station_id"": ""METRO_KOYAMBEDU""}",ANSWERABLE_NOW,template_instantiation,TMPL_STATION_ACCESSIBILITY_HINGLISH_LATN_5
PILOT_T2_TR_002406,,SFAM_FARE_CALCULATION_014,FAM_FARE_CALCULATION_014,PARA_FARE_CALCULATION_13_1,T2_MEDIUM_V1,fare_query,CALCULATE_FARE,Could you specify वॉशरमैनपेट से एयरपोर्ट तक का मेट्रो का टोकन किराया कितना रुपया है? (किराया F14)? #3,hi,Deva,CS0,N0,"{""origin"": ""वॉशरमैनपेट"", ""destination"": ""एयरपोर्ट"", ""fare_type"": ""टोकन"", ""transport_mode"": ""मेट्रो""}","{""origin_id"": ""METRO_WASHERMENPET"", ""destination_id"": ""METRO_CHENNAI_INTERNATIONAL_AIRPORT""}",ANSWERABLE_NOW,template_instantiation,TMPL_FARE_CALCULATION_HI_DEVA_13
PILOT_T2_TR_002407,,SFAM_NEAREST_TRANSPORT_007,FAM_NEAREST_TRANSPORT_007,PARA_NEAREST_TRANSPORT_6_3,T2_MEDIUM_V1,nearest_transport,FIND_NEAREST_STATION,Quick check: Find closest public transport access point near Mother Child Hospital (F7) #4,hi-en,Latn,CS3,N0,"{""landmark"": ""Mother Child Hospital"", ""transport_mode"": ""public transport""}","{""place_id"": ""OSM_POI_7257518731""}",ANSWERABLE_NOW,template_instantiation,TMPL_NEAREST_TRANSPORT_HINGLISH_LATN_6
PILOT_T2_TR_002408,,SFAM_STATION_FACILITIES_015,FAM_STATION_FACILITIES_015,PARA_STATION_FACILITIES_14_4,T2_MEDIUM_V1,station_facilities,GET_STATION_FACILITY,क्या Little Mount station par passengers ke liye EV vehicle charging accessible hai F15,hi-en,Deva+Latn,CS4,N0,"{""station"": ""Little Mount"", ""facility_type"": ""ev_charging"", ""transport_mode"": ""metro""}","{""station_id"": ""METRO_LITTLE_MOUNT""}",ANSWERABLE_NOW,template_instantiation,TMPL_STATION_FACILITIES_MIXED_SCRIPT_CS_14
PILOT_T2_TR_002409,,SFAM_FARE_CALCULATION_017,FAM_FARE_CALCULATION_017,PARA_FARE_CALCULATION_16_1,T2_MEDIUM_V1,fare_query,CALCULATE_FARE,Could you specify सेंट थॉमस माउंट से आलंदूर तक का मेट्रो का टोकन किराया कितना रुपया है? (किराया F17)? #3,hi,Deva,CS0,N0,"{""origin"": ""सेंट थॉमस माउंट"", ""destination"": ""आलंदूर"", ""fare_type"": ""टोकन"", ""transport_mode"": ""मेट्रो""}","{""origin_id"": ""METRO_ST__THOMAS_MOUNT"", ""destination_id"": ""METRO_ARIGNAR_ANNA_ALANDUR""}",ANSWERABLE_NOW,template_instantiation,TMPL_FARE_CALCULATION_HI_DEVA_16
PILOT_T2_TR_002410,,SFAM_OUT_OF_SCOPE_005,FAM_OUT_OF_SCOPE_005,PARA_OUT_OF_SCOPE_4_1,T2_MEDIUM_V1,out_of_scope,REJECT_OUT_OF_SCOPE,Could you specify सीएमबीटी के निकटतम सबसे अच्छे रेस्टोरेंट और भोजनालय की सूची दें। (बाहर F5)? #3,hi,Deva,CS0,N0,"{""station"": ""सीएमबीटी""}","{""station_id"": ""METRO_PURATCHI_THALAIVI_DR_J_JAYALALITHAA_CMBT""}",OUT_OF_SCOPE,template_instantiation,TMPL_OUT_OF_SCOPE_HI_DEVA_4
PILOT_T2_TR_002411,,SFAM_MODE_AVAILABILITY_011,FAM_MODE_AVAILABILITY_011,PARA_MODE_AVAILABILITY_10_1,T2_MEDIUM_V1,service_availability,CHECK_SERVICE_AVAILABILITY,Could you specify क्या एग्मोर से कलपक्कम के लिए कोई सार्वजनिक बस या ट्रेन उपलब्ध है? (उपलब्धता F11)? #3,hi,Deva,CS0,N0,"{""origin"": ""एग्मोर"", ""destination"": ""कलपक्कम"", ""transport_mode"": ""सार्वजनिक बस या ट्रेन""}","{""origin_id"": ""METRO_EGMORE"", ""destination_id"": ""BUS_30143150""}",ANSWERABLE_WITH_PROVISIONAL_DATA,template_instantiation,TMPL_MODE_AVAILABILITY_HI_DEVA_10
PILOT_T2_TR_002412,,SFAM_MULTIMODAL_ROUTE_017,FAM_MULTIMODAL_ROUTE_017,PARA_MULTIMODAL_ROUTE_16_0,T2_MEDIUM_V1,route_query,PLAN_MULTIMODAL_ROUTE,Could you specify What is the combined bus and metro route from Tambaram to Alandur? [plan F17]? #3,en,Latn,CS0,N0,"{""origin"": ""Tambaram"", ""destination"": ""Alandur"", ""transport_mode"": ""multimodal""}","{""origin_id"": ""BUS_5304399879"", ""destination_id"": ""METRO_ARIGNAR_ANNA_ALANDUR""}",ANSWERABLE_WITH_PROVISIONAL_DATA,template_instantiation,TMPL_MULTIMODAL_ROUTE_EN_16
PILOT_T2_TR_002413,,SFAM_OUT_OF_SCOPE_015,FAM_OUT_OF_SCOPE_015,PARA_OUT_OF_SCOPE_14_0,T2_MEDIUM_V1,out_of_scope,REJECT_OUT_OF_SCOPE,Transit query: Book a private cab taxi ride from Little Mount to Chennai Central. [cab F15] #5,en,Latn,CS0,N0,"{""origin"": ""Little Mount"", ""destination"": ""Chennai Central""}","{""origin_id"": ""METRO_LITTLE_MOUNT"", ""destination_id"": ""METRO_PURATCHI_THALAIVAR_DR__M_G_RAMACHANDRAN_CENTRAL""}",OUT_OF_SCOPE,template_instantiation,TMPL_OUT_OF_SCOPE_EN_14
PILOT_T2_TR_002414,,SFAM_POINT_TO_POINT_ROUTE_006,FAM_POINT_TO_POINT_ROUTE_006,PARA_POINT_TO_POINT_ROUTE_5_1,T2_MEDIUM_V1,route_query,PLAN_ROUTE,Could you specify कोयम्बेडु से विमको नगर मेट्रो से जाने का रास्ता क्या है? (प्रारूप F6)? #3,hi,Deva,CS0,N0,"{""origin"": ""कोयम्बेडु"", ""destination"": ""विमको नगर"", ""transport_mode"": ""मेट्रो""}","{""origin_id"": ""METRO_KOYAMBEDU"", ""destination_id"": ""METRO_WIMCO_NAGAR""}",ANSWERABLE_WITH_PROVISIONAL_DATA,template_instantiation,TMPL_POINT_TO_POINT_ROUTE_HI_DEVA_5
PILOT_T2_TR_002415,,SFAM_REALTIME_STATUS_QUERY_008,FAM_REALTIME_STATUS_QUERY_008,PARA_REALTIME_STATUS_QUERY_7_2,T2_MEDIUM_V1,realtime_status_query,REJECT_UNSUPPORTED_REALTIME,Quick check: Bus 47A ka real time current gps location update kahan pahuncha? [track F8] #4,hi,Latn,CS0,N0,"{""route_number"": ""47A"", ""transport_mode"": ""bus""}","{""route_id"": ""GTFS_ROUTE_19412""}",REQUIRES_REALTIME_DATA,template_instantiation,TMPL_REALTIME_STATUS_QUERY_HI_LATN_7
PILOT_T2_TR_002416,,SFAM_POINT_TO_POINT_ROUTE_019,FAM_POINT_TO_POINT_ROUTE_019,PARA_POINT_TO_POINT_ROUTE_18_1,T2_MEDIUM_V1,route_query,PLAN_ROUTE,Could you specify किल्पौक से कोयम्बेडु मेट्रो से जाने का रास्ता क्या है? (प्रारूप F19)? #3,hi,Deva,CS0,N0,"{""origin"": ""किल्पौक"", ""destination"": ""कोयम्बेडु"", ""transport_mode"": ""मेट्रो""}","{""origin_id"": ""METRO_KILPAUK"", ""destination_id"": ""METRO_KOYAMBEDU""}",ANSWERABLE_WITH_PROVISIONAL_DATA,template_instantiation,TMPL_POINT_TO_POINT_ROUTE_HI_DEVA_18
PILOT_T2_TR_002417,,SFAM_FARE_CALCULATION_009,FAM_FARE_CALCULATION_009,PARA_FARE_CALCULATION_8_3,T2_MEDIUM_V1,fare_query,CALCULATE_FARE,"Excuse me, Calculate fare for travel between Thirumangalam and Saidapet stations (F9) #6",hi-en,Latn,CS3,N2,"{""origin"": ""Thirumangalam"", ""destination"": ""Saidapet"", ""transport_mode"": ""metro""}","{""origin_id"": ""METRO_THIRUMANGALAM"", ""destination_id"": ""METRO_SAIDAPET""}",ANSWERABLE_NOW,template_instantiation,TMPL_FARE_CALCULATION_HINGLISH_LATN_8
PILOT_T2_TR_002418,,SFAM_MULTIMODAL_ROUTE_015,FAM_MULTIMODAL_ROUTE_015,PARA_MULTIMODAL_ROUTE_14_1,T2_MEDIUM_V1,route_query,PLAN_MULTIMODAL_ROUTE,बस स्टैंड से चेन्नई सेंट्रल बस और मेट्रो मिलाकर सबसे तेज़ मार्ग कौन सा है? (योजना F15),hi,Deva,CS0,N0,"{""origin"": ""बस स्टैंड"", ""destination"": ""चेन्नई सेंट्रल"", ""transport_mode"": ""बस और मेट्रो""}","{""origin_id"": ""BUS_5300484122"", ""destination_id"": ""METRO_PURATCHI_THALAIVAR_DR__M_G_RAMACHANDRAN_CENTRAL""}",ANSWERABLE_WITH_PROVISIONAL_DATA,template_instantiation,TMPL_MULTIMODAL_ROUTE_HI_DEVA_14
PILOT_T2_TR_002419,,SFAM_FARE_CALCULATION_002,FAM_FARE_CALCULATION_002,PARA_FARE_CALCULATION_1_1,T2_MEDIUM_V1,fare_query,CALCULATE_FARE,चेन्नई सेंट्रल से तिरुमंगलम तक का मेट्रो का टोकन किराया कितना रुपया है? (किराया F2),hi,Deva,CS0,N0,"{""origin"": ""चेन्नई सेंट्रल"", ""destination"": ""तिरुमंगलम"", ""fare_type"": ""टोकन"", ""transport_mode"": ""मेट्रो""}","{""origin_id"": ""METRO_PURATCHI_THALAIVAR_DR__M_G_RAMACHANDRAN_CENTRAL"", ""destination_id"": ""METRO_THIRUMANGALAM""}",ANSWERABLE_NOW,template_instantiation,TMPL_FARE_CALCULATION_HI_DEVA_1
PILOT_T2_TR_002420,,SFAM_STATION_FACILITIES_013,FAM_STATION_FACILITIES_013,PARA_STATION_FACILITIES_12_1,T2_MEDIUM_V1,station_facilities,GET_STATION_FACILITY,Transit query: क्या विमको नगर मेट्रो स्टेशन पर कार पार्किंग की व्यवस्था उपलब्ध है? (सुविधा F13) #5,hi,Deva,CS0,N2,"{""station"": ""विमको नगर"", ""facility_type"": ""parking"", ""transport_mode"": ""मेट्रो""}","{""station_id"": ""METRO_WIMCO_NAGAR""}",ANSWERABLE_NOW,template_instantiation,TMPL_STATION_FACILITIES_HI_DEVA_12
PILOT_T2_TR_002421,,SFAM_OUT_OF_SCOPE_013,FAM_OUT_OF_SCOPE_013,PARA_OUT_OF_SCOPE_12_3,T2_MEDIUM_V1,out_of_scope,REJECT_OUT_OF_SCOPE,What is the general weather rain forecast in Chennai near Great Lakes Institute today (F13)?,hi-en,Latn,CS3,N0,"{""landmark"": ""Great Lakes Institute""}","{""place_id"": ""OSM_POI_577328882""}",OUT_OF_SCOPE,template_instantiation,TMPL_OUT_OF_SCOPE_HINGLISH_LATN_12
PILOT_T2_TR_002422,,SFAM_STATION_ACCESSIBILITY_016,FAM_STATION_ACCESSIBILITY_016,PARA_STATION_ACCESSIBILITY_15_1,T2_MEDIUM_V1,accessibility,GET_ACCESSIBILITY_INFO,"Excuse me, क्या साइदापेट स्टेशन पर दिव्यांग यात्रियों के लिए एस्केलेटर उपलब्ध है? (सुलभता F16) #6",hi,Deva,CS0,N0,"{""station"": ""साइदापेट"", ""accessibility_feature"": ""escalator"", ""transport_mode"": ""मेट्रो""}","{""station_id"": ""METRO_SAIDAPET""}",ANSWERABLE_NOW,template_instantiation,TMPL_STATION_ACCESSIBILITY_HI_DEVA_15
PILOT_T2_TR_002423,,SFAM_OUT_OF_SCOPE_010,FAM_OUT_OF_SCOPE_010,PARA_OUT_OF_SCOPE_9_3,T2_MEDIUM_V1,out_of_scope,REJECT_OUT_OF_SCOPE,Could you specify What is the general weather rain forecast in Chennai near Padalam Hospital today (F10)?? #3,hi-en,Latn,CS3,N0,"{""landmark"": ""Padalam Hospital""}","{""place_id"": ""OSM_POI_7257518724""}",OUT_OF_SCOPE,template_instantiation,TMPL_OUT_OF_SCOPE_HINGLISH_LATN_9
PILOT_T2_TR_002424,,SFAM_FARE_CALCULATION_007,FAM_FARE_CALCULATION_007,PARA_FARE_CALCULATION_6_0,T2_MEDIUM_V1,fare_query,CALCULATE_FARE,Could you specify What is the single-journey ticket fare from Vadapalani to Washermenpet on metro? [fare F7]? #3,en,Latn,CS0,N0,"{""origin"": ""Vadapalani"", ""destination"": ""Washermenpet"", ""fare_type"": ""token"", ""transport_mode"": ""metro""}","{""origin_id"": ""METRO_VADAPALANI"", ""destination_id"": ""METRO_WASHERMENPET""}",ANSWERABLE_NOW,template_instantiation,TMPL_FARE_CALCULATION_EN_6
PILOT_T2_TR_002425,,SFAM_ROUTE_STOP_MEMBERSHIP_001,FAM_ROUTE_STOP_MEMBERSHIP_001,PARA_ROUTE_STOP_MEMBERSHIP_0_0,T2_MEDIUM_V1,route_stops,CHECK_STOP_ON_ROUTE,Please tell: Does bus route 21G make a scheduled halt at Tambaram? [chk F1] #2,en,Latn,CS0,N0,"{""route_number"": ""21G"", ""stop"": ""Tambaram"", ""transport_mode"": ""bus""}","{""route_id"": ""GTFS_ROUTE_8458"", ""stop_id"": ""BUS_5304399879""}",ANSWERABLE_WITH_PROVISIONAL_DATA,template_instantiation,TMPL_ROUTE_STOP_MEMBERSHIP_EN_0
PILOT_T2_TR_002426,,SFAM_REALTIME_STATUS_QUERY_017,FAM_REALTIME_STATUS_QUERY_017,PARA_REALTIME_STATUS_QUERY_16_4,T2_MEDIUM_V1,realtime_status_query,REJECT_UNSUPPORTED_REALTIME,St. Thomas Mount se metro live delay status aur real time position tracking F17,hi-en,Deva+Latn,CS4,N2,"{""origin"": ""St. Thomas Mount"", ""transport_mode"": ""metro""}","{""origin_id"": ""METRO_ST__THOMAS_MOUNT""}",REQUIRES_REALTIME_DATA,template_instantiation,TMPL_REALTIME_STATUS_QUERY_MIXED_SCRIPT_CS_16
PILOT_T2_TR_002427,,SFAM_OUT_OF_SCOPE_018,FAM_OUT_OF_SCOPE_018,PARA_OUT_OF_SCOPE_17_3,T2_MEDIUM_V1,out_of_scope,REJECT_OUT_OF_SCOPE,Quick check: What is the general weather rain forecast in Chennai near Madhuranthagam Hospital today (F18)? #4,hi-en,Latn,CS3,N0,"{""landmark"": ""Madhuranthagam Hospital""}","{""place_id"": ""OSM_POI_7257518777""}",OUT_OF_SCOPE,template_instantiation,TMPL_OUT_OF_SCOPE_HINGLISH_LATN_17
PILOT_T2_TR_002428,,SFAM_TICKETING_AND_PASSES_017,FAM_TICKETING_AND_PASSES_017,PARA_TICKETING_AND_PASSES_16_1,T2_MEDIUM_V1,ticketing_rules,GET_TICKETING_POLICY,Transit query: यात्रियों के लिए छात्र रियायती पास प्राप्त करने के नियम और प्रक्रिया क्या हैं? (पास F17) #5,hi,Deva,CS0,N2,"{""ticket_type"": ""student_pass"", ""transport_mode"": ""पारगमन""}",{},ANSWERABLE_NOW,template_instantiation,TMPL_TICKETING_AND_PASSES_HI_DEVA_16
PILOT_T2_TR_002429,,SFAM_INTERCHANGE_TRANSFER_015,FAM_INTERCHANGE_TRANSFER_015,PARA_INTERCHANGE_TRANSFER_14_0,T2_MEDIUM_V1,interchange_query,GET_INTERCHANGE_DETAILS,"Excuse me, How do I switch lines to connect towards Chennai Central at Little Mount interchange? [xfer F15] #6",en,Latn,CS0,N0,"{""station"": ""Little Mount"", ""destination"": ""Chennai Central"", ""facility_type"": ""interchange""}","{""station_id"": ""METRO_LITTLE_MOUNT"", ""destination_id"": ""METRO_PURATCHI_THALAIVAR_DR__M_G_RAMACHANDRAN_CENTRAL""}",ANSWERABLE_AFTER_MANUAL_VERIFICATION,template_instantiation,TMPL_INTERCHANGE_TRANSFER_EN_14
PILOT_T2_TR_002430,,SFAM_REALTIME_STATUS_QUERY_020,FAM_REALTIME_STATUS_QUERY_020,PARA_REALTIME_STATUS_QUERY_19_2,T2_MEDIUM_V1,realtime_status_query,REJECT_UNSUPPORTED_REALTIME,Could you specify Bus 23C ka real time current gps location update kahan pahuncha? [track F20]? #3,hi,Latn,CS0,N0,"{""route_number"": ""23C"", ""transport_mode"": ""bus""}","{""route_id"": ""GTFS_ROUTE_10214""}",REQUIRES_REALTIME_DATA,template_instantiation,TMPL_REALTIME_STATUS_QUERY_HI_LATN_19
PILOT_T2_TR_002431,,SFAM_STATION_ACCESSIBILITY_011,FAM_STATION_ACCESSIBILITY_011,PARA_STATION_ACCESSIBILITY_10_3,T2_MEDIUM_V1,accessibility,GET_ACCESSIBILITY_INFO,Could you specify Verification of accessible tactile floor paths support at Egmore metro (F11)? #3,hi-en,Latn,CS3,N0,"{""station"": ""Egmore"", ""accessibility_feature"": ""tactile_path"", ""transport_mode"": ""metro""}","{""station_id"": ""METRO_EGMORE""}",ANSWERABLE_NOW,template_instantiation,TMPL_STATION_ACCESSIBILITY_HINGLISH_LATN_10
PILOT_T2_TR_002432,,SFAM_MODE_AVAILABILITY_005,FAM_MODE_AVAILABILITY_005,PARA_MODE_AVAILABILITY_4_2,T2_MEDIUM_V1,service_availability,CHECK_SERVICE_AVAILABILITY,cmbt se besant nagar tak direct transit options available hain kya? [suvidha F5],hi,Latn,CS0,N0,"{""origin"": ""cmbt"", ""destination"": ""besant nagar"", ""transport_mode"": ""any""}","{""origin_id"": ""METRO_PURATCHI_THALAIVI_DR_J_JAYALALITHAA_CMBT"", ""destination_id"": ""BUS_417750654""}",ANSWERABLE_WITH_PROVISIONAL_DATA,template_instantiation,TMPL_MODE_AVAILABILITY_HI_LATN_4
PILOT_T2_TR_002433,,SFAM_SCHEDULED_DEPARTURE_018,FAM_SCHEDULED_DEPARTURE_018,PARA_SCHEDULED_DEPARTURE_17_0,T2_MEDIUM_V1,service_timing,GET_SCHEDULED_DEPARTURES,Please tell: Show metro departure timetable at bare 8 o'clock from Nehru Park [sched F18] #2,en,Latn,CS0,N0,"{""origin"": ""Nehru Park"", ""time"": ""8 o'clock"", ""temporal_ambiguity"": true, ""dual_candidates"": [""08:00:00"", ""20:00:00""]}","{""origin_id"": ""METRO_NEHRU_PARK""}",ANSWERABLE_NOW,template_instantiation,TMPL_SCHEDULED_DEPARTURE_EN_17
PILOT_T2_TR_002434,,SFAM_ROUTE_STOP_MEMBERSHIP_003,FAM_ROUTE_STOP_MEMBERSHIP_003,PARA_ROUTE_STOP_MEMBERSHIP_2_0,T2_MEDIUM_V1,route_stops,CHECK_STOP_ON_ROUTE,Could you specify Does bus route 102A make a scheduled halt at Adyar? [chk F3]? #3,en,Latn,CS0,N0,"{""route_number"": ""102A"", ""stop"": ""Adyar"", ""transport_mode"": ""bus""}","{""route_id"": ""GTFS_ROUTE_10248"", ""stop_id"": ""BUS_2587520213""}",ANSWERABLE_WITH_PROVISIONAL_DATA,template_instantiation,TMPL_ROUTE_STOP_MEMBERSHIP_EN_2
PILOT_T2_TR_002435,,SFAM_SERVICE_FREQUENCY_008,FAM_SERVICE_FREQUENCY_008,PARA_SERVICE_FREQUENCY_7_0,T2_MEDIUM_V1,service_timing,GET_SERVICE_FREQUENCY,Please tell: How many minutes between trains on the line connecting High Court and Little Mount? [freq F8] #2,en,Latn,CS0,N0,"{""origin"": ""High Court"", ""destination"": ""Little Mount"", ""timing_type"": ""frequency"", ""transport_mode"": ""metro""}","{""origin_id"": ""METRO_HIGHCOURT"", ""destination_id"": ""METRO_LITTLE_MOUNT""}",ANSWERABLE_NOW,template_instantiation,TMPL_SERVICE_FREQUENCY_EN_7
PILOT_T2_TR_002436,,SFAM_MODE_AVAILABILITY_008,FAM_MODE_AVAILABILITY_008,PARA_MODE_AVAILABILITY_7_1,T2_MEDIUM_V1,service_availability,CHECK_SERVICE_AVAILABILITY,Transit query: क्या हाई कोर्ट से मायलापुर के लिए कोई सार्वजनिक बस या ट्रेन उपलब्ध है? (उपलब्धता F8) #5,hi,Deva,CS0,N2,"{""origin"": ""हाई कोर्ट"", ""destination"": ""मायलापुर"", ""transport_mode"": ""सार्वजनिक बस या ट्रेन""}","{""origin_id"": ""METRO_HIGHCOURT"", ""destination_id"": ""BUS_410614381""}",ANSWERABLE_WITH_PROVISIONAL_DATA,template_instantiation,TMPL_MODE_AVAILABILITY_HI_DEVA_7
PILOT_T2_TR_002437,,SFAM_OUT_OF_SCOPE_018,FAM_OUT_OF_SCOPE_018,PARA_OUT_OF_SCOPE_17_3,T2_MEDIUM_V1,out_of_scope,REJECT_OUT_OF_SCOPE,Please tell: What is the general weather rain forecast in Chennai near Madhuranthagam Hospital today (F18)? #2,hi-en,Latn,CS3,N0,"{""landmark"": ""Madhuranthagam Hospital""}","{""place_id"": ""OSM_POI_7257518777""}",OUT_OF_SCOPE,template_instantiation,TMPL_OUT_OF_SCOPE_HINGLISH_LATN_17
PILOT_T2_TR_002438,,SFAM_POINT_TO_POINT_ROUTE_002,FAM_POINT_TO_POINT_ROUTE_002,PARA_POINT_TO_POINT_ROUTE_1_4,T2_MEDIUM_V1,route_query,PLAN_ROUTE,Please tell: Chennai Central से Thirumangalam direct metro connection bataye route plan F2 #2,hi-en,Deva+Latn,CS4,N0,"{""origin"": ""Chennai Central"", ""destination"": ""Thirumangalam"", ""transport_mode"": ""metro""}","{""origin_id"": ""METRO_PURATCHI_THALAIVAR_DR__M_G_RAMACHANDRAN_CENTRAL"", ""destination_id"": ""METRO_THIRUMANGALAM""}",ANSWERABLE_WITH_PROVISIONAL_DATA,template_instantiation,TMPL_POINT_TO_POINT_ROUTE_MIXED_SCRIPT_CS_1
PILOT_T2_TR_002439,,SFAM_MULTIMODAL_ROUTE_008,FAM_MULTIMODAL_ROUTE_008,PARA_MULTIMODAL_ROUTE_7_1,T2_MEDIUM_V1,route_query,PLAN_MULTIMODAL_ROUTE,Please tell: मायलापुर से लिटिल माउंट बस और मेट्रो मिलाकर सबसे तेज़ मार्ग कौन सा है? (योजना F8) #2,hi,Deva,CS0,N0,"{""origin"": ""मायलापुर"", ""destination"": ""लिटिल माउंट"", ""transport_mode"": ""बस और मेट्रो""}","{""origin_id"": ""BUS_410614381"", ""destination_id"": ""METRO_LITTLE_MOUNT""}",ANSWERABLE_WITH_PROVISIONAL_DATA,template_instantiation,TMPL_MULTIMODAL_ROUTE_HI_DEVA_7
PILOT_T2_TR_002440,,SFAM_FARE_CALCULATION_009,FAM_FARE_CALCULATION_009,PARA_FARE_CALCULATION_8_2,T2_MEDIUM_V1,fare_query,CALCULATE_FARE,Please tell: thirumangalam se saidapet metro ride ka standard ticket cost kitna hoga? [kiraya F9] #2,hi,Latn,CS0,N1,"{""origin"": ""thirumangalam"", ""destination"": ""saidapet"", ""transport_mode"": ""metro""}","{""origin_id"": ""METRO_THIRUMANGALAM"", ""destination_id"": ""METRO_SAIDAPET""}",ANSWERABLE_NOW,template_instantiation,TMPL_FARE_CALCULATION_HI_LATN_8
PILOT_T2_TR_002441,,SFAM_NEAREST_TRANSPORT_013,FAM_NEAREST_TRANSPORT_013,PARA_NEAREST_TRANSPORT_12_1,T2_MEDIUM_V1,nearest_transport,FIND_NEAREST_STATION,ग्रेट लेक्स संस्थान के सबसे निकटतम मेट्रो स्टेशन या बस स्टॉप कौन सा है? (निकट F13),hi,Deva,CS0,N1,"{""landmark"": ""ग्रेट लेक्स संस्थान"", ""transport_mode"": ""मेट्रो या बस""}","{""place_id"": ""OSM_POI_577328882""}",ANSWERABLE_NOW,template_instantiation,TMPL_NEAREST_TRANSPORT_HI_DEVA_12
PILOT_T2_TR_002442,,SFAM_INTERCHANGE_TRANSFER_020,FAM_INTERCHANGE_TRANSFER_020,PARA_INTERCHANGE_TRANSFER_19_3,T2_MEDIUM_V1,interchange_query,GET_INTERCHANGE_DETAILS,Transfer walking time and directions at Pachaiyappa College multimodal terminal (F20),hi-en,Latn,CS3,N0,"{""station"": ""Pachaiyappa College"", ""facility_type"": ""interchange""}","{""station_id"": ""METRO_PACHAIYAPPA_S_COLLEGE""}",ANSWERABLE_AFTER_MANUAL_VERIFICATION,template_instantiation,TMPL_INTERCHANGE_TRANSFER_HINGLISH_LATN_19
PILOT_T2_TR_002443,,SFAM_MODE_AVAILABILITY_009,FAM_MODE_AVAILABILITY_009,PARA_MODE_AVAILABILITY_8_2,T2_MEDIUM_V1,service_availability,CHECK_SERVICE_AVAILABILITY,Could you specify thirumangalam se madurantakam tak direct transit options available hain kya? [suvidha F9]? #3,hi,Latn,CS0,N0,"{""origin"": ""thirumangalam"", ""destination"": ""madurantakam"", ""transport_mode"": ""any""}","{""origin_id"": ""METRO_THIRUMANGALAM"", ""destination_id"": ""BUS_5306412986""}",ANSWERABLE_WITH_PROVISIONAL_DATA,template_instantiation,TMPL_MODE_AVAILABILITY_HI_LATN_8
PILOT_T2_TR_002444,,SFAM_STATION_FACILITIES_002,FAM_STATION_FACILITIES_002,PARA_STATION_FACILITIES_1_1,T2_MEDIUM_V1,station_facilities,GET_STATION_FACILITY,Transit query: क्या चेन्नई सेंट्रल मेट्रो स्टेशन पर बाइक पार्किंग की व्यवस्था उपलब्ध है? (सुविधा F2) #5,hi,Deva,CS0,N0,"{""station"": ""चेन्नई सेंट्रल"", ""facility_type"": ""two_wheeler_parking"", ""transport_mode"": ""मेट्रो""}","{""station_id"": ""METRO_PURATCHI_THALAIVAR_DR__M_G_RAMACHANDRAN_CENTRAL""}",ANSWERABLE_NOW,template_instantiation,TMPL_STATION_FACILITIES_HI_DEVA_1
PILOT_T2_TR_002445,,SFAM_OUT_OF_SCOPE_001,FAM_OUT_OF_SCOPE_001,PARA_OUT_OF_SCOPE_0_3,T2_MEDIUM_V1,out_of_scope,REJECT_OUT_OF_SCOPE,"Hello assistant, What is the general weather rain forecast in Chennai near Marina Beach today (F1)? #7",hi-en,Latn,CS3,N0,"{""landmark"": ""Marina Beach""}","{""place_id"": ""OSM_POI_12137617372""}",OUT_OF_SCOPE,template_instantiation,TMPL_OUT_OF_SCOPE_HINGLISH_LATN_0
PILOT_T2_TR_002446,,SFAM_STATION_FACILITIES_019,FAM_STATION_FACILITIES_019,PARA_STATION_FACILITIES_18_1,T2_MEDIUM_V1,station_facilities,GET_STATION_FACILITY,Transit query: क्या किल्पौक मेट्रो स्टेशन पर ईवी चार्जिंग की व्यवस्था उपलब्ध है? (सुविधा F19) #5,hi,Deva,CS0,N2,"{""station"": ""किल्पौक"", ""facility_type"": ""ev_charging"", ""transport_mode"": ""मेट्रो""}","{""station_id"": ""METRO_KILPAUK""}",ANSWERABLE_NOW,template_instantiation,TMPL_STATION_FACILITIES_HI_DEVA_18
PILOT_T2_TR_002447,,SFAM_MODE_AVAILABILITY_004,FAM_MODE_AVAILABILITY_004,PARA_MODE_AVAILABILITY_3_2,T2_MEDIUM_V1,service_availability,CHECK_SERVICE_AVAILABILITY,Quick check: alandur se velachery tak direct transit options available hain kya? [suvidha F4] #4,hi,Latn,CS0,N0,"{""origin"": ""alandur"", ""destination"": ""velachery"", ""transport_mode"": ""any""}","{""origin_id"": ""METRO_ARIGNAR_ANNA_ALANDUR"", ""destination_id"": ""BUS_1764308008""}",ANSWERABLE_WITH_PROVISIONAL_DATA,template_instantiation,TMPL_MODE_AVAILABILITY_HI_LATN_3
PILOT_T2_TR_002448,,SFAM_ROUTE_STOP_SEQUENCE_011,FAM_ROUTE_STOP_SEQUENCE_011,PARA_ROUTE_STOP_SEQUENCE_10_3,T2_MEDIUM_V1,route_stops,LIST_ROUTE_STOPS,Please tell: Full stop order details for bus number 11 R please provide (F11) #2,hi-en,Latn,CS3,N0,"{""route_number"": ""11 R"", ""transport_mode"": ""bus""}","{""route_id"": ""GTFS_ROUTE_23728""}",ANSWERABLE_WITH_PROVISIONAL_DATA,template_instantiation,TMPL_ROUTE_STOP_SEQUENCE_HINGLISH_LATN_10
PILOT_T2_TR_002449,,SFAM_REALTIME_STATUS_QUERY_002,FAM_REALTIME_STATUS_QUERY_002,PARA_REALTIME_STATUS_QUERY_1_3,T2_MEDIUM_V1,realtime_status_query,REJECT_UNSUPPORTED_REALTIME,Quick check: Live crowd density and train arrival countdown at Chennai Central right now (F2) #4,hi-en,Latn,CS3,N2,"{""station"": ""Chennai Central"", ""transport_mode"": ""metro""}","{""station_id"": ""METRO_PURATCHI_THALAIVAR_DR__M_G_RAMACHANDRAN_CENTRAL""}",REQUIRES_REALTIME_DATA,template_instantiation,TMPL_REALTIME_STATUS_QUERY_HINGLISH_LATN_1
PILOT_T2_TR_002450,,SFAM_INTERCHANGE_TRANSFER_009,FAM_INTERCHANGE_TRANSFER_009,PARA_INTERCHANGE_TRANSFER_8_0,T2_MEDIUM_V1,interchange_query,GET_INTERCHANGE_DETAILS,"Excuse me, How do I switch lines to connect towards Saidapet at Thirumangalam interchange? [xfer F9] #6",en,Latn,CS0,N0,"{""station"": ""Thirumangalam"", ""destination"": ""Saidapet"", ""facility_type"": ""interchange""}","{""station_id"": ""METRO_THIRUMANGALAM"", ""destination_id"": ""METRO_SAIDAPET""}",ANSWERABLE_AFTER_MANUAL_VERIFICATION,template_instantiation,TMPL_INTERCHANGE_TRANSFER_EN_8
PILOT_T2_TR_002451,,SFAM_ROUTE_STOP_SEQUENCE_012,FAM_ROUTE_STOP_SEQUENCE_012,PARA_ROUTE_STOP_SEQUENCE_11_3,T2_MEDIUM_V1,route_stops,LIST_ROUTE_STOPS,Please tell: Full stop order details for bus number 22 CT please provide (F12) #2,hi-en,Latn,CS3,N0,"{""route_number"": ""22 CT"", ""transport_mode"": ""bus""}","{""route_id"": ""GTFS_ROUTE_18753""}",ANSWERABLE_WITH_PROVISIONAL_DATA,template_instantiation,TMPL_ROUTE_STOP_SEQUENCE_HINGLISH_LATN_11
PILOT_T2_TR_002452,,SFAM_TICKETING_AND_PASSES_020,FAM_TICKETING_AND_PASSES_020,PARA_TICKETING_AND_PASSES_19_0,T2_MEDIUM_V1,ticketing_rules,GET_TICKETING_POLICY,Could you specify What are the rules and procedure to purchase a Smart Card for commuters? [pass F20]? #3,en,Latn,CS0,N0,"{""ticket_type"": ""smart_card"", ""transport_mode"": ""transit""}",{},ANSWERABLE_NOW,template_instantiation,TMPL_TICKETING_AND_PASSES_EN_19
PILOT_T2_TR_002453,,SFAM_SERVICE_FREQUENCY_011,FAM_SERVICE_FREQUENCY_011,PARA_SERVICE_FREQUENCY_10_1,T2_MEDIUM_V1,service_timing,GET_SERVICE_FREQUENCY,एग्मोर और नेहरू पार्क के बीच मेट्रो हर कितने मिनट के अंतराल पर चलती है? (आवृत्ति F11),hi,Deva,CS0,N0,"{""origin"": ""एग्मोर"", ""destination"": ""नेहरू पार्क"", ""timing_type"": ""frequency"", ""transport_mode"": ""मेट्रो""}","{""origin_id"": ""METRO_EGMORE"", ""destination_id"": ""METRO_NEHRU_PARK""}",ANSWERABLE_NOW,template_instantiation,TMPL_SERVICE_FREQUENCY_HI_DEVA_10
PILOT_T2_TR_002454,,SFAM_MODE_AVAILABILITY_003,FAM_MODE_AVAILABILITY_003,PARA_MODE_AVAILABILITY_2_0,T2_MEDIUM_V1,service_availability,CHECK_SERVICE_AVAILABILITY,Quick check: Are there direct public transport options from Guindy to Adyar? [avail F3] #4,en,Latn,CS0,N0,"{""origin"": ""Guindy"", ""destination"": ""Adyar"", ""transport_mode"": ""any""}","{""origin_id"": ""METRO_GUINDY"", ""destination_id"": ""BUS_2587520213""}",ANSWERABLE_WITH_PROVISIONAL_DATA,template_instantiation,TMPL_MODE_AVAILABILITY_EN_2
PILOT_T2_TR_002455,,SFAM_FARE_CALCULATION_013,FAM_FARE_CALCULATION_013,PARA_FARE_CALCULATION_12_3,T2_MEDIUM_V1,fare_query,CALCULATE_FARE,Could you specify Calculate fare for travel between Wimco Nagar Depot and Pachaiyappa College stations (F13)? #3,hi-en,Latn,CS3,N0,"{""origin"": ""Wimco Nagar Depot"", ""destination"": ""Pachaiyappa College"", ""transport_mode"": ""metro""}","{""origin_id"": ""METRO_WIMCO_NAGAR"", ""destination_id"": ""METRO_PACHAIYAPPA_S_COLLEGE""}",ANSWERABLE_NOW,template_instantiation,TMPL_FARE_CALCULATION_HINGLISH_LATN_12
PILOT_T2_TR_002456,,SFAM_INTERCHANGE_TRANSFER_011,FAM_INTERCHANGE_TRANSFER_011,PARA_INTERCHANGE_TRANSFER_10_3,T2_MEDIUM_V1,interchange_query,GET_INTERCHANGE_DETAILS,Could you specify Transfer walking time and directions at Egmore multimodal terminal (F11)? #3,hi-en,Latn,CS3,N0,"{""station"": ""Egmore"", ""facility_type"": ""interchange""}","{""station_id"": ""METRO_EGMORE""}",ANSWERABLE_AFTER_MANUAL_VERIFICATION,template_instantiation,TMPL_INTERCHANGE_TRANSFER_HINGLISH_LATN_10
PILOT_T2_TR_002457,,SFAM_NEAREST_TRANSPORT_013,FAM_NEAREST_TRANSPORT_013,PARA_NEAREST_TRANSPORT_12_0,T2_MEDIUM_V1,nearest_transport,FIND_NEAREST_STATION,Please tell: Which is the nearest metro station or transit stop to Great Lakes Institute? [loc F13] #2,en,Latn,CS0,N0,"{""landmark"": ""Great Lakes Institute"", ""transport_mode"": ""metro""}","{""place_id"": ""OSM_POI_577328882""}",ANSWERABLE_NOW,template_instantiation,TMPL_NEAREST_TRANSPORT_EN_12
PILOT_T2_TR_002458,,SFAM_FARE_CALCULATION_015,FAM_FARE_CALCULATION_015,PARA_FARE_CALCULATION_14_1,T2_MEDIUM_V1,fare_query,CALCULATE_FARE,Transit query: लिटिल माउंट से चेन्नई सेंट्रल तक का मेट्रो का टोकन किराया कितना रुपया है? (किराया F15) #5,hi,Deva,CS0,N2,"{""origin"": ""लिटिल माउंट"", ""destination"": ""चेन्नई सेंट्रल"", ""fare_type"": ""टोकन"", ""transport_mode"": ""मेट्रो""}","{""origin_id"": ""METRO_LITTLE_MOUNT"", ""destination_id"": ""METRO_PURATCHI_THALAIVAR_DR__M_G_RAMACHANDRAN_CENTRAL""}",ANSWERABLE_NOW,template_instantiation,TMPL_FARE_CALCULATION_HI_DEVA_14
PILOT_T2_TR_002459,,SFAM_TICKETING_AND_PASSES_004,FAM_TICKETING_AND_PASSES_004,PARA_TICKETING_AND_PASSES_3_1,T2_MEDIUM_V1,ticketing_rules,GET_TICKETING_POLICY,"Hello assistant, यात्रियों के लिए टूरिस्ट कार्ड प्राप्त करने के नियम और प्रक्रिया क्या हैं? (पास F4) #7",hi,Deva,CS0,N1,"{""ticket_type"": ""tourist_card"", ""transport_mode"": ""पारगमन""}",{},ANSWERABLE_NOW,template_instantiation,TMPL_TICKETING_AND_PASSES_HI_DEVA_3
PILOT_T2_TR_002460,,SFAM_MODE_AVAILABILITY_002,FAM_MODE_AVAILABILITY_002,PARA_MODE_AVAILABILITY_1_4,T2_MEDIUM_V1,service_availability,CHECK_SERVICE_AVAILABILITY,Could you specify क्या Chennai Central से Broadway transport line active hai mode info F2? #3,hi-en,Deva+Latn,CS4,N1,"{""origin"": ""Chennai Central"", ""destination"": ""Broadway"", ""transport_mode"": ""transport""}","{""origin_id"": ""METRO_PURATCHI_THALAIVAR_DR__M_G_RAMACHANDRAN_CENTRAL"", ""destination_id"": ""BUS_27618346""}",ANSWERABLE_WITH_PROVISIONAL_DATA,template_instantiation,TMPL_MODE_AVAILABILITY_MIXED_SCRIPT_CS_1
PILOT_T2_TR_002461,,SFAM_MULTIMODAL_ROUTE_019,FAM_MULTIMODAL_ROUTE_019,PARA_MULTIMODAL_ROUTE_18_2,T2_MEDIUM_V1,route_query,PLAN_MULTIMODAL_ROUTE,adyar se koyambedu bus aur metro switch karke shortest transit kya hai? [opt F19],hi,Latn,CS0,N1,"{""origin"": ""adyar"", ""destination"": ""koyambedu"", ""transport_mode"": ""bus aur metro""}","{""origin_id"": ""BUS_2587520213"", ""destination_id"": ""METRO_KOYAMBEDU""}",ANSWERABLE_WITH_PROVISIONAL_DATA,template_instantiation,TMPL_MULTIMODAL_ROUTE_HI_LATN_18
PILOT_T2_TR_002462,,SFAM_MULTIMODAL_ROUTE_005,FAM_MULTIMODAL_ROUTE_005,PARA_MULTIMODAL_ROUTE_4_3,T2_MEDIUM_V1,route_query,PLAN_MULTIMODAL_ROUTE,Can you give combined bus and train route from Besant Nagar to Thousand Lights (F5)?,hi-en,Latn,CS3,N0,"{""origin"": ""Besant Nagar"", ""destination"": ""Thousand Lights"", ""transport_mode"": ""bus and train""}","{""origin_id"": ""BUS_417750654"", ""destination_id"": ""METRO_THOUSAND_LIGHTS""}",ANSWERABLE_WITH_PROVISIONAL_DATA,template_instantiation,TMPL_MULTIMODAL_ROUTE_HINGLISH_LATN_4
PILOT_T2_TR_002463,,SFAM_STATION_ACCESSIBILITY_002,FAM_STATION_ACCESSIBILITY_002,PARA_STATION_ACCESSIBILITY_1_0,T2_MEDIUM_V1,accessibility,GET_ACCESSIBILITY_INFO,"Hello assistant, Are passenger elevator lift provisions available for differently abled passengers at Chennai Central? [a11y F2] #7",en,Latn,CS0,N1,"{""station"": ""Chennai Central"", ""accessibility_feature"": ""lift"", ""transport_mode"": ""metro""}","{""station_id"": ""METRO_PURATCHI_THALAIVAR_DR__M_G_RAMACHANDRAN_CENTRAL""}",ANSWERABLE_NOW,template_instantiation,TMPL_STATION_ACCESSIBILITY_EN_1
PILOT_T2_TR_002464,,SFAM_ROUTE_STOP_MEMBERSHIP_011,FAM_ROUTE_STOP_MEMBERSHIP_011,PARA_ROUTE_STOP_MEMBERSHIP_10_0,T2_MEDIUM_V1,route_stops,CHECK_STOP_ON_ROUTE,Could you specify Does bus route 11 R make a scheduled halt at Kalpakkam? [chk F11]? #3,en,Latn,CS0,N0,"{""route_number"": ""11 R"", ""stop"": ""Kalpakkam"", ""transport_mode"": ""bus""}","{""route_id"": ""GTFS_ROUTE_23728"", ""stop_id"": ""BUS_30143150""}",ANSWERABLE_WITH_PROVISIONAL_DATA,template_instantiation,TMPL_ROUTE_STOP_MEMBERSHIP_EN_10
PILOT_T2_TR_002465,,SFAM_MULTIMODAL_ROUTE_007,FAM_MULTIMODAL_ROUTE_007,PARA_MULTIMODAL_ROUTE_6_2,T2_MEDIUM_V1,route_query,PLAN_MULTIMODAL_ROUTE,Please tell: thiruvanmiyur se washermenpet bus aur metro switch karke shortest transit kya hai? [opt F7] #2,hi,Latn,CS0,N0,"{""origin"": ""thiruvanmiyur"", ""destination"": ""washermenpet"", ""transport_mode"": ""bus aur metro""}","{""origin_id"": ""BUS_3247310920"", ""destination_id"": ""METRO_WASHERMENPET""}",ANSWERABLE_WITH_PROVISIONAL_DATA,template_instantiation,TMPL_MULTIMODAL_ROUTE_HI_LATN_6
PILOT_T2_TR_002466,,SFAM_REALTIME_STATUS_QUERY_013,FAM_REALTIME_STATUS_QUERY_013,PARA_REALTIME_STATUS_QUERY_12_0,T2_MEDIUM_V1,realtime_status_query,REJECT_UNSUPPORTED_REALTIME,Where is bus 15 CT8 right now and what is its live location? [live F13],en,Latn,CS0,N0,"{""route_number"": ""15 CT8"", ""transport_mode"": ""bus""}","{""route_id"": ""GTFS_ROUTE_20494""}",REQUIRES_REALTIME_DATA,template_instantiation,TMPL_REALTIME_STATUS_QUERY_EN_12
PILOT_T2_TR_002467,,SFAM_STATION_FACILITIES_020,FAM_STATION_FACILITIES_020,PARA_STATION_FACILITIES_19_0,T2_MEDIUM_V1,station_facilities,GET_STATION_FACILITY,Is bicycle parking stand facility available at Pachaiyappa College metro station? [fac F20],en,Latn,CS0,N0,"{""station"": ""Pachaiyappa College"", ""facility_type"": ""bicycle_stand"", ""transport_mode"": ""metro""}","{""station_id"": ""METRO_PACHAIYAPPA_S_COLLEGE""}",ANSWERABLE_NOW,template_instantiation,TMPL_STATION_FACILITIES_EN_19
PILOT_T2_TR_002468,,SFAM_STATION_FACILITIES_014,FAM_STATION_FACILITIES_014,PARA_STATION_FACILITIES_13_4,T2_MEDIUM_V1,station_facilities,GET_STATION_FACILITY,क्या Washermenpet station par passengers ke liye two-wheeler bike parking accessible hai F14,hi-en,Deva+Latn,CS4,N0,"{""station"": ""Washermenpet"", ""facility_type"": ""two_wheeler_parking"", ""transport_mode"": ""metro""}","{""station_id"": ""METRO_WASHERMENPET""}",ANSWERABLE_NOW,template_instantiation,TMPL_STATION_FACILITIES_MIXED_SCRIPT_CS_13
PILOT_T2_TR_002469,,SFAM_OUT_OF_SCOPE_003,FAM_OUT_OF_SCOPE_003,PARA_OUT_OF_SCOPE_2_0,T2_MEDIUM_V1,out_of_scope,REJECT_OUT_OF_SCOPE,"Hello assistant, Book a private cab taxi ride from Guindy to Anna Nagar Tower. [cab F3] #7",en,Latn,CS0,N1,"{""origin"": ""Guindy"", ""destination"": ""Anna Nagar Tower""}","{""origin_id"": ""METRO_GUINDY"", ""destination_id"": ""METRO_ANNA_NAGAR_TOWER""}",OUT_OF_SCOPE,template_instantiation,TMPL_OUT_OF_SCOPE_EN_2
PILOT_T2_TR_002470,,SFAM_OUT_OF_SCOPE_009,FAM_OUT_OF_SCOPE_009,PARA_OUT_OF_SCOPE_8_3,T2_MEDIUM_V1,out_of_scope,REJECT_OUT_OF_SCOPE,Transit query: What is the general weather rain forecast in Chennai near Karpaga Institute today (F9)? #5,hi-en,Latn,CS3,N1,"{""landmark"": ""Karpaga Institute""}","{""place_id"": ""OSM_POI_3082849503""}",OUT_OF_SCOPE,template_instantiation,TMPL_OUT_OF_SCOPE_HINGLISH_LATN_8
PILOT_T2_TR_002471,,SFAM_FARE_CALCULATION_004,FAM_FARE_CALCULATION_004,PARA_FARE_CALCULATION_3_2,T2_MEDIUM_V1,fare_query,CALCULATE_FARE,Could you specify alandur se egmore metro ride ka standard ticket cost kitna hoga? [kiraya F4]? #3,hi,Latn,CS0,N0,"{""origin"": ""alandur"", ""destination"": ""egmore"", ""transport_mode"": ""metro""}","{""origin_id"": ""METRO_ARIGNAR_ANNA_ALANDUR"", ""destination_id"": ""METRO_EGMORE""}",ANSWERABLE_NOW,template_instantiation,TMPL_FARE_CALCULATION_HI_LATN_3
PILOT_T2_TR_002472,,SFAM_OUT_OF_SCOPE_001,FAM_OUT_OF_SCOPE_001,PARA_OUT_OF_SCOPE_0_0,T2_MEDIUM_V1,out_of_scope,REJECT_OUT_OF_SCOPE,Transit query: Book a private cab taxi ride from Airport to High Court. [cab F1] #5,en,Latn,CS0,N0,"{""origin"": ""Airport"", ""destination"": ""High Court""}","{""origin_id"": ""METRO_CHENNAI_INTERNATIONAL_AIRPORT"", ""destination_id"": ""METRO_HIGHCOURT""}",OUT_OF_SCOPE,template_instantiation,TMPL_OUT_OF_SCOPE_EN_0
PILOT_T2_TR_002473,,SFAM_MODE_AVAILABILITY_019,FAM_MODE_AVAILABILITY_019,PARA_MODE_AVAILABILITY_18_0,T2_MEDIUM_V1,service_availability,CHECK_SERVICE_AVAILABILITY,Transit query: Are there direct public transport options from Kilpauk to Adyar? [avail F19] #5,en,Latn,CS0,N0,"{""origin"": ""Kilpauk"", ""destination"": ""Adyar"", ""transport_mode"": ""any""}","{""origin_id"": ""METRO_KILPAUK"", ""destination_id"": ""BUS_2587520213""}",ANSWERABLE_WITH_PROVISIONAL_DATA,template_instantiation,TMPL_MODE_AVAILABILITY_EN_18
PILOT_T2_TR_002474,,SFAM_NEAREST_TRANSPORT_009,FAM_NEAREST_TRANSPORT_009,PARA_NEAREST_TRANSPORT_8_4,T2_MEDIUM_V1,nearest_transport,FIND_NEAREST_STATION,Could you specify Karpaga Institute ke pass nearest metro stop connection distance bataye F9? #3,hi-en,Deva+Latn,CS4,N0,"{""landmark"": ""Karpaga Institute"", ""transport_mode"": ""metro""}","{""place_id"": ""OSM_POI_3082849503""}",ANSWERABLE_NOW,template_instantiation,TMPL_NEAREST_TRANSPORT_MIXED_SCRIPT_CS_8
PILOT_T2_TR_002475,,SFAM_FARE_CALCULATION_014,FAM_FARE_CALCULATION_014,PARA_FARE_CALCULATION_13_3,T2_MEDIUM_V1,fare_query,CALCULATE_FARE,Please tell: Calculate fare for travel between Washermenpet and Airport stations (F14) #2,hi-en,Latn,CS3,N0,"{""origin"": ""Washermenpet"", ""destination"": ""Airport"", ""transport_mode"": ""metro""}","{""origin_id"": ""METRO_WASHERMENPET"", ""destination_id"": ""METRO_CHENNAI_INTERNATIONAL_AIRPORT""}",ANSWERABLE_NOW,template_instantiation,TMPL_FARE_CALCULATION_HINGLISH_LATN_13
PILOT_T2_TR_002476,,SFAM_FARE_CALCULATION_005,FAM_FARE_CALCULATION_005,PARA_FARE_CALCULATION_4_1,T2_MEDIUM_V1,fare_query,CALCULATE_FARE,"Hello assistant, सीएमबीटी से थाउजेंड लाइट्स तक का मेट्रो का टोकन किराया कितना रुपया है? (किराया F5) #7",hi,Deva,CS0,N1,"{""origin"": ""सीएमबीटी"", ""destination"": ""थाउजेंड लाइट्स"", ""fare_type"": ""टोकन"", ""transport_mode"": ""मेट्रो""}","{""origin_id"": ""METRO_PURATCHI_THALAIVI_DR_J_JAYALALITHAA_CMBT"", ""destination_id"": ""METRO_THOUSAND_LIGHTS""}",ANSWERABLE_NOW,template_instantiation,TMPL_FARE_CALCULATION_HI_DEVA_4
PILOT_T2_TR_002477,,SFAM_SERVICE_FREQUENCY_011,FAM_SERVICE_FREQUENCY_011,PARA_SERVICE_FREQUENCY_10_0,T2_MEDIUM_V1,service_timing,GET_SERVICE_FREQUENCY,Please tell: How many minutes between trains on the line connecting Egmore and Nehru Park? [freq F11] #2,en,Latn,CS0,N0,"{""origin"": ""Egmore"", ""destination"": ""Nehru Park"", ""timing_type"": ""frequency"", ""transport_mode"": ""metro""}","{""origin_id"": ""METRO_EGMORE"", ""destination_id"": ""METRO_NEHRU_PARK""}",ANSWERABLE_NOW,template_instantiation,TMPL_SERVICE_FREQUENCY_EN_10
PILOT_T2_TR_002478,,SFAM_OUT_OF_SCOPE_011,FAM_OUT_OF_SCOPE_011,PARA_OUT_OF_SCOPE_10_4,T2_MEDIUM_V1,out_of_scope,REJECT_OUT_OF_SCOPE,Egmore ke pass hotel reservation aur movie ticket booking service F11,hi-en,Deva+Latn,CS4,N0,"{""station"": ""Egmore""}","{""station_id"": ""METRO_EGMORE""}",OUT_OF_SCOPE,template_instantiation,TMPL_OUT_OF_SCOPE_MIXED_SCRIPT_CS_10
PILOT_T2_TR_002479,,SFAM_REALTIME_STATUS_QUERY_019,FAM_REALTIME_STATUS_QUERY_019,PARA_REALTIME_STATUS_QUERY_18_1,T2_MEDIUM_V1,realtime_status_query,REJECT_UNSUPPORTED_REALTIME,"Excuse me, क्या किल्पौक से आने वाली ट्रेन अभी लेट चल रही है लाइव स्थिति बताएं? (ताज़ा F19) #6",hi,Deva,CS0,N0,"{""origin"": ""किल्पौक"", ""transport_mode"": ""ट्रेन""}","{""origin_id"": ""METRO_KILPAUK""}",REQUIRES_REALTIME_DATA,template_instantiation,TMPL_REALTIME_STATUS_QUERY_HI_DEVA_18
PILOT_T2_TR_002480,,SFAM_POINT_TO_POINT_ROUTE_014,FAM_POINT_TO_POINT_ROUTE_014,PARA_POINT_TO_POINT_ROUTE_13_1,T2_MEDIUM_V1,route_query,PLAN_ROUTE,Could you specify वॉशरमैनपेट से एयरपोर्ट मेट्रो से जाने का रास्ता क्या है? (प्रारूप F14)? #3,hi,Deva,CS0,N0,"{""origin"": ""वॉशरमैनपेट"", ""destination"": ""एयरपोर्ट"", ""transport_mode"": ""मेट्रो""}","{""origin_id"": ""METRO_WASHERMENPET"", ""destination_id"": ""METRO_CHENNAI_INTERNATIONAL_AIRPORT""}",ANSWERABLE_WITH_PROVISIONAL_DATA,template_instantiation,TMPL_POINT_TO_POINT_ROUTE_HI_DEVA_13
PILOT_T2_TR_002481,,SFAM_ROUTE_STOP_MEMBERSHIP_005,FAM_ROUTE_STOP_MEMBERSHIP_005,PARA_ROUTE_STOP_MEMBERSHIP_4_3,T2_MEDIUM_V1,route_stops,CHECK_STOP_ON_ROUTE,Verify if Besant Nagar bus stop is covered by route 23C (F5),hi-en,Latn,CS3,N0,"{""route_number"": ""23C"", ""stop"": ""Besant Nagar"", ""transport_mode"": ""bus""}","{""route_id"": ""GTFS_ROUTE_10214"", ""stop_id"": ""BUS_417750654""}",ANSWERABLE_WITH_PROVISIONAL_DATA,template_instantiation,TMPL_ROUTE_STOP_MEMBERSHIP_HINGLISH_LATN_4
PILOT_T2_TR_002482,,SFAM_INTERCHANGE_TRANSFER_009,FAM_INTERCHANGE_TRANSFER_009,PARA_INTERCHANGE_TRANSFER_8_4,T2_MEDIUM_V1,interchange_query,GET_INTERCHANGE_DETAILS,Thirumangalam interchange par line switch connection point details check F9,hi-en,Deva+Latn,CS4,N0,"{""station"": ""Thirumangalam"", ""facility_type"": ""interchange""}","{""station_id"": ""METRO_THIRUMANGALAM""}",ANSWERABLE_AFTER_MANUAL_VERIFICATION,template_instantiation,TMPL_INTERCHANGE_TRANSFER_MIXED_SCRIPT_CS_8
PILOT_T2_TR_002483,,SFAM_INTERCHANGE_TRANSFER_019,FAM_INTERCHANGE_TRANSFER_019,PARA_INTERCHANGE_TRANSFER_18_3,T2_MEDIUM_V1,interchange_query,GET_INTERCHANGE_DETAILS,Transfer walking time and directions at Kilpauk multimodal terminal (F19),hi-en,Latn,CS3,N0,"{""station"": ""Kilpauk"", ""facility_type"": ""interchange""}","{""station_id"": ""METRO_KILPAUK""}",ANSWERABLE_AFTER_MANUAL_VERIFICATION,template_instantiation,TMPL_INTERCHANGE_TRANSFER_HINGLISH_LATN_18
PILOT_T2_TR_002484,,SFAM_STATION_FACILITIES_014,FAM_STATION_FACILITIES_014,PARA_STATION_FACILITIES_13_3,T2_MEDIUM_V1,station_facilities,GET_STATION_FACILITY,Please tell: Does Washermenpet station premises include operational two-wheeler bike parking (F14)? #2,hi-en,Latn,CS3,N0,"{""station"": ""Washermenpet"", ""facility_type"": ""two_wheeler_parking"", ""transport_mode"": ""metro""}","{""station_id"": ""METRO_WASHERMENPET""}",ANSWERABLE_NOW,template_instantiation,TMPL_STATION_FACILITIES_HINGLISH_LATN_13
PILOT_T2_TR_002485,,SFAM_STATION_ACCESSIBILITY_020,FAM_STATION_ACCESSIBILITY_020,PARA_STATION_ACCESSIBILITY_19_1,T2_MEDIUM_V1,accessibility,GET_ACCESSIBILITY_INFO,Transit query: क्या पचैयप्पा कॉलेज स्टेशन पर दिव्यांग यात्रियों के लिए एस्केलेटर उपलब्ध है? (सुलभता F20) #5,hi,Deva,CS0,N2,"{""station"": ""पचैयप्पा कॉलेज"", ""accessibility_feature"": ""escalator"", ""transport_mode"": ""मेट्रो""}","{""station_id"": ""METRO_PACHAIYAPPA_S_COLLEGE""}",ANSWERABLE_NOW,template_instantiation,TMPL_STATION_ACCESSIBILITY_HI_DEVA_19
PILOT_T2_TR_002486,,SFAM_INTERCHANGE_TRANSFER_013,FAM_INTERCHANGE_TRANSFER_013,PARA_INTERCHANGE_TRANSFER_12_2,T2_MEDIUM_V1,interchange_query,GET_INTERCHANGE_DETAILS,Please tell: wimco nagar depot hub par metro line change karke pachaiyappa college kaise jaye? [platform F13] #2,hi,Latn,CS0,N1,"{""station"": ""wimco nagar depot"", ""destination"": ""pachaiyappa college"", ""facility_type"": ""interchange""}","{""station_id"": ""METRO_WIMCO_NAGAR"", ""destination_id"": ""METRO_PACHAIYAPPA_S_COLLEGE""}",ANSWERABLE_AFTER_MANUAL_VERIFICATION,template_instantiation,TMPL_INTERCHANGE_TRANSFER_HI_LATN_12
PILOT_T2_TR_002487,,SFAM_POINT_TO_POINT_ROUTE_002,FAM_POINT_TO_POINT_ROUTE_002,PARA_POINT_TO_POINT_ROUTE_1_2,T2_MEDIUM_V1,route_query,PLAN_ROUTE,Please tell: chennai central se thirumangalam metro se travel kaise kare? [tarika F2] #2,hi,Latn,CS0,N0,"{""origin"": ""chennai central"", ""destination"": ""thirumangalam"", ""transport_mode"": ""metro""}","{""origin_id"": ""METRO_PURATCHI_THALAIVAR_DR__M_G_RAMACHANDRAN_CENTRAL"", ""destination_id"": ""METRO_THIRUMANGALAM""}",ANSWERABLE_WITH_PROVISIONAL_DATA,template_instantiation,TMPL_POINT_TO_POINT_ROUTE_HI_LATN_1
PILOT_T2_TR_002488,,SFAM_FARE_CALCULATION_001,FAM_FARE_CALCULATION_001,PARA_FARE_CALCULATION_0_3,T2_MEDIUM_V1,fare_query,CALCULATE_FARE,Transit query: Calculate fare for travel between Airport and High Court stations (F1) #5,hi-en,Latn,CS3,N0,"{""origin"": ""Airport"", ""destination"": ""High Court"", ""transport_mode"": ""metro""}","{""origin_id"": ""METRO_CHENNAI_INTERNATIONAL_AIRPORT"", ""destination_id"": ""METRO_HIGHCOURT""}",ANSWERABLE_NOW,template_instantiation,TMPL_FARE_CALCULATION_HINGLISH_LATN_0
PILOT_T2_TR_002489,,SFAM_MODE_AVAILABILITY_018,FAM_MODE_AVAILABILITY_018,PARA_MODE_AVAILABILITY_17_4,T2_MEDIUM_V1,service_availability,CHECK_SERVICE_AVAILABILITY,Please tell: क्या Nehru Park से Broadway transport line active hai mode info F18 #2,hi-en,Deva+Latn,CS4,N0,"{""origin"": ""Nehru Park"", ""destination"": ""Broadway"", ""transport_mode"": ""transport""}","{""origin_id"": ""METRO_NEHRU_PARK"", ""destination_id"": ""BUS_27618346""}",ANSWERABLE_WITH_PROVISIONAL_DATA,template_instantiation,TMPL_MODE_AVAILABILITY_MIXED_SCRIPT_CS_17
PILOT_T2_TR_002490,,SFAM_STATION_ACCESSIBILITY_014,FAM_STATION_ACCESSIBILITY_014,PARA_STATION_ACCESSIBILITY_13_3,T2_MEDIUM_V1,accessibility,GET_ACCESSIBILITY_INFO,Transit query: Verification of accessible passenger elevator lift support at Washermenpet metro (F14) #5,hi-en,Latn,CS3,N1,"{""station"": ""Washermenpet"", ""accessibility_feature"": ""lift"", ""transport_mode"": ""metro""}","{""station_id"": ""METRO_WASHERMENPET""}",ANSWERABLE_NOW,template_instantiation,TMPL_STATION_ACCESSIBILITY_HINGLISH_LATN_13
PILOT_T2_TR_002491,,SFAM_INTERCHANGE_TRANSFER_010,FAM_INTERCHANGE_TRANSFER_010,PARA_INTERCHANGE_TRANSFER_9_1,T2_MEDIUM_V1,interchange_query,GET_INTERCHANGE_DETAILS,Transit query: अन्ना नगर टावर इंटरचेंज पर दूसरी लाइन में ट्रांसफर करने का मार्ग क्या है? (बदलाव F10) #5,hi,Deva,CS0,N2,"{""station"": ""अन्ना नगर टावर"", ""facility_type"": ""इंटरचेंज""}","{""station_id"": ""METRO_ANNA_NAGAR_TOWER""}",ANSWERABLE_AFTER_MANUAL_VERIFICATION,template_instantiation,TMPL_INTERCHANGE_TRANSFER_HI_DEVA_9
PILOT_T2_TR_002492,,SFAM_FIRST_AND_LAST_SERVICE_004,FAM_FIRST_AND_LAST_SERVICE_004,PARA_FIRST_AND_LAST_SERVICE_3_4,T2_MEDIUM_V1,service_timing,GET_FIRST_LAST_SERVICE,Alandur से Egmore ki last service aur first train timing information F4,hi-en,Deva+Latn,CS4,N0,"{""origin"": ""Alandur"", ""destination"": ""Egmore"", ""timing_type"": ""first_last"", ""transport_mode"": ""train""}","{""origin_id"": ""METRO_ARIGNAR_ANNA_ALANDUR"", ""destination_id"": ""METRO_EGMORE""}",ANSWERABLE_NOW,template_instantiation,TMPL_FIRST_AND_LAST_SERVICE_MIXED_SCRIPT_CS_3
PILOT_T2_TR_002493,,SFAM_REALTIME_STATUS_QUERY_014,FAM_REALTIME_STATUS_QUERY_014,PARA_REALTIME_STATUS_QUERY_13_2,T2_MEDIUM_V1,realtime_status_query,REJECT_UNSUPPORTED_REALTIME,Bus Blue Line ka real time current gps location update kahan pahuncha? [track F14],hi,Latn,CS0,N0,"{""route_number"": ""Blue Line"", ""transport_mode"": ""bus""}","{""route_id"": ""CMRL_BLUE_CORRIDOR_1""}",REQUIRES_REALTIME_DATA,template_instantiation,TMPL_REALTIME_STATUS_QUERY_HI_LATN_13
PILOT_T2_TR_002494,,SFAM_MODE_AVAILABILITY_002,FAM_MODE_AVAILABILITY_002,PARA_MODE_AVAILABILITY_1_1,T2_MEDIUM_V1,service_availability,CHECK_SERVICE_AVAILABILITY,Please tell: क्या चेन्नई सेंट्रल से ब्रॉडवे के लिए कोई सार्वजनिक बस या ट्रेन उपलब्ध है? (उपलब्धता F2) #2,hi,Deva,CS0,N0,"{""origin"": ""चेन्नई सेंट्रल"", ""destination"": ""ब्रॉडवे"", ""transport_mode"": ""सार्वजनिक बस या ट्रेन""}","{""origin_id"": ""METRO_PURATCHI_THALAIVAR_DR__M_G_RAMACHANDRAN_CENTRAL"", ""destination_id"": ""BUS_27618346""}",ANSWERABLE_WITH_PROVISIONAL_DATA,template_instantiation,TMPL_MODE_AVAILABILITY_HI_DEVA_1
PILOT_T2_TR_002495,,SFAM_OUT_OF_SCOPE_013,FAM_OUT_OF_SCOPE_013,PARA_OUT_OF_SCOPE_12_1,T2_MEDIUM_V1,out_of_scope,REJECT_OUT_OF_SCOPE,Could you specify विमको नगर के निकटतम सबसे अच्छे रेस्टोरेंट और भोजनालय की सूची दें। (बाहर F13)? #3,hi,Deva,CS0,N0,"{""station"": ""विमको नगर""}","{""station_id"": ""METRO_WIMCO_NAGAR""}",OUT_OF_SCOPE,template_instantiation,TMPL_OUT_OF_SCOPE_HI_DEVA_12
PILOT_T2_TR_002496,,SFAM_POINT_TO_POINT_ROUTE_008,FAM_POINT_TO_POINT_ROUTE_008,PARA_POINT_TO_POINT_ROUTE_7_4,T2_MEDIUM_V1,route_query,PLAN_ROUTE,High Court से Little Mount direct metro connection bataye route plan F8,hi-en,Deva+Latn,CS4,N0,"{""origin"": ""High Court"", ""destination"": ""Little Mount"", ""transport_mode"": ""metro""}","{""origin_id"": ""METRO_HIGHCOURT"", ""destination_id"": ""METRO_LITTLE_MOUNT""}",ANSWERABLE_WITH_PROVISIONAL_DATA,template_instantiation,TMPL_POINT_TO_POINT_ROUTE_MIXED_SCRIPT_CS_7
PILOT_T2_TR_002497,,SFAM_STATION_FACILITIES_013,FAM_STATION_FACILITIES_013,PARA_STATION_FACILITIES_12_0,T2_MEDIUM_V1,station_facilities,GET_STATION_FACILITY,Could you specify Is car parking facility available at Wimco Nagar Depot metro station? [fac F13]? #3,en,Latn,CS0,N0,"{""station"": ""Wimco Nagar Depot"", ""facility_type"": ""parking"", ""transport_mode"": ""metro""}","{""station_id"": ""METRO_WIMCO_NAGAR""}",ANSWERABLE_NOW,template_instantiation,TMPL_STATION_FACILITIES_EN_12
PILOT_T2_TR_002498,,SFAM_REALTIME_STATUS_QUERY_014,FAM_REALTIME_STATUS_QUERY_014,PARA_REALTIME_STATUS_QUERY_13_3,T2_MEDIUM_V1,realtime_status_query,REJECT_UNSUPPORTED_REALTIME,Please tell: Live crowd density and train arrival countdown at Washermenpet right now (F14) #2,hi-en,Latn,CS3,N0,"{""station"": ""Washermenpet"", ""transport_mode"": ""metro""}","{""station_id"": ""METRO_WASHERMENPET""}",REQUIRES_REALTIME_DATA,template_instantiation,TMPL_REALTIME_STATUS_QUERY_HINGLISH_LATN_13
PILOT_T2_TR_002499,,SFAM_FARE_CALCULATION_017,FAM_FARE_CALCULATION_017,PARA_FARE_CALCULATION_16_1,T2_MEDIUM_V1,fare_query,CALCULATE_FARE,Please tell: सेंट थॉमस माउंट से आलंदूर तक का मेट्रो का टोकन किराया कितना रुपया है? (किराया F17) #2,hi,Deva,CS0,N0,"{""origin"": ""सेंट थॉमस माउंट"", ""destination"": ""आलंदूर"", ""fare_type"": ""टोकन"", ""transport_mode"": ""मेट्रो""}","{""origin_id"": ""METRO_ST__THOMAS_MOUNT"", ""destination_id"": ""METRO_ARIGNAR_ANNA_ALANDUR""}",ANSWERABLE_NOW,template_instantiation,TMPL_FARE_CALCULATION_HI_DEVA_16
PILOT_T2_TR_002500,,SFAM_SERVICE_FREQUENCY_019,FAM_SERVICE_FREQUENCY_019,PARA_SERVICE_FREQUENCY_18_0,T2_MEDIUM_V1,service_timing,GET_SERVICE_FREQUENCY,How many minutes between trains on the line connecting Kilpauk and Koyambedu? [freq F19],en,Latn,CS0,N0,"{""origin"": ""Kilpauk"", ""destination"": ""Koyambedu"", ""timing_type"": ""frequency"", ""transport_mode"": ""metro""}","{""origin_id"": ""METRO_KILPAUK"", ""destination_id"": ""METRO_KOYAMBEDU""}",ANSWERABLE_NOW,template_instantiation,TMPL_SERVICE_FREQUENCY_EN_18
PILOT_T2_TR_002501,,SFAM_INTERCHANGE_TRANSFER_020,FAM_INTERCHANGE_TRANSFER_020,PARA_INTERCHANGE_TRANSFER_19_0,T2_MEDIUM_V1,interchange_query,GET_INTERCHANGE_DETAILS,Transit query: How do I switch lines to connect towards Vadapalani at Pachaiyappa College interchange? [xfer F20] #5,en,Latn,CS0,N0,"{""station"": ""Pachaiyappa College"", ""destination"": ""Vadapalani"", ""facility_type"": ""interchange""}","{""station_id"": ""METRO_PACHAIYAPPA_S_COLLEGE"", ""destination_id"": ""METRO_VADAPALANI""}",ANSWERABLE_AFTER_MANUAL_VERIFICATION,template_instantiation,TMPL_INTERCHANGE_TRANSFER_EN_19
PILOT_T2_TR_002502,,SFAM_REALTIME_STATUS_QUERY_011,FAM_REALTIME_STATUS_QUERY_011,PARA_REALTIME_STATUS_QUERY_10_0,T2_MEDIUM_V1,realtime_status_query,REJECT_UNSUPPORTED_REALTIME,Quick check: Where is bus 11 R right now and what is its live location? [live F11] #4,en,Latn,CS0,N0,"{""route_number"": ""11 R"", ""transport_mode"": ""bus""}","{""route_id"": ""GTFS_ROUTE_23728""}",REQUIRES_REALTIME_DATA,template_instantiation,TMPL_REALTIME_STATUS_QUERY_EN_10
PILOT_T2_TR_002503,,SFAM_INTERCHANGE_TRANSFER_015,FAM_INTERCHANGE_TRANSFER_015,PARA_INTERCHANGE_TRANSFER_14_3,T2_MEDIUM_V1,interchange_query,GET_INTERCHANGE_DETAILS,Transfer walking time and directions at Little Mount multimodal terminal (F15),hi-en,Latn,CS3,N0,"{""station"": ""Little Mount"", ""facility_type"": ""interchange""}","{""station_id"": ""METRO_LITTLE_MOUNT""}",ANSWERABLE_AFTER_MANUAL_VERIFICATION,template_instantiation,TMPL_INTERCHANGE_TRANSFER_HINGLISH_LATN_14
PILOT_T2_TR_002504,,SFAM_FARE_CALCULATION_004,FAM_FARE_CALCULATION_004,PARA_FARE_CALCULATION_3_0,T2_MEDIUM_V1,fare_query,CALCULATE_FARE,"Hello assistant, What is the single-journey ticket fare from Alandur to Egmore on metro? [fare F4] #7",en,Latn,CS0,N1,"{""origin"": ""Alandur"", ""destination"": ""Egmore"", ""fare_type"": ""token"", ""transport_mode"": ""metro""}","{""origin_id"": ""METRO_ARIGNAR_ANNA_ALANDUR"", ""destination_id"": ""METRO_EGMORE""}",ANSWERABLE_NOW,template_instantiation,TMPL_FARE_CALCULATION_EN_3
PILOT_T2_TR_002505,,SFAM_STATION_ACCESSIBILITY_004,FAM_STATION_ACCESSIBILITY_004,PARA_STATION_ACCESSIBILITY_3_1,T2_MEDIUM_V1,accessibility,GET_ACCESSIBILITY_INFO,क्या आलंदूर स्टेशन पर दिव्यांग यात्रियों के लिए एस्केलेटर उपलब्ध है? (सुलभता F4),hi,Deva,CS0,N0,"{""station"": ""आलंदूर"", ""accessibility_feature"": ""escalator"", ""transport_mode"": ""मेट्रो""}","{""station_id"": ""METRO_ARIGNAR_ANNA_ALANDUR""}",ANSWERABLE_NOW,template_instantiation,TMPL_STATION_ACCESSIBILITY_HI_DEVA_3
PILOT_T2_TR_002506,,SFAM_FARE_CALCULATION_001,FAM_FARE_CALCULATION_001,PARA_FARE_CALCULATION_0_3,T2_MEDIUM_V1,fare_query,CALCULATE_FARE,Please tell: Calculate fare for travel between Airport and High Court stations (F1) #2,hi-en,Latn,CS3,N0,"{""origin"": ""Airport"", ""destination"": ""High Court"", ""transport_mode"": ""metro""}","{""origin_id"": ""METRO_CHENNAI_INTERNATIONAL_AIRPORT"", ""destination_id"": ""METRO_HIGHCOURT""}",ANSWERABLE_NOW,template_instantiation,TMPL_FARE_CALCULATION_HINGLISH_LATN_0
PILOT_T2_TR_002507,,SFAM_STATION_ACCESSIBILITY_013,FAM_STATION_ACCESSIBILITY_013,PARA_STATION_ACCESSIBILITY_12_0,T2_MEDIUM_V1,accessibility,GET_ACCESSIBILITY_INFO,Are wheelchair ramp provisions available for differently abled passengers at Wimco Nagar Depot? [a11y F13],en,Latn,CS0,N0,"{""station"": ""Wimco Nagar Depot"", ""accessibility_feature"": ""wheelchair"", ""transport_mode"": ""metro""}","{""station_id"": ""METRO_WIMCO_NAGAR""}",ANSWERABLE_NOW,template_instantiation,TMPL_STATION_ACCESSIBILITY_EN_12
PILOT_T2_TR_002508,,SFAM_NEAREST_TRANSPORT_011,FAM_NEAREST_TRANSPORT_011,PARA_NEAREST_TRANSPORT_10_0,T2_MEDIUM_V1,nearest_transport,FIND_NEAREST_STATION,Could you specify Which is the nearest metro station or transit stop to Marina Beach? [loc F11]? #3,en,Latn,CS0,N0,"{""landmark"": ""Marina Beach"", ""transport_mode"": ""metro""}","{""place_id"": ""OSM_POI_12137617372""}",ANSWERABLE_NOW,template_instantiation,TMPL_NEAREST_TRANSPORT_EN_10
PILOT_T2_TR_002509,,SFAM_TICKETING_AND_PASSES_012,FAM_TICKETING_AND_PASSES_012,PARA_TICKETING_AND_PASSES_11_3,T2_MEDIUM_V1,ticketing_rules,GET_TICKETING_POLICY,Quick check: How can regular passengers apply for and renew National Common Mobility Card (F12)? #4,hi-en,Latn,CS3,N0,"{""ticket_type"": ""ncmc_card"", ""transport_mode"": ""transit""}",{},ANSWERABLE_NOW,template_instantiation,TMPL_TICKETING_AND_PASSES_HINGLISH_LATN_11
PILOT_T2_TR_002510,,SFAM_REALTIME_STATUS_QUERY_013,FAM_REALTIME_STATUS_QUERY_013,PARA_REALTIME_STATUS_QUERY_12_0,T2_MEDIUM_V1,realtime_status_query,REJECT_UNSUPPORTED_REALTIME,Could you specify Where is bus 15 CT8 right now and what is its live location? [live F13]? #3,en,Latn,CS0,N0,"{""route_number"": ""15 CT8"", ""transport_mode"": ""bus""}","{""route_id"": ""GTFS_ROUTE_20494""}",REQUIRES_REALTIME_DATA,template_instantiation,TMPL_REALTIME_STATUS_QUERY_EN_12
PILOT_T2_TR_002511,,SFAM_SERVICE_FREQUENCY_008,FAM_SERVICE_FREQUENCY_008,PARA_SERVICE_FREQUENCY_7_4,T2_MEDIUM_V1,service_timing,GET_SERVICE_FREQUENCY,High Court से Little Mount trains kitni frequency se run karti hain interval F8,hi-en,Deva+Latn,CS4,N0,"{""origin"": ""High Court"", ""destination"": ""Little Mount"", ""timing_type"": ""frequency"", ""transport_mode"": ""metro""}","{""origin_id"": ""METRO_HIGHCOURT"", ""destination_id"": ""METRO_LITTLE_MOUNT""}",ANSWERABLE_NOW,template_instantiation,TMPL_SERVICE_FREQUENCY_MIXED_SCRIPT_CS_7
PILOT_T2_TR_002512,,SFAM_TICKETING_AND_PASSES_019,FAM_TICKETING_AND_PASSES_019,PARA_TICKETING_AND_PASSES_18_0,T2_MEDIUM_V1,ticketing_rules,GET_TICKETING_POLICY,"Excuse me, What are the rules and procedure to purchase a Monthly Season Pass for commuters? [pass F19] #6",en,Latn,CS0,N0,"{""ticket_type"": ""monthly_pass"", ""transport_mode"": ""transit""}",{},ANSWERABLE_NOW,template_instantiation,TMPL_TICKETING_AND_PASSES_EN_18
PILOT_T2_TR_002513,,SFAM_STATION_FACILITIES_016,FAM_STATION_FACILITIES_016,PARA_STATION_FACILITIES_15_3,T2_MEDIUM_V1,station_facilities,GET_STATION_FACILITY,Could you specify Does Saidapet station premises include operational bicycle parking stand (F16)?? #3,hi-en,Latn,CS3,N0,"{""station"": ""Saidapet"", ""facility_type"": ""bicycle_stand"", ""transport_mode"": ""metro""}","{""station_id"": ""METRO_SAIDAPET""}",ANSWERABLE_NOW,template_instantiation,TMPL_STATION_FACILITIES_HINGLISH_LATN_15
PILOT_T2_TR_002514,,SFAM_REALTIME_STATUS_QUERY_017,FAM_REALTIME_STATUS_QUERY_017,PARA_REALTIME_STATUS_QUERY_16_3,T2_MEDIUM_V1,realtime_status_query,REJECT_UNSUPPORTED_REALTIME,Please tell: Live crowd density and train arrival countdown at St. Thomas Mount right now (F17) #2,hi-en,Latn,CS3,N0,"{""station"": ""St. Thomas Mount"", ""transport_mode"": ""metro""}","{""station_id"": ""METRO_ST__THOMAS_MOUNT""}",REQUIRES_REALTIME_DATA,template_instantiation,TMPL_REALTIME_STATUS_QUERY_HINGLISH_LATN_16
PILOT_T2_TR_002515,,SFAM_NEAREST_TRANSPORT_013,FAM_NEAREST_TRANSPORT_013,PARA_NEAREST_TRANSPORT_12_3,T2_MEDIUM_V1,nearest_transport,FIND_NEAREST_STATION,Please tell: Find closest public transport access point near Great Lakes Institute (F13) #2,hi-en,Latn,CS3,N0,"{""landmark"": ""Great Lakes Institute"", ""transport_mode"": ""public transport""}","{""place_id"": ""OSM_POI_577328882""}",ANSWERABLE_NOW,template_instantiation,TMPL_NEAREST_TRANSPORT_HINGLISH_LATN_12
PILOT_T2_TR_002516,,SFAM_MODE_AVAILABILITY_011,FAM_MODE_AVAILABILITY_011,PARA_MODE_AVAILABILITY_10_0,T2_MEDIUM_V1,service_availability,CHECK_SERVICE_AVAILABILITY,"Excuse me, Are there direct public transport options from Egmore to Kalpakkam? [avail F11] #6",en,Latn,CS0,N0,"{""origin"": ""Egmore"", ""destination"": ""Kalpakkam"", ""transport_mode"": ""any""}","{""origin_id"": ""METRO_EGMORE"", ""destination_id"": ""BUS_30143150""}",ANSWERABLE_WITH_PROVISIONAL_DATA,template_instantiation,TMPL_MODE_AVAILABILITY_EN_10
PILOT_T2_TR_002517,,SFAM_NEAREST_TRANSPORT_020,FAM_NEAREST_TRANSPORT_020,PARA_NEAREST_TRANSPORT_19_1,T2_MEDIUM_V1,nearest_transport,FIND_NEAREST_STATION,Please tell: पडलम अस्पताल के सबसे निकटतम मेट्रो स्टेशन या बस स्टॉप कौन सा है? (निकट F20) #2,hi,Deva,CS0,N0,"{""landmark"": ""पडलम अस्पताल"", ""transport_mode"": ""मेट्रो या बस""}","{""place_id"": ""OSM_POI_7257518724""}",ANSWERABLE_NOW,template_instantiation,TMPL_NEAREST_TRANSPORT_HI_DEVA_19
PILOT_T2_TR_002518,,SFAM_STATION_ACCESSIBILITY_020,FAM_STATION_ACCESSIBILITY_020,PARA_STATION_ACCESSIBILITY_19_0,T2_MEDIUM_V1,accessibility,GET_ACCESSIBILITY_INFO,Are escalator stairs provisions available for differently abled passengers at Pachaiyappa College? [a11y F20],en,Latn,CS0,N0,"{""station"": ""Pachaiyappa College"", ""accessibility_feature"": ""escalator"", ""transport_mode"": ""metro""}","{""station_id"": ""METRO_PACHAIYAPPA_S_COLLEGE""}",ANSWERABLE_NOW,template_instantiation,TMPL_STATION_ACCESSIBILITY_EN_19
PILOT_T2_TR_002519,,SFAM_INTERCHANGE_TRANSFER_019,FAM_INTERCHANGE_TRANSFER_019,PARA_INTERCHANGE_TRANSFER_18_3,T2_MEDIUM_V1,interchange_query,GET_INTERCHANGE_DETAILS,"Excuse me, Transfer walking time and directions at Kilpauk multimodal terminal (F19) #6",hi-en,Latn,CS3,N1,"{""station"": ""Kilpauk"", ""facility_type"": ""interchange""}","{""station_id"": ""METRO_KILPAUK""}",ANSWERABLE_AFTER_MANUAL_VERIFICATION,template_instantiation,TMPL_INTERCHANGE_TRANSFER_HINGLISH_LATN_18
PILOT_T2_TR_002520,,SFAM_OUT_OF_SCOPE_003,FAM_OUT_OF_SCOPE_003,PARA_OUT_OF_SCOPE_2_0,T2_MEDIUM_V1,out_of_scope,REJECT_OUT_OF_SCOPE,Quick check: Book a private cab taxi ride from Guindy to Anna Nagar Tower. [cab F3] #4,en,Latn,CS0,N0,"{""origin"": ""Guindy"", ""destination"": ""Anna Nagar Tower""}","{""origin_id"": ""METRO_GUINDY"", ""destination_id"": ""METRO_ANNA_NAGAR_TOWER""}",OUT_OF_SCOPE,template_instantiation,TMPL_OUT_OF_SCOPE_EN_2
PILOT_T2_TR_002521,,SFAM_REALTIME_STATUS_QUERY_014,FAM_REALTIME_STATUS_QUERY_014,PARA_REALTIME_STATUS_QUERY_13_1,T2_MEDIUM_V1,realtime_status_query,REJECT_UNSUPPORTED_REALTIME,"Excuse me, क्या वॉशरमैनपेट से आने वाली ट्रेन अभी लेट चल रही है लाइव स्थिति बताएं? (ताज़ा F14) #6",hi,Deva,CS0,N0,"{""origin"": ""वॉशरमैनपेट"", ""transport_mode"": ""ट्रेन""}","{""origin_id"": ""METRO_WASHERMENPET""}",REQUIRES_REALTIME_DATA,template_instantiation,TMPL_REALTIME_STATUS_QUERY_HI_DEVA_13
PILOT_T2_TR_002522,,SFAM_INTERCHANGE_TRANSFER_008,FAM_INTERCHANGE_TRANSFER_008,PARA_INTERCHANGE_TRANSFER_7_3,T2_MEDIUM_V1,interchange_query,GET_INTERCHANGE_DETAILS,Please tell: Transfer walking time and directions at High Court multimodal terminal (F8) #2,hi-en,Latn,CS3,N0,"{""station"": ""High Court"", ""facility_type"": ""interchange""}","{""station_id"": ""METRO_HIGHCOURT""}",ANSWERABLE_AFTER_MANUAL_VERIFICATION,template_instantiation,TMPL_INTERCHANGE_TRANSFER_HINGLISH_LATN_7
PILOT_T2_TR_002523,,SFAM_OUT_OF_SCOPE_006,FAM_OUT_OF_SCOPE_006,PARA_OUT_OF_SCOPE_5_4,T2_MEDIUM_V1,out_of_scope,REJECT_OUT_OF_SCOPE,Please tell: Koyambedu ke pass hotel reservation aur movie ticket booking service F6 #2,hi-en,Deva+Latn,CS4,N0,"{""station"": ""Koyambedu""}","{""station_id"": ""METRO_KOYAMBEDU""}",OUT_OF_SCOPE,template_instantiation,TMPL_OUT_OF_SCOPE_MIXED_SCRIPT_CS_5
PILOT_T2_TR_002524,,SFAM_INTERCHANGE_TRANSFER_012,FAM_INTERCHANGE_TRANSFER_012,PARA_INTERCHANGE_TRANSFER_11_4,T2_MEDIUM_V1,interchange_query,GET_INTERCHANGE_DETAILS,Please tell: Thousand Lights interchange par line switch connection point details check F12 #2,hi-en,Deva+Latn,CS4,N0,"{""station"": ""Thousand Lights"", ""facility_type"": ""interchange""}","{""station_id"": ""METRO_THOUSAND_LIGHTS""}",ANSWERABLE_AFTER_MANUAL_VERIFICATION,template_instantiation,TMPL_INTERCHANGE_TRANSFER_MIXED_SCRIPT_CS_11
PILOT_T2_TR_002525,,SFAM_STATION_ACCESSIBILITY_004,FAM_STATION_ACCESSIBILITY_004,PARA_STATION_ACCESSIBILITY_3_0,T2_MEDIUM_V1,accessibility,GET_ACCESSIBILITY_INFO,Transit query: Are escalator stairs provisions available for differently abled passengers at Alandur? [a11y F4] #5,en,Latn,CS0,N0,"{""station"": ""Alandur"", ""accessibility_feature"": ""escalator"", ""transport_mode"": ""metro""}","{""station_id"": ""METRO_ARIGNAR_ANNA_ALANDUR""}",ANSWERABLE_NOW,template_instantiation,TMPL_STATION_ACCESSIBILITY_EN_3
PILOT_T2_TR_002526,,SFAM_STATION_FACILITIES_013,FAM_STATION_FACILITIES_013,PARA_STATION_FACILITIES_12_4,T2_MEDIUM_V1,station_facilities,GET_STATION_FACILITY,क्या Wimco Nagar Depot station par passengers ke liye car parking accessible hai F13,hi-en,Deva+Latn,CS4,N0,"{""station"": ""Wimco Nagar Depot"", ""facility_type"": ""parking"", ""transport_mode"": ""metro""}","{""station_id"": ""METRO_WIMCO_NAGAR""}",ANSWERABLE_NOW,template_instantiation,TMPL_STATION_FACILITIES_MIXED_SCRIPT_CS_12
PILOT_T2_TR_002527,,SFAM_STATION_FACILITIES_018,FAM_STATION_FACILITIES_018,PARA_STATION_FACILITIES_17_1,T2_MEDIUM_V1,station_facilities,GET_STATION_FACILITY,क्या नेहरू पार्क मेट्रो स्टेशन पर बाइक पार्किंग की व्यवस्था उपलब्ध है? (सुविधा F18),hi,Deva,CS0,N1,"{""station"": ""नेहरू पार्क"", ""facility_type"": ""two_wheeler_parking"", ""transport_mode"": ""मेट्रो""}","{""station_id"": ""METRO_NEHRU_PARK""}",ANSWERABLE_NOW,template_instantiation,TMPL_STATION_FACILITIES_HI_DEVA_17
PILOT_T2_TR_002528,,SFAM_MULTIMODAL_ROUTE_010,FAM_MULTIMODAL_ROUTE_010,PARA_MULTIMODAL_ROUTE_9_0,T2_MEDIUM_V1,route_query,PLAN_MULTIMODAL_ROUTE,Please tell: What is the combined bus and metro route from Karunguzhi to St. Thomas Mount? [plan F10] #2,en,Latn,CS0,N0,"{""origin"": ""Karunguzhi"", ""destination"": ""St. Thomas Mount"", ""transport_mode"": ""multimodal""}","{""origin_id"": ""BUS_5274698920"", ""destination_id"": ""METRO_ST__THOMAS_MOUNT""}",ANSWERABLE_WITH_PROVISIONAL_DATA,template_instantiation,TMPL_MULTIMODAL_ROUTE_EN_9
PILOT_T2_TR_002529,,SFAM_OUT_OF_SCOPE_020,FAM_OUT_OF_SCOPE_020,PARA_OUT_OF_SCOPE_19_0,T2_MEDIUM_V1,out_of_scope,REJECT_OUT_OF_SCOPE,Could you specify Book a private cab taxi ride from Pachaiyappa College to Vadapalani. [cab F20]? #3,en,Latn,CS0,N0,"{""origin"": ""Pachaiyappa College"", ""destination"": ""Vadapalani""}","{""origin_id"": ""METRO_PACHAIYAPPA_S_COLLEGE"", ""destination_id"": ""METRO_VADAPALANI""}",OUT_OF_SCOPE,template_instantiation,TMPL_OUT_OF_SCOPE_EN_19
PILOT_T2_TR_002530,,SFAM_STATION_ACCESSIBILITY_009,FAM_STATION_ACCESSIBILITY_009,PARA_STATION_ACCESSIBILITY_8_2,T2_MEDIUM_V1,accessibility,GET_ACCESSIBILITY_INFO,Please tell: kya thirumangalam metro station me wheelchair disabled ke liye wheelchair accessibility hai? [barrier-free F9] #2,hi,Latn,CS0,N1,"{""station"": ""thirumangalam"", ""accessibility_feature"": ""wheelchair"", ""transport_mode"": ""metro""}","{""station_id"": ""METRO_THIRUMANGALAM""}",ANSWERABLE_NOW,template_instantiation,TMPL_STATION_ACCESSIBILITY_HI_LATN_8
PILOT_T2_TR_002531,,SFAM_FARE_CALCULATION_004,FAM_FARE_CALCULATION_004,PARA_FARE_CALCULATION_3_4,T2_MEDIUM_V1,fare_query,CALCULATE_FARE,Could you specify Alandur से Egmore metro travel ka discounted smart card fare kya hai F4? #3,hi-en,Deva+Latn,CS4,N1,"{""origin"": ""Alandur"", ""destination"": ""Egmore"", ""ticket_type"": ""smart_card"", ""transport_mode"": ""metro""}","{""origin_id"": ""METRO_ARIGNAR_ANNA_ALANDUR"", ""destination_id"": ""METRO_EGMORE""}",ANSWERABLE_NOW,template_instantiation,TMPL_FARE_CALCULATION_MIXED_SCRIPT_CS_3
PILOT_T2_TR_002532,,SFAM_ROUTE_STOP_SEQUENCE_004,FAM_ROUTE_STOP_SEQUENCE_004,PARA_ROUTE_STOP_SEQUENCE_3_0,T2_MEDIUM_V1,route_stops,LIST_ROUTE_STOPS,List every intermediate stop along route 570 in order. [seq F4],en,Latn,CS0,N0,"{""route_number"": ""570"", ""transport_mode"": ""bus""}","{""route_id"": ""GTFS_ROUTE_17967""}",ANSWERABLE_WITH_PROVISIONAL_DATA,template_instantiation,TMPL_ROUTE_STOP_SEQUENCE_EN_3
PILOT_T2_TR_002533,,SFAM_FARE_CALCULATION_017,FAM_FARE_CALCULATION_017,PARA_FARE_CALCULATION_16_3,T2_MEDIUM_V1,fare_query,CALCULATE_FARE,Quick check: Calculate fare for travel between St. Thomas Mount and Alandur stations (F17) #4,hi-en,Latn,CS3,N0,"{""origin"": ""St. Thomas Mount"", ""destination"": ""Alandur"", ""transport_mode"": ""metro""}","{""origin_id"": ""METRO_ST__THOMAS_MOUNT"", ""destination_id"": ""METRO_ARIGNAR_ANNA_ALANDUR""}",ANSWERABLE_NOW,template_instantiation,TMPL_FARE_CALCULATION_HINGLISH_LATN_16
PILOT_T2_TR_002534,,SFAM_NEAREST_TRANSPORT_009,FAM_NEAREST_TRANSPORT_009,PARA_NEAREST_TRANSPORT_8_4,T2_MEDIUM_V1,nearest_transport,FIND_NEAREST_STATION,Please tell: Karpaga Institute ke pass nearest metro stop connection distance bataye F9 #2,hi-en,Deva+Latn,CS4,N0,"{""landmark"": ""Karpaga Institute"", ""transport_mode"": ""metro""}","{""place_id"": ""OSM_POI_3082849503""}",ANSWERABLE_NOW,template_instantiation,TMPL_NEAREST_TRANSPORT_MIXED_SCRIPT_CS_8
PILOT_T2_TR_002535,,SFAM_MULTIMODAL_ROUTE_020,FAM_MULTIMODAL_ROUTE_020,PARA_MULTIMODAL_ROUTE_19_4,T2_MEDIUM_V1,route_query,PLAN_MULTIMODAL_ROUTE,Velachery से Vadapalani multimodal transit connection kaise le plan F20,hi-en,Deva+Latn,CS4,N2,"{""origin"": ""Velachery"", ""destination"": ""Vadapalani"", ""transport_mode"": ""multimodal""}","{""origin_id"": ""BUS_1764308008"", ""destination_id"": ""METRO_VADAPALANI""}",ANSWERABLE_WITH_PROVISIONAL_DATA,template_instantiation,TMPL_MULTIMODAL_ROUTE_MIXED_SCRIPT_CS_19
PILOT_T2_TR_002536,,SFAM_INTERCHANGE_TRANSFER_013,FAM_INTERCHANGE_TRANSFER_013,PARA_INTERCHANGE_TRANSFER_12_1,T2_MEDIUM_V1,interchange_query,GET_INTERCHANGE_DETAILS,Could you specify विमको नगर इंटरचेंज पर दूसरी लाइन में ट्रांसफर करने का मार्ग क्या है? (बदलाव F13)? #3,hi,Deva,CS0,N0,"{""station"": ""विमको नगर"", ""facility_type"": ""इंटरचेंज""}","{""station_id"": ""METRO_WIMCO_NAGAR""}",ANSWERABLE_AFTER_MANUAL_VERIFICATION,template_instantiation,TMPL_INTERCHANGE_TRANSFER_HI_DEVA_12
PILOT_T2_TR_002537,,SFAM_MULTIMODAL_ROUTE_013,FAM_MULTIMODAL_ROUTE_013,PARA_MULTIMODAL_ROUTE_12_2,T2_MEDIUM_V1,route_query,PLAN_MULTIMODAL_ROUTE,nelvoy se pachaiyappa college bus aur metro switch karke shortest transit kya hai? [opt F13],hi,Latn,CS0,N1,"{""origin"": ""nelvoy"", ""destination"": ""pachaiyappa college"", ""transport_mode"": ""bus aur metro""}","{""origin_id"": ""BUS_469106564"", ""destination_id"": ""METRO_PACHAIYAPPA_S_COLLEGE""}",ANSWERABLE_WITH_PROVISIONAL_DATA,template_instantiation,TMPL_MULTIMODAL_ROUTE_HI_LATN_12
PILOT_T2_TR_002538,,SFAM_TICKETING_AND_PASSES_011,FAM_TICKETING_AND_PASSES_011,PARA_TICKETING_AND_PASSES_10_1,T2_MEDIUM_V1,ticketing_rules,GET_TICKETING_POLICY,Transit query: यात्रियों के लिए छात्र रियायती पास प्राप्त करने के नियम और प्रक्रिया क्या हैं? (पास F11) #5,hi,Deva,CS0,N2,"{""ticket_type"": ""student_pass"", ""transport_mode"": ""पारगमन""}",{},ANSWERABLE_NOW,template_instantiation,TMPL_TICKETING_AND_PASSES_HI_DEVA_10
PILOT_T2_TR_002539,,SFAM_NEAREST_TRANSPORT_014,FAM_NEAREST_TRANSPORT_014,PARA_NEAREST_TRANSPORT_13_3,T2_MEDIUM_V1,nearest_transport,FIND_NEAREST_STATION,Please tell: Find closest public transport access point near Maritime Institute (F14) #2,hi-en,Latn,CS3,N0,"{""landmark"": ""Maritime Institute"", ""transport_mode"": ""public transport""}","{""place_id"": ""OSM_POI_314081186""}",ANSWERABLE_NOW,template_instantiation,TMPL_NEAREST_TRANSPORT_HINGLISH_LATN_13
PILOT_T2_TR_002540,,SFAM_FARE_CALCULATION_005,FAM_FARE_CALCULATION_005,PARA_FARE_CALCULATION_4_0,T2_MEDIUM_V1,fare_query,CALCULATE_FARE,"Hello assistant, What is the single-journey ticket fare from CMBT to Thousand Lights on metro? [fare F5] #7",en,Latn,CS0,N1,"{""origin"": ""CMBT"", ""destination"": ""Thousand Lights"", ""fare_type"": ""token"", ""transport_mode"": ""metro""}","{""origin_id"": ""METRO_PURATCHI_THALAIVI_DR_J_JAYALALITHAA_CMBT"", ""destination_id"": ""METRO_THOUSAND_LIGHTS""}",ANSWERABLE_NOW,template_instantiation,TMPL_FARE_CALCULATION_EN_4
PILOT_T2_TR_002541,,SFAM_SCHEDULED_DEPARTURE_017,FAM_SCHEDULED_DEPARTURE_017,PARA_SCHEDULED_DEPARTURE_16_3,T2_MEDIUM_V1,service_timing,GET_SCHEDULED_DEPARTURES,Please tell: St. Thomas Mount station se kal 8 baje train schedule kya hoga (F17) #2,hi-en,Latn,CS3,N1,"{""origin"": ""St. Thomas Mount"", ""temporal_relative"": ""kal"", ""resolved_temporal_offset"": ""UNRESOLVED_TEMPORAL_AMBIGUITY"", ""time"": ""8 baje"", ""temporal_ambiguity"": true, ""dual_candidates"": [""08:00:00"", ""20:00:00""]}","{""origin_id"": ""METRO_ST__THOMAS_MOUNT""}",ANSWERABLE_NOW,template_instantiation,TMPL_SCHEDULED_DEPARTURE_HINGLISH_LATN_16
PILOT_T2_TR_002542,,SFAM_STATION_ACCESSIBILITY_016,FAM_STATION_ACCESSIBILITY_016,PARA_STATION_ACCESSIBILITY_15_0,T2_MEDIUM_V1,accessibility,GET_ACCESSIBILITY_INFO,"Excuse me, Are escalator stairs provisions available for differently abled passengers at Saidapet? [a11y F16] #6",en,Latn,CS0,N0,"{""station"": ""Saidapet"", ""accessibility_feature"": ""escalator"", ""transport_mode"": ""metro""}","{""station_id"": ""METRO_SAIDAPET""}",ANSWERABLE_NOW,template_instantiation,TMPL_STATION_ACCESSIBILITY_EN_15
PILOT_T2_TR_002543,,SFAM_FARE_CALCULATION_015,FAM_FARE_CALCULATION_015,PARA_FARE_CALCULATION_14_4,T2_MEDIUM_V1,fare_query,CALCULATE_FARE,Little Mount से Chennai Central metro travel ka discounted smart card fare kya hai F15,hi-en,Deva+Latn,CS4,N0,"{""origin"": ""Little Mount"", ""destination"": ""Chennai Central"", ""ticket_type"": ""smart_card"", ""transport_mode"": ""metro""}","{""origin_id"": ""METRO_LITTLE_MOUNT"", ""destination_id"": ""METRO_PURATCHI_THALAIVAR_DR__M_G_RAMACHANDRAN_CENTRAL""}",ANSWERABLE_NOW,template_instantiation,TMPL_FARE_CALCULATION_MIXED_SCRIPT_CS_14
PILOT_T2_TR_002544,,SFAM_MODE_AVAILABILITY_011,FAM_MODE_AVAILABILITY_011,PARA_MODE_AVAILABILITY_10_1,T2_MEDIUM_V1,service_availability,CHECK_SERVICE_AVAILABILITY,क्या एग्मोर से कलपक्कम के लिए कोई सार्वजनिक बस या ट्रेन उपलब्ध है? (उपलब्धता F11),hi,Deva,CS0,N1,"{""origin"": ""एग्मोर"", ""destination"": ""कलपक्कम"", ""transport_mode"": ""सार्वजनिक बस या ट्रेन""}","{""origin_id"": ""METRO_EGMORE"", ""destination_id"": ""BUS_30143150""}",ANSWERABLE_WITH_PROVISIONAL_DATA,template_instantiation,TMPL_MODE_AVAILABILITY_HI_DEVA_10
PILOT_T2_TR_002545,,SFAM_ROUTE_STOP_SEQUENCE_003,FAM_ROUTE_STOP_SEQUENCE_003,PARA_ROUTE_STOP_SEQUENCE_2_2,T2_MEDIUM_V1,route_stops,LIST_ROUTE_STOPS,Please tell: Route 102A bus ke sare consecutive stops ki list check kare. [line F3] #2,hi,Latn,CS0,N0,"{""route_number"": ""102A"", ""transport_mode"": ""bus""}","{""route_id"": ""GTFS_ROUTE_10248""}",ANSWERABLE_WITH_PROVISIONAL_DATA,template_instantiation,TMPL_ROUTE_STOP_SEQUENCE_HI_LATN_2
PILOT_T2_TR_002546,,SFAM_NEAREST_TRANSPORT_014,FAM_NEAREST_TRANSPORT_014,PARA_NEAREST_TRANSPORT_13_1,T2_MEDIUM_V1,nearest_transport,FIND_NEAREST_STATION,Could you specify मैरीटाइम संस्थान के सबसे निकटतम मेट्रो स्टेशन या बस स्टॉप कौन सा है? (निकट F14)? #3,hi,Deva,CS0,N0,"{""landmark"": ""मैरीटाइम संस्थान"", ""transport_mode"": ""मेट्रो या बस""}","{""place_id"": ""OSM_POI_314081186""}",ANSWERABLE_NOW,template_instantiation,TMPL_NEAREST_TRANSPORT_HI_DEVA_13
PILOT_T2_TR_002547,,SFAM_FARE_CALCULATION_011,FAM_FARE_CALCULATION_011,PARA_FARE_CALCULATION_10_0,T2_MEDIUM_V1,fare_query,CALCULATE_FARE,Quick check: What is the single-journey ticket fare from Egmore to Nehru Park on metro? [fare F11] #4,en,Latn,CS0,N0,"{""origin"": ""Egmore"", ""destination"": ""Nehru Park"", ""fare_type"": ""token"", ""transport_mode"": ""metro""}","{""origin_id"": ""METRO_EGMORE"", ""destination_id"": ""METRO_NEHRU_PARK""}",ANSWERABLE_NOW,template_instantiation,TMPL_FARE_CALCULATION_EN_10
PILOT_T2_TR_002548,,SFAM_TICKETING_AND_PASSES_007,FAM_TICKETING_AND_PASSES_007,PARA_TICKETING_AND_PASSES_6_0,T2_MEDIUM_V1,ticketing_rules,GET_TICKETING_POLICY,What are the rules and procedure to purchase a Monthly Season Pass for commuters? [pass F7],en,Latn,CS0,N0,"{""ticket_type"": ""monthly_pass"", ""transport_mode"": ""transit""}",{},ANSWERABLE_NOW,template_instantiation,TMPL_TICKETING_AND_PASSES_EN_6
PILOT_T2_TR_002549,,SFAM_MODE_AVAILABILITY_018,FAM_MODE_AVAILABILITY_018,PARA_MODE_AVAILABILITY_17_3,T2_MEDIUM_V1,service_availability,CHECK_SERVICE_AVAILABILITY,Transit query: Is public transit operational connecting Nehru Park and Broadway (F18)? #5,hi-en,Latn,CS3,N0,"{""origin"": ""Nehru Park"", ""destination"": ""Broadway"", ""transport_mode"": ""public transit""}","{""origin_id"": ""METRO_NEHRU_PARK"", ""destination_id"": ""BUS_27618346""}",ANSWERABLE_WITH_PROVISIONAL_DATA,template_instantiation,TMPL_MODE_AVAILABILITY_HINGLISH_LATN_17
PILOT_T2_TR_002550,,SFAM_FARE_CALCULATION_013,FAM_FARE_CALCULATION_013,PARA_FARE_CALCULATION_12_3,T2_MEDIUM_V1,fare_query,CALCULATE_FARE,Calculate fare for travel between Wimco Nagar Depot and Pachaiyappa College stations (F13),hi-en,Latn,CS3,N0,"{""origin"": ""Wimco Nagar Depot"", ""destination"": ""Pachaiyappa College"", ""transport_mode"": ""metro""}","{""origin_id"": ""METRO_WIMCO_NAGAR"", ""destination_id"": ""METRO_PACHAIYAPPA_S_COLLEGE""}",ANSWERABLE_NOW,template_instantiation,TMPL_FARE_CALCULATION_HINGLISH_LATN_12
PILOT_T2_TR_002551,,SFAM_SERVICE_FREQUENCY_020,FAM_SERVICE_FREQUENCY_020,PARA_SERVICE_FREQUENCY_19_1,T2_MEDIUM_V1,service_timing,GET_SERVICE_FREQUENCY,पचैयप्पा कॉलेज और वडपलनी के बीच मेट्रो हर कितने मिनट के अंतराल पर चलती है? (आवृत्ति F20),hi,Deva,CS0,N0,"{""origin"": ""पचैयप्पा कॉलेज"", ""destination"": ""वडपलनी"", ""timing_type"": ""frequency"", ""transport_mode"": ""मेट्रो""}","{""origin_id"": ""METRO_PACHAIYAPPA_S_COLLEGE"", ""destination_id"": ""METRO_VADAPALANI""}",ANSWERABLE_NOW,template_instantiation,TMPL_SERVICE_FREQUENCY_HI_DEVA_19
PILOT_T2_TR_002552,,SFAM_OUT_OF_SCOPE_009,FAM_OUT_OF_SCOPE_009,PARA_OUT_OF_SCOPE_8_2,T2_MEDIUM_V1,out_of_scope,REJECT_OUT_OF_SCOPE,thirumangalam airport terminal ke flight delay timings check kijiye. [bahar F9],hi,Latn,CS0,N0,"{""station"": ""thirumangalam""}","{""station_id"": ""METRO_THIRUMANGALAM""}",OUT_OF_SCOPE,template_instantiation,TMPL_OUT_OF_SCOPE_HI_LATN_8
PILOT_T2_TR_002553,,SFAM_FARE_CALCULATION_017,FAM_FARE_CALCULATION_017,PARA_FARE_CALCULATION_16_1,T2_MEDIUM_V1,fare_query,CALCULATE_FARE,"Excuse me, सेंट थॉमस माउंट से आलंदूर तक का मेट्रो का टोकन किराया कितना रुपया है? (किराया F17) #6",hi,Deva,CS0,N0,"{""origin"": ""सेंट थॉमस माउंट"", ""destination"": ""आलंदूर"", ""fare_type"": ""टोकन"", ""transport_mode"": ""मेट्रो""}","{""origin_id"": ""METRO_ST__THOMAS_MOUNT"", ""destination_id"": ""METRO_ARIGNAR_ANNA_ALANDUR""}",ANSWERABLE_NOW,template_instantiation,TMPL_FARE_CALCULATION_HI_DEVA_16
PILOT_T2_TR_002554,,SFAM_SERVICE_FREQUENCY_011,FAM_SERVICE_FREQUENCY_011,PARA_SERVICE_FREQUENCY_10_0,T2_MEDIUM_V1,service_timing,GET_SERVICE_FREQUENCY,How many minutes between trains on the line connecting Egmore and Nehru Park? [freq F11],en,Latn,CS0,N0,"{""origin"": ""Egmore"", ""destination"": ""Nehru Park"", ""timing_type"": ""frequency"", ""transport_mode"": ""metro""}","{""origin_id"": ""METRO_EGMORE"", ""destination_id"": ""METRO_NEHRU_PARK""}",ANSWERABLE_NOW,template_instantiation,TMPL_SERVICE_FREQUENCY_EN_10
PILOT_T2_TR_002555,,SFAM_STATION_FACILITIES_010,FAM_STATION_FACILITIES_010,PARA_STATION_FACILITIES_9_0,T2_MEDIUM_V1,station_facilities,GET_STATION_FACILITY,"Excuse me, Is two-wheeler bike parking facility available at Anna Nagar Tower metro station? [fac F10] #6",en,Latn,CS0,N0,"{""station"": ""Anna Nagar Tower"", ""facility_type"": ""two_wheeler_parking"", ""transport_mode"": ""metro""}","{""station_id"": ""METRO_ANNA_NAGAR_TOWER""}",ANSWERABLE_NOW,template_instantiation,TMPL_STATION_FACILITIES_EN_9
PILOT_T2_TR_002556,,SFAM_NEAREST_TRANSPORT_010,FAM_NEAREST_TRANSPORT_010,PARA_NEAREST_TRANSPORT_9_1,T2_MEDIUM_V1,nearest_transport,FIND_NEAREST_STATION,Transit query: पडलम अस्पताल के सबसे निकटतम मेट्रो स्टेशन या बस स्टॉप कौन सा है? (निकट F10) #5,hi,Deva,CS0,N2,"{""landmark"": ""पडलम अस्पताल"", ""transport_mode"": ""मेट्रो या बस""}","{""place_id"": ""OSM_POI_7257518724""}",ANSWERABLE_NOW,template_instantiation,TMPL_NEAREST_TRANSPORT_HI_DEVA_9
PILOT_T2_TR_002557,,SFAM_STATION_ACCESSIBILITY_010,FAM_STATION_ACCESSIBILITY_010,PARA_STATION_ACCESSIBILITY_9_0,T2_MEDIUM_V1,accessibility,GET_ACCESSIBILITY_INFO,Could you specify Are passenger elevator lift provisions available for differently abled passengers at Anna Nagar Tower? [a11y F10]? #3,en,Latn,CS0,N0,"{""station"": ""Anna Nagar Tower"", ""accessibility_feature"": ""lift"", ""transport_mode"": ""metro""}","{""station_id"": ""METRO_ANNA_NAGAR_TOWER""}",ANSWERABLE_NOW,template_instantiation,TMPL_STATION_ACCESSIBILITY_EN_9
PILOT_T2_TR_002558,,SFAM_FARE_CALCULATION_017,FAM_FARE_CALCULATION_017,PARA_FARE_CALCULATION_16_2,T2_MEDIUM_V1,fare_query,CALCULATE_FARE,st thomas mount se alandur metro ride ka standard ticket cost kitna hoga? [kiraya F17],hi,Latn,CS0,N0,"{""origin"": ""st thomas mount"", ""destination"": ""alandur"", ""transport_mode"": ""metro""}","{""origin_id"": ""METRO_ST__THOMAS_MOUNT"", ""destination_id"": ""METRO_ARIGNAR_ANNA_ALANDUR""}",ANSWERABLE_NOW,template_instantiation,TMPL_FARE_CALCULATION_HI_LATN_16
PILOT_T2_TR_002559,,SFAM_STATION_ACCESSIBILITY_002,FAM_STATION_ACCESSIBILITY_002,PARA_STATION_ACCESSIBILITY_1_2,T2_MEDIUM_V1,accessibility,GET_ACCESSIBILITY_INFO,kya chennai central metro station me wheelchair disabled ke liye passenger lift hai? [barrier-free F2],hi,Latn,CS0,N0,"{""station"": ""chennai central"", ""accessibility_feature"": ""lift"", ""transport_mode"": ""metro""}","{""station_id"": ""METRO_PURATCHI_THALAIVAR_DR__M_G_RAMACHANDRAN_CENTRAL""}",ANSWERABLE_NOW,template_instantiation,TMPL_STATION_ACCESSIBILITY_HI_LATN_1
PILOT_T2_TR_002560,,SFAM_OUT_OF_SCOPE_015,FAM_OUT_OF_SCOPE_015,PARA_OUT_OF_SCOPE_14_1,T2_MEDIUM_V1,out_of_scope,REJECT_OUT_OF_SCOPE,"Excuse me, लिटिल माउंट के निकटतम सबसे अच्छे रेस्टोरेंट और भोजनालय की सूची दें। (बाहर F15) #6",hi,Deva,CS0,N0,"{""station"": ""लिटिल माउंट""}","{""station_id"": ""METRO_LITTLE_MOUNT""}",OUT_OF_SCOPE,template_instantiation,TMPL_OUT_OF_SCOPE_HI_DEVA_14
PILOT_T2_TR_002561,,SFAM_STATION_ACCESSIBILITY_010,FAM_STATION_ACCESSIBILITY_010,PARA_STATION_ACCESSIBILITY_9_3,T2_MEDIUM_V1,accessibility,GET_ACCESSIBILITY_INFO,"Excuse me, Verification of accessible passenger elevator lift support at Anna Nagar Tower metro (F10) #6",hi-en,Latn,CS3,N2,"{""station"": ""Anna Nagar Tower"", ""accessibility_feature"": ""lift"", ""transport_mode"": ""metro""}","{""station_id"": ""METRO_ANNA_NAGAR_TOWER""}",ANSWERABLE_NOW,template_instantiation,TMPL_STATION_ACCESSIBILITY_HINGLISH_LATN_9
PILOT_T2_TR_002562,,SFAM_MODE_AVAILABILITY_007,FAM_MODE_AVAILABILITY_007,PARA_MODE_AVAILABILITY_6_1,T2_MEDIUM_V1,service_availability,CHECK_SERVICE_AVAILABILITY,Could you specify क्या वडपलनी से तिरुवान्मियूर के लिए कोई सार्वजनिक बस या ट्रेन उपलब्ध है? (उपलब्धता F7)? #3,hi,Deva,CS0,N0,"{""origin"": ""वडपलनी"", ""destination"": ""तिरुवान्मियूर"", ""transport_mode"": ""सार्वजनिक बस या ट्रेन""}","{""origin_id"": ""METRO_VADAPALANI"", ""destination_id"": ""BUS_3247310920""}",ANSWERABLE_WITH_PROVISIONAL_DATA,template_instantiation,TMPL_MODE_AVAILABILITY_HI_DEVA_6
PILOT_T2_TR_002563,,SFAM_STATION_FACILITIES_002,FAM_STATION_FACILITIES_002,PARA_STATION_FACILITIES_1_4,T2_MEDIUM_V1,station_facilities,GET_STATION_FACILITY,Please tell: क्या Chennai Central station par passengers ke liye two-wheeler bike parking accessible hai F2 #2,hi-en,Deva+Latn,CS4,N0,"{""station"": ""Chennai Central"", ""facility_type"": ""two_wheeler_parking"", ""transport_mode"": ""metro""}","{""station_id"": ""METRO_PURATCHI_THALAIVAR_DR__M_G_RAMACHANDRAN_CENTRAL""}",ANSWERABLE_NOW,template_instantiation,TMPL_STATION_FACILITIES_MIXED_SCRIPT_CS_1
PILOT_T2_TR_002564,,SFAM_STATION_FACILITIES_020,FAM_STATION_FACILITIES_020,PARA_STATION_FACILITIES_19_0,T2_MEDIUM_V1,station_facilities,GET_STATION_FACILITY,Transit query: Is bicycle parking stand facility available at Pachaiyappa College metro station? [fac F20] #5,en,Latn,CS0,N0,"{""station"": ""Pachaiyappa College"", ""facility_type"": ""bicycle_stand"", ""transport_mode"": ""metro""}","{""station_id"": ""METRO_PACHAIYAPPA_S_COLLEGE""}",ANSWERABLE_NOW,template_instantiation,TMPL_STATION_FACILITIES_EN_19
PILOT_T2_TR_002565,,SFAM_STATION_ACCESSIBILITY_013,FAM_STATION_ACCESSIBILITY_013,PARA_STATION_ACCESSIBILITY_12_0,T2_MEDIUM_V1,accessibility,GET_ACCESSIBILITY_INFO,Quick check: Are wheelchair ramp provisions available for differently abled passengers at Wimco Nagar Depot? [a11y F13] #4,en,Latn,CS0,N0,"{""station"": ""Wimco Nagar Depot"", ""accessibility_feature"": ""wheelchair"", ""transport_mode"": ""metro""}","{""station_id"": ""METRO_WIMCO_NAGAR""}",ANSWERABLE_NOW,template_instantiation,TMPL_STATION_ACCESSIBILITY_EN_12
PILOT_T2_TR_002566,,SFAM_NEAREST_TRANSPORT_004,FAM_NEAREST_TRANSPORT_004,PARA_NEAREST_TRANSPORT_3_3,T2_MEDIUM_V1,nearest_transport,FIND_NEAREST_STATION,"Hello assistant, Find closest public transport access point near Maritime Institute (F4) #7",hi-en,Latn,CS3,N0,"{""landmark"": ""Maritime Institute"", ""transport_mode"": ""public transport""}","{""place_id"": ""OSM_POI_314081186""}",ANSWERABLE_NOW,template_instantiation,TMPL_NEAREST_TRANSPORT_HINGLISH_LATN_3
PILOT_T2_TR_002567,,SFAM_STATION_FACILITIES_009,FAM_STATION_FACILITIES_009,PARA_STATION_FACILITIES_8_3,T2_MEDIUM_V1,station_facilities,GET_STATION_FACILITY,Could you specify Does Thirumangalam station premises include operational car parking (F9)?? #3,hi-en,Latn,CS3,N0,"{""station"": ""Thirumangalam"", ""facility_type"": ""parking"", ""transport_mode"": ""metro""}","{""station_id"": ""METRO_THIRUMANGALAM""}",ANSWERABLE_NOW,template_instantiation,TMPL_STATION_FACILITIES_HINGLISH_LATN_8
PILOT_T2_TR_002568,,SFAM_INTERCHANGE_TRANSFER_013,FAM_INTERCHANGE_TRANSFER_013,PARA_INTERCHANGE_TRANSFER_12_2,T2_MEDIUM_V1,interchange_query,GET_INTERCHANGE_DETAILS,wimco nagar depot hub par metro line change karke pachaiyappa college kaise jaye? [platform F13],hi,Latn,CS0,N0,"{""station"": ""wimco nagar depot"", ""destination"": ""pachaiyappa college"", ""facility_type"": ""interchange""}","{""station_id"": ""METRO_WIMCO_NAGAR"", ""destination_id"": ""METRO_PACHAIYAPPA_S_COLLEGE""}",ANSWERABLE_AFTER_MANUAL_VERIFICATION,template_instantiation,TMPL_INTERCHANGE_TRANSFER_HI_LATN_12
PILOT_T2_TR_002569,,SFAM_STATION_ACCESSIBILITY_005,FAM_STATION_ACCESSIBILITY_005,PARA_STATION_ACCESSIBILITY_4_1,T2_MEDIUM_V1,accessibility,GET_ACCESSIBILITY_INFO,Please tell: क्या सीएमबीटी स्टेशन पर दिव्यांग यात्रियों के लिए व्हीलचेयर रैंप उपलब्ध है? (सुलभता F5) #2,hi,Deva,CS0,N0,"{""station"": ""सीएमबीटी"", ""accessibility_feature"": ""wheelchair"", ""transport_mode"": ""मेट्रो""}","{""station_id"": ""METRO_PURATCHI_THALAIVI_DR_J_JAYALALITHAA_CMBT""}",ANSWERABLE_NOW,template_instantiation,TMPL_STATION_ACCESSIBILITY_HI_DEVA_4
PILOT_T2_TR_002570,,SFAM_MODE_AVAILABILITY_003,FAM_MODE_AVAILABILITY_003,PARA_MODE_AVAILABILITY_2_1,T2_MEDIUM_V1,service_availability,CHECK_SERVICE_AVAILABILITY,Transit query: क्या गिंडी से अडयार के लिए कोई सार्वजनिक बस या ट्रेन उपलब्ध है? (उपलब्धता F3) #5,hi,Deva,CS0,N0,"{""origin"": ""गिंडी"", ""destination"": ""अडयार"", ""transport_mode"": ""सार्वजनिक बस या ट्रेन""}","{""origin_id"": ""METRO_GUINDY"", ""destination_id"": ""BUS_2587520213""}",ANSWERABLE_WITH_PROVISIONAL_DATA,template_instantiation,TMPL_MODE_AVAILABILITY_HI_DEVA_2
PILOT_T2_TR_002571,,SFAM_ROUTE_STOP_SEQUENCE_018,FAM_ROUTE_STOP_SEQUENCE_018,PARA_ROUTE_STOP_SEQUENCE_17_4,T2_MEDIUM_V1,route_stops,LIST_ROUTE_STOPS,Route 102A bus के सभी stops ka sequence display karein data F18,hi-en,Deva+Latn,CS4,N0,"{""route_number"": ""102A"", ""transport_mode"": ""bus""}","{""route_id"": ""GTFS_ROUTE_10248""}",ANSWERABLE_WITH_PROVISIONAL_DATA,template_instantiation,TMPL_ROUTE_STOP_SEQUENCE_MIXED_SCRIPT_CS_17
PILOT_T2_TR_002572,,SFAM_MULTIMODAL_ROUTE_013,FAM_MULTIMODAL_ROUTE_013,PARA_MULTIMODAL_ROUTE_12_0,T2_MEDIUM_V1,route_query,PLAN_MULTIMODAL_ROUTE,Please tell: What is the combined bus and metro route from Nelvoy to Pachaiyappa College? [plan F13] #2,en,Latn,CS0,N0,"{""origin"": ""Nelvoy"", ""destination"": ""Pachaiyappa College"", ""transport_mode"": ""multimodal""}","{""origin_id"": ""BUS_469106564"", ""destination_id"": ""METRO_PACHAIYAPPA_S_COLLEGE""}",ANSWERABLE_WITH_PROVISIONAL_DATA,template_instantiation,TMPL_MULTIMODAL_ROUTE_EN_12
PILOT_T2_TR_002573,,SFAM_ROUTE_STOP_MEMBERSHIP_007,FAM_ROUTE_STOP_MEMBERSHIP_007,PARA_ROUTE_STOP_MEMBERSHIP_6_3,T2_MEDIUM_V1,route_stops,CHECK_STOP_ON_ROUTE,Verify if Thiruvanmiyur bus stop is covered by route 19B (F7),hi-en,Latn,CS3,N0,"{""route_number"": ""19B"", ""stop"": ""Thiruvanmiyur"", ""transport_mode"": ""bus""}","{""route_id"": ""GTFS_ROUTE_10696"", ""stop_id"": ""BUS_3247310920""}",ANSWERABLE_WITH_PROVISIONAL_DATA,template_instantiation,TMPL_ROUTE_STOP_MEMBERSHIP_HINGLISH_LATN_6
PILOT_T2_TR_002574,,SFAM_STATION_ACCESSIBILITY_002,FAM_STATION_ACCESSIBILITY_002,PARA_STATION_ACCESSIBILITY_1_4,T2_MEDIUM_V1,accessibility,GET_ACCESSIBILITY_INFO,Please tell: Chennai Central station par handicapped passengers ke liye passenger elevator lift support status F2 #2,hi-en,Deva+Latn,CS4,N0,"{""station"": ""Chennai Central"", ""accessibility_feature"": ""lift"", ""transport_mode"": ""metro""}","{""station_id"": ""METRO_PURATCHI_THALAIVAR_DR__M_G_RAMACHANDRAN_CENTRAL""}",ANSWERABLE_NOW,template_instantiation,TMPL_STATION_ACCESSIBILITY_MIXED_SCRIPT_CS_1
PILOT_T2_TR_002575,,SFAM_REALTIME_STATUS_QUERY_002,FAM_REALTIME_STATUS_QUERY_002,PARA_REALTIME_STATUS_QUERY_1_2,T2_MEDIUM_V1,realtime_status_query,REJECT_UNSUPPORTED_REALTIME,Could you specify Bus 102 ka real time current gps location update kahan pahuncha? [track F2]? #3,hi,Latn,CS0,N0,"{""route_number"": ""102"", ""transport_mode"": ""bus""}","{""route_id"": ""GTFS_ROUTE_16861""}",REQUIRES_REALTIME_DATA,template_instantiation,TMPL_REALTIME_STATUS_QUERY_HI_LATN_1
PILOT_T2_TR_002576,,SFAM_NEAREST_TRANSPORT_017,FAM_NEAREST_TRANSPORT_017,PARA_NEAREST_TRANSPORT_16_3,T2_MEDIUM_V1,nearest_transport,FIND_NEAREST_STATION,Quick check: Find closest public transport access point near Mother Child Hospital (F17) #4,hi-en,Latn,CS3,N0,"{""landmark"": ""Mother Child Hospital"", ""transport_mode"": ""public transport""}","{""place_id"": ""OSM_POI_7257518731""}",ANSWERABLE_NOW,template_instantiation,TMPL_NEAREST_TRANSPORT_HINGLISH_LATN_16
PILOT_T2_TR_002577,,SFAM_MULTIMODAL_ROUTE_015,FAM_MULTIMODAL_ROUTE_015,PARA_MULTIMODAL_ROUTE_14_3,T2_MEDIUM_V1,route_query,PLAN_MULTIMODAL_ROUTE,Please tell: Can you give combined bus and train route from Bus stand to Chennai Central (F15)? #2,hi-en,Latn,CS3,N0,"{""origin"": ""Bus stand"", ""destination"": ""Chennai Central"", ""transport_mode"": ""bus and train""}","{""origin_id"": ""BUS_5300484122"", ""destination_id"": ""METRO_PURATCHI_THALAIVAR_DR__M_G_RAMACHANDRAN_CENTRAL""}",ANSWERABLE_WITH_PROVISIONAL_DATA,template_instantiation,TMPL_MULTIMODAL_ROUTE_HINGLISH_LATN_14
PILOT_T2_TR_002578,,SFAM_STATION_ACCESSIBILITY_010,FAM_STATION_ACCESSIBILITY_010,PARA_STATION_ACCESSIBILITY_9_1,T2_MEDIUM_V1,accessibility,GET_ACCESSIBILITY_INFO,क्या अन्ना नगर टावर स्टेशन पर दिव्यांग यात्रियों के लिए यात्री लिफ्ट उपलब्ध है? (सुलभता F10),hi,Deva,CS0,N1,"{""station"": ""अन्ना नगर टावर"", ""accessibility_feature"": ""lift"", ""transport_mode"": ""मेट्रो""}","{""station_id"": ""METRO_ANNA_NAGAR_TOWER""}",ANSWERABLE_NOW,template_instantiation,TMPL_STATION_ACCESSIBILITY_HI_DEVA_9
PILOT_T2_TR_002579,,SFAM_TICKETING_AND_PASSES_016,FAM_TICKETING_AND_PASSES_016,PARA_TICKETING_AND_PASSES_15_0,T2_MEDIUM_V1,ticketing_rules,GET_TICKETING_POLICY,Transit query: What are the rules and procedure to purchase a Tourist One-Day Pass for commuters? [pass F16] #5,en,Latn,CS0,N0,"{""ticket_type"": ""tourist_card"", ""transport_mode"": ""transit""}",{},ANSWERABLE_NOW,template_instantiation,TMPL_TICKETING_AND_PASSES_EN_15
PILOT_T2_TR_002580,,SFAM_NEAREST_TRANSPORT_009,FAM_NEAREST_TRANSPORT_009,PARA_NEAREST_TRANSPORT_8_3,T2_MEDIUM_V1,nearest_transport,FIND_NEAREST_STATION,Could you specify Find closest public transport access point near Karpaga Institute (F9)? #3,hi-en,Latn,CS3,N0,"{""landmark"": ""Karpaga Institute"", ""transport_mode"": ""public transport""}","{""place_id"": ""OSM_POI_3082849503""}",ANSWERABLE_NOW,template_instantiation,TMPL_NEAREST_TRANSPORT_HINGLISH_LATN_8
PILOT_T2_TR_002581,,SFAM_FARE_CALCULATION_015,FAM_FARE_CALCULATION_015,PARA_FARE_CALCULATION_14_3,T2_MEDIUM_V1,fare_query,CALCULATE_FARE,Transit query: Calculate fare for travel between Little Mount and Chennai Central stations (F15) #5,hi-en,Latn,CS3,N1,"{""origin"": ""Little Mount"", ""destination"": ""Chennai Central"", ""transport_mode"": ""metro""}","{""origin_id"": ""METRO_LITTLE_MOUNT"", ""destination_id"": ""METRO_PURATCHI_THALAIVAR_DR__M_G_RAMACHANDRAN_CENTRAL""}",ANSWERABLE_NOW,template_instantiation,TMPL_FARE_CALCULATION_HINGLISH_LATN_14
PILOT_T2_TR_002582,,SFAM_FARE_CALCULATION_011,FAM_FARE_CALCULATION_011,PARA_FARE_CALCULATION_10_2,T2_MEDIUM_V1,fare_query,CALCULATE_FARE,Quick check: egmore se nehru park metro ride ka standard ticket cost kitna hoga? [kiraya F11] #4,hi,Latn,CS0,N0,"{""origin"": ""egmore"", ""destination"": ""nehru park"", ""transport_mode"": ""metro""}","{""origin_id"": ""METRO_EGMORE"", ""destination_id"": ""METRO_NEHRU_PARK""}",ANSWERABLE_NOW,template_instantiation,TMPL_FARE_CALCULATION_HI_LATN_10
PILOT_T2_TR_002583,,SFAM_TICKETING_AND_PASSES_012,FAM_TICKETING_AND_PASSES_012,PARA_TICKETING_AND_PASSES_11_0,T2_MEDIUM_V1,ticketing_rules,GET_TICKETING_POLICY,"Excuse me, What are the rules and procedure to purchase a National Common Mobility Card for commuters? [pass F12] #6",en,Latn,CS0,N0,"{""ticket_type"": ""ncmc_card"", ""transport_mode"": ""transit""}",{},ANSWERABLE_NOW,template_instantiation,TMPL_TICKETING_AND_PASSES_EN_11
PILOT_T2_TR_002584,,SFAM_OUT_OF_SCOPE_001,FAM_OUT_OF_SCOPE_001,PARA_OUT_OF_SCOPE_0_2,T2_MEDIUM_V1,out_of_scope,REJECT_OUT_OF_SCOPE,Please tell: airport airport terminal ke flight delay timings check kijiye. [bahar F1] #2,hi,Latn,CS0,N0,"{""station"": ""airport""}","{""station_id"": ""METRO_CHENNAI_INTERNATIONAL_AIRPORT""}",OUT_OF_SCOPE,template_instantiation,TMPL_OUT_OF_SCOPE_HI_LATN_0
PILOT_T2_TR_002585,,SFAM_NEAREST_TRANSPORT_010,FAM_NEAREST_TRANSPORT_010,PARA_NEAREST_TRANSPORT_9_3,T2_MEDIUM_V1,nearest_transport,FIND_NEAREST_STATION,Transit query: Find closest public transport access point near Padalam Hospital (F10) #5,hi-en,Latn,CS3,N1,"{""landmark"": ""Padalam Hospital"", ""transport_mode"": ""public transport""}","{""place_id"": ""OSM_POI_7257518724""}",ANSWERABLE_NOW,template_instantiation,TMPL_NEAREST_TRANSPORT_HINGLISH_LATN_9
PILOT_T2_TR_002586,,SFAM_OUT_OF_SCOPE_015,FAM_OUT_OF_SCOPE_015,PARA_OUT_OF_SCOPE_14_4,T2_MEDIUM_V1,out_of_scope,REJECT_OUT_OF_SCOPE,Little Mount ke pass hotel reservation aur movie ticket booking service F15,hi-en,Deva+Latn,CS4,N0,"{""station"": ""Little Mount""}","{""station_id"": ""METRO_LITTLE_MOUNT""}",OUT_OF_SCOPE,template_instantiation,TMPL_OUT_OF_SCOPE_MIXED_SCRIPT_CS_14
PILOT_T2_TR_002587,,SFAM_NEAREST_TRANSPORT_009,FAM_NEAREST_TRANSPORT_009,PARA_NEAREST_TRANSPORT_8_0,T2_MEDIUM_V1,nearest_transport,FIND_NEAREST_STATION,Which is the nearest metro station or transit stop to Karpaga Institute? [loc F9],en,Latn,CS0,N0,"{""landmark"": ""Karpaga Institute"", ""transport_mode"": ""metro""}","{""place_id"": ""OSM_POI_3082849503""}",ANSWERABLE_NOW,template_instantiation,TMPL_NEAREST_TRANSPORT_EN_8
PILOT_T2_TR_002588,,SFAM_NEAREST_TRANSPORT_017,FAM_NEAREST_TRANSPORT_017,PARA_NEAREST_TRANSPORT_16_2,T2_MEDIUM_V1,nearest_transport,FIND_NEAREST_STATION,Please tell: mother child hospital se closest walking distance metro transit point kaunsa hai? [paas F17] #2,hi,Latn,CS0,N1,"{""landmark"": ""mother child hospital"", ""transport_mode"": ""metro""}","{""place_id"": ""OSM_POI_7257518731""}",ANSWERABLE_NOW,template_instantiation,TMPL_NEAREST_TRANSPORT_HI_LATN_16
PILOT_T2_TR_002589,,SFAM_POINT_TO_POINT_ROUTE_019,FAM_POINT_TO_POINT_ROUTE_019,PARA_POINT_TO_POINT_ROUTE_18_3,T2_MEDIUM_V1,route_query,PLAN_ROUTE,Could you specify Kilpauk to Koyambedu metro ride ka best direct route bataiye (F19)? #3,hi-en,Latn,CS3,N0,"{""origin"": ""Kilpauk"", ""destination"": ""Koyambedu"", ""transport_mode"": ""metro""}","{""origin_id"": ""METRO_KILPAUK"", ""destination_id"": ""METRO_KOYAMBEDU""}",ANSWERABLE_WITH_PROVISIONAL_DATA,template_instantiation,TMPL_POINT_TO_POINT_ROUTE_HINGLISH_LATN_18
PILOT_T2_TR_002590,,SFAM_STATION_ACCESSIBILITY_003,FAM_STATION_ACCESSIBILITY_003,PARA_STATION_ACCESSIBILITY_2_4,T2_MEDIUM_V1,accessibility,GET_ACCESSIBILITY_INFO,Please tell: Guindy station par handicapped passengers ke liye tactile floor paths support status F3 #2,hi-en,Deva+Latn,CS4,N0,"{""station"": ""Guindy"", ""accessibility_feature"": ""tactile_path"", ""transport_mode"": ""metro""}","{""station_id"": ""METRO_GUINDY""}",ANSWERABLE_NOW,template_instantiation,TMPL_STATION_ACCESSIBILITY_MIXED_SCRIPT_CS_2
PILOT_T2_TR_002591,,SFAM_NEAREST_TRANSPORT_003,FAM_NEAREST_TRANSPORT_003,PARA_NEAREST_TRANSPORT_2_3,T2_MEDIUM_V1,nearest_transport,FIND_NEAREST_STATION,Could you specify Find closest public transport access point near Great Lakes Institute (F3)? #3,hi-en,Latn,CS3,N1,"{""landmark"": ""Great Lakes Institute"", ""transport_mode"": ""public transport""}","{""place_id"": ""OSM_POI_577328882""}",ANSWERABLE_NOW,template_instantiation,TMPL_NEAREST_TRANSPORT_HINGLISH_LATN_2
PILOT_T2_TR_002592,,SFAM_TICKETING_AND_PASSES_018,FAM_TICKETING_AND_PASSES_018,PARA_TICKETING_AND_PASSES_17_2,T2_MEDIUM_V1,ticketing_rules,GET_TICKETING_POLICY,Please tell: ncmc card recharge karne ka guidelines aur validity rule bataye. [card F18] #2,hi,Latn,CS0,N1,"{""ticket_type"": ""ncmc_card"", ""transport_mode"": ""transit""}",{},ANSWERABLE_NOW,template_instantiation,TMPL_TICKETING_AND_PASSES_HI_LATN_17
PILOT_T2_TR_002593,,SFAM_TICKETING_AND_PASSES_005,FAM_TICKETING_AND_PASSES_005,PARA_TICKETING_AND_PASSES_4_3,T2_MEDIUM_V1,ticketing_rules,GET_TICKETING_POLICY,Transit query: How can regular passengers apply for and renew Student Concession Card (F5)? #5,hi-en,Latn,CS3,N0,"{""ticket_type"": ""student_pass"", ""transport_mode"": ""transit""}",{},ANSWERABLE_NOW,template_instantiation,TMPL_TICKETING_AND_PASSES_HINGLISH_LATN_4
PILOT_T2_TR_002594,,SFAM_ROUTE_STOP_SEQUENCE_011,FAM_ROUTE_STOP_SEQUENCE_011,PARA_ROUTE_STOP_SEQUENCE_10_0,T2_MEDIUM_V1,route_stops,LIST_ROUTE_STOPS,Please tell: List every intermediate stop along route 11 R in order. [seq F11] #2,en,Latn,CS0,N0,"{""route_number"": ""11 R"", ""transport_mode"": ""bus""}","{""route_id"": ""GTFS_ROUTE_23728""}",ANSWERABLE_WITH_PROVISIONAL_DATA,template_instantiation,TMPL_ROUTE_STOP_SEQUENCE_EN_10
PILOT_T2_TR_002595,,SFAM_STATION_FACILITIES_019,FAM_STATION_FACILITIES_019,PARA_STATION_FACILITIES_18_2,T2_MEDIUM_V1,station_facilities,GET_STATION_FACILITY,kya kilpauk station par passenger ev charging station service available hai? [amenity F19],hi,Latn,CS0,N0,"{""station"": ""kilpauk"", ""facility_type"": ""ev_charging"", ""transport_mode"": ""metro""}","{""station_id"": ""METRO_KILPAUK""}",ANSWERABLE_NOW,template_instantiation,TMPL_STATION_FACILITIES_HI_LATN_18
PILOT_T2_TR_002596,,SFAM_TICKETING_AND_PASSES_020,FAM_TICKETING_AND_PASSES_020,PARA_TICKETING_AND_PASSES_19_1,T2_MEDIUM_V1,ticketing_rules,GET_TICKETING_POLICY,यात्रियों के लिए स्मार्ट कार्ड प्राप्त करने के नियम और प्रक्रिया क्या हैं? (पास F20),hi,Deva,CS0,N1,"{""ticket_type"": ""smart_card"", ""transport_mode"": ""पारगमन""}",{},ANSWERABLE_NOW,template_instantiation,TMPL_TICKETING_AND_PASSES_HI_DEVA_19
PILOT_T2_TR_002597,,SFAM_FARE_CALCULATION_003,FAM_FARE_CALCULATION_003,PARA_FARE_CALCULATION_2_1,T2_MEDIUM_V1,fare_query,CALCULATE_FARE,Transit query: गिंडी से अन्ना नगर टावर तक का मेट्रो का टोकन किराया कितना रुपया है? (किराया F3) #5,hi,Deva,CS0,N0,"{""origin"": ""गिंडी"", ""destination"": ""अन्ना नगर टावर"", ""fare_type"": ""टोकन"", ""transport_mode"": ""मेट्रो""}","{""origin_id"": ""METRO_GUINDY"", ""destination_id"": ""METRO_ANNA_NAGAR_TOWER""}",ANSWERABLE_NOW,template_instantiation,TMPL_FARE_CALCULATION_HI_DEVA_2
PILOT_T2_TR_002598,,SFAM_TICKETING_AND_PASSES_005,FAM_TICKETING_AND_PASSES_005,PARA_TICKETING_AND_PASSES_4_1,T2_MEDIUM_V1,ticketing_rules,GET_TICKETING_POLICY,यात्रियों के लिए छात्र रियायती पास प्राप्त करने के नियम और प्रक्रिया क्या हैं? (पास F5),hi,Deva,CS0,N0,"{""ticket_type"": ""student_pass"", ""transport_mode"": ""पारगमन""}",{},ANSWERABLE_NOW,template_instantiation,TMPL_TICKETING_AND_PASSES_HI_DEVA_4
PILOT_T2_TR_002599,,SFAM_NEAREST_TRANSPORT_004,FAM_NEAREST_TRANSPORT_004,PARA_NEAREST_TRANSPORT_3_0,T2_MEDIUM_V1,nearest_transport,FIND_NEAREST_STATION,Which is the nearest metro station or transit stop to Maritime Institute? [loc F4],en,Latn,CS0,N0,"{""landmark"": ""Maritime Institute"", ""transport_mode"": ""metro""}","{""place_id"": ""OSM_POI_314081186""}",ANSWERABLE_NOW,template_instantiation,TMPL_NEAREST_TRANSPORT_EN_3
PILOT_T2_TR_002600,,SFAM_OUT_OF_SCOPE_020,FAM_OUT_OF_SCOPE_020,PARA_OUT_OF_SCOPE_19_2,T2_MEDIUM_V1,out_of_scope,REJECT_OUT_OF_SCOPE,Please tell: pachaiyappa college airport terminal ke flight delay timings check kijiye. [bahar F20] #2,hi,Latn,CS0,N1,"{""station"": ""pachaiyappa college""}","{""station_id"": ""METRO_PACHAIYAPPA_S_COLLEGE""}",OUT_OF_SCOPE,template_instantiation,TMPL_OUT_OF_SCOPE_HI_LATN_19
PILOT_T2_TR_002601,,SFAM_ROUTE_STOP_SEQUENCE_012,FAM_ROUTE_STOP_SEQUENCE_012,PARA_ROUTE_STOP_SEQUENCE_11_3,T2_MEDIUM_V1,route_stops,LIST_ROUTE_STOPS,Full stop order details for bus number 22 CT please provide (F12),hi-en,Latn,CS3,N0,"{""route_number"": ""22 CT"", ""transport_mode"": ""bus""}","{""route_id"": ""GTFS_ROUTE_18753""}",ANSWERABLE_WITH_PROVISIONAL_DATA,template_instantiation,TMPL_ROUTE_STOP_SEQUENCE_HINGLISH_LATN_11
PILOT_T2_TR_002602,,SFAM_INTERCHANGE_TRANSFER_007,FAM_INTERCHANGE_TRANSFER_007,PARA_INTERCHANGE_TRANSFER_6_4,T2_MEDIUM_V1,interchange_query,GET_INTERCHANGE_DETAILS,Could you specify Vadapalani interchange par line switch connection point details check F7? #3,hi-en,Deva+Latn,CS4,N0,"{""station"": ""Vadapalani"", ""facility_type"": ""interchange""}","{""station_id"": ""METRO_VADAPALANI""}",ANSWERABLE_AFTER_MANUAL_VERIFICATION,template_instantiation,TMPL_INTERCHANGE_TRANSFER_MIXED_SCRIPT_CS_6
PILOT_T2_TR_002603,,SFAM_FARE_CALCULATION_014,FAM_FARE_CALCULATION_014,PARA_FARE_CALCULATION_13_4,T2_MEDIUM_V1,fare_query,CALCULATE_FARE,Washermenpet से Airport metro travel ka discounted smart card fare kya hai F14,hi-en,Deva+Latn,CS4,N0,"{""origin"": ""Washermenpet"", ""destination"": ""Airport"", ""ticket_type"": ""smart_card"", ""transport_mode"": ""metro""}","{""origin_id"": ""METRO_WASHERMENPET"", ""destination_id"": ""METRO_CHENNAI_INTERNATIONAL_AIRPORT""}",ANSWERABLE_NOW,template_instantiation,TMPL_FARE_CALCULATION_MIXED_SCRIPT_CS_13
PILOT_T2_TR_002604,,SFAM_ROUTE_STOP_SEQUENCE_019,FAM_ROUTE_STOP_SEQUENCE_019,PARA_ROUTE_STOP_SEQUENCE_18_0,T2_MEDIUM_V1,route_stops,LIST_ROUTE_STOPS,Could you specify List every intermediate stop along route 570 in order. [seq F19]? #3,en,Latn,CS0,N0,"{""route_number"": ""570"", ""transport_mode"": ""bus""}","{""route_id"": ""GTFS_ROUTE_17967""}",ANSWERABLE_WITH_PROVISIONAL_DATA,template_instantiation,TMPL_ROUTE_STOP_SEQUENCE_EN_18
PILOT_T2_TR_002605,,SFAM_MULTIMODAL_ROUTE_007,FAM_MULTIMODAL_ROUTE_007,PARA_MULTIMODAL_ROUTE_6_2,T2_MEDIUM_V1,route_query,PLAN_MULTIMODAL_ROUTE,thiruvanmiyur se washermenpet bus aur metro switch karke shortest transit kya hai? [opt F7],hi,Latn,CS0,N1,"{""origin"": ""thiruvanmiyur"", ""destination"": ""washermenpet"", ""transport_mode"": ""bus aur metro""}","{""origin_id"": ""BUS_3247310920"", ""destination_id"": ""METRO_WASHERMENPET""}",ANSWERABLE_WITH_PROVISIONAL_DATA,template_instantiation,TMPL_MULTIMODAL_ROUTE_HI_LATN_6
PILOT_T2_TR_002606,,SFAM_OUT_OF_SCOPE_010,FAM_OUT_OF_SCOPE_010,PARA_OUT_OF_SCOPE_9_0,T2_MEDIUM_V1,out_of_scope,REJECT_OUT_OF_SCOPE,Could you specify Book a private cab taxi ride from Anna Nagar Tower to St. Thomas Mount. [cab F10]? #3,en,Latn,CS0,N0,"{""origin"": ""Anna Nagar Tower"", ""destination"": ""St. Thomas Mount""}","{""origin_id"": ""METRO_ANNA_NAGAR_TOWER"", ""destination_id"": ""METRO_ST__THOMAS_MOUNT""}",OUT_OF_SCOPE,template_instantiation,TMPL_OUT_OF_SCOPE_EN_9
PILOT_T2_TR_002607,,SFAM_FIRST_AND_LAST_SERVICE_001,FAM_FIRST_AND_LAST_SERVICE_001,PARA_FIRST_AND_LAST_SERVICE_0_2,T2_MEDIUM_V1,service_timing,GET_FIRST_LAST_SERVICE,Please tell: airport se high court first morning aur last night metro departure timing batao [samay F1] #2,hi,Latn,CS0,N0,"{""origin"": ""airport"", ""destination"": ""high court"", ""timing_type"": ""first_last"", ""transport_mode"": ""metro""}","{""origin_id"": ""METRO_CHENNAI_INTERNATIONAL_AIRPORT"", ""destination_id"": ""METRO_HIGHCOURT""}",ANSWERABLE_NOW,template_instantiation,TMPL_FIRST_AND_LAST_SERVICE_HI_LATN_0
PILOT_T2_TR_002608,,SFAM_POINT_TO_POINT_ROUTE_005,FAM_POINT_TO_POINT_ROUTE_005,PARA_POINT_TO_POINT_ROUTE_4_2,T2_MEDIUM_V1,route_query,PLAN_ROUTE,cmbt se thousand lights metro se travel kaise kare? [tarika F5],hi,Latn,CS0,N1,"{""origin"": ""cmbt"", ""destination"": ""thousand lights"", ""transport_mode"": ""metro""}","{""origin_id"": ""METRO_PURATCHI_THALAIVI_DR_J_JAYALALITHAA_CMBT"", ""destination_id"": ""METRO_THOUSAND_LIGHTS""}",ANSWERABLE_WITH_PROVISIONAL_DATA,template_instantiation,TMPL_POINT_TO_POINT_ROUTE_HI_LATN_4
PILOT_T2_TR_002609,,SFAM_MODE_AVAILABILITY_013,FAM_MODE_AVAILABILITY_013,PARA_MODE_AVAILABILITY_12_0,T2_MEDIUM_V1,service_availability,CHECK_SERVICE_AVAILABILITY,Transit query: Are there direct public transport options from Wimco Nagar Depot to Nelvoy? [avail F13] #5,en,Latn,CS0,N0,"{""origin"": ""Wimco Nagar Depot"", ""destination"": ""Nelvoy"", ""transport_mode"": ""any""}","{""origin_id"": ""METRO_WIMCO_NAGAR"", ""destination_id"": ""BUS_469106564""}",ANSWERABLE_WITH_PROVISIONAL_DATA,template_instantiation,TMPL_MODE_AVAILABILITY_EN_12
PILOT_T2_TR_002610,,SFAM_STATION_FACILITIES_018,FAM_STATION_FACILITIES_018,PARA_STATION_FACILITIES_17_3,T2_MEDIUM_V1,station_facilities,GET_STATION_FACILITY,Does Nehru Park station premises include operational two-wheeler bike parking (F18)?,hi-en,Latn,CS3,N0,"{""station"": ""Nehru Park"", ""facility_type"": ""two_wheeler_parking"", ""transport_mode"": ""metro""}","{""station_id"": ""METRO_NEHRU_PARK""}",ANSWERABLE_NOW,template_instantiation,TMPL_STATION_FACILITIES_HINGLISH_LATN_17
PILOT_T2_TR_002611,,SFAM_OUT_OF_SCOPE_008,FAM_OUT_OF_SCOPE_008,PARA_OUT_OF_SCOPE_7_2,T2_MEDIUM_V1,out_of_scope,REJECT_OUT_OF_SCOPE,high court airport terminal ke flight delay timings check kijiye. [bahar F8],hi,Latn,CS0,N0,"{""station"": ""high court""}","{""station_id"": ""METRO_HIGHCOURT""}",OUT_OF_SCOPE,template_instantiation,TMPL_OUT_OF_SCOPE_HI_LATN_7
PILOT_T2_TR_002612,,SFAM_FARE_CALCULATION_002,FAM_FARE_CALCULATION_002,PARA_FARE_CALCULATION_1_3,T2_MEDIUM_V1,fare_query,CALCULATE_FARE,"Hello assistant, Calculate fare for travel between Chennai Central and Thirumangalam stations (F2) #7",hi-en,Latn,CS3,N0,"{""origin"": ""Chennai Central"", ""destination"": ""Thirumangalam"", ""transport_mode"": ""metro""}","{""origin_id"": ""METRO_PURATCHI_THALAIVAR_DR__M_G_RAMACHANDRAN_CENTRAL"", ""destination_id"": ""METRO_THIRUMANGALAM""}",ANSWERABLE_NOW,template_instantiation,TMPL_FARE_CALCULATION_HINGLISH_LATN_1
PILOT_T2_TR_002613,,SFAM_OUT_OF_SCOPE_005,FAM_OUT_OF_SCOPE_005,PARA_OUT_OF_SCOPE_4_0,T2_MEDIUM_V1,out_of_scope,REJECT_OUT_OF_SCOPE,Book a private cab taxi ride from CMBT to Thousand Lights. [cab F5],en,Latn,CS0,N0,"{""origin"": ""CMBT"", ""destination"": ""Thousand Lights""}","{""origin_id"": ""METRO_PURATCHI_THALAIVI_DR_J_JAYALALITHAA_CMBT"", ""destination_id"": ""METRO_THOUSAND_LIGHTS""}",OUT_OF_SCOPE,template_instantiation,TMPL_OUT_OF_SCOPE_EN_4
PILOT_T2_TR_002614,,SFAM_ROUTE_STOP_MEMBERSHIP_001,FAM_ROUTE_STOP_MEMBERSHIP_001,PARA_ROUTE_STOP_MEMBERSHIP_0_3,T2_MEDIUM_V1,route_stops,CHECK_STOP_ON_ROUTE,Please tell: Verify if Tambaram bus stop is covered by route 21G (F1) #2,hi-en,Latn,CS3,N0,"{""route_number"": ""21G"", ""stop"": ""Tambaram"", ""transport_mode"": ""bus""}","{""route_id"": ""GTFS_ROUTE_8458"", ""stop_id"": ""BUS_5304399879""}",ANSWERABLE_WITH_PROVISIONAL_DATA,template_instantiation,TMPL_ROUTE_STOP_MEMBERSHIP_HINGLISH_LATN_0
PILOT_T2_TR_002615,,SFAM_INTERCHANGE_TRANSFER_014,FAM_INTERCHANGE_TRANSFER_014,PARA_INTERCHANGE_TRANSFER_13_1,T2_MEDIUM_V1,interchange_query,GET_INTERCHANGE_DETAILS,वॉशरमैनपेट इंटरचेंज पर दूसरी लाइन में ट्रांसफर करने का मार्ग क्या है? (बदलाव F14),hi,Deva,CS0,N1,"{""station"": ""वॉशरमैनपेट"", ""facility_type"": ""इंटरचेंज""}","{""station_id"": ""METRO_WASHERMENPET""}",ANSWERABLE_AFTER_MANUAL_VERIFICATION,template_instantiation,TMPL_INTERCHANGE_TRANSFER_HI_DEVA_13
PILOT_T2_TR_002616,,SFAM_ROUTE_STOP_SEQUENCE_011,FAM_ROUTE_STOP_SEQUENCE_011,PARA_ROUTE_STOP_SEQUENCE_10_1,T2_MEDIUM_V1,route_stops,LIST_ROUTE_STOPS,Could you specify बस रूट 11 R के सभी ठहरावों की क्रमबद्ध सूची दिखाएं। (क्रम F11)? #3,hi,Deva,CS0,N0,"{""route_number"": ""11 R"", ""transport_mode"": ""बस""}","{""route_id"": ""GTFS_ROUTE_23728""}",ANSWERABLE_WITH_PROVISIONAL_DATA,template_instantiation,TMPL_ROUTE_STOP_SEQUENCE_HI_DEVA_10
PILOT_T2_TR_002617,,SFAM_FIRST_AND_LAST_SERVICE_001,FAM_FIRST_AND_LAST_SERVICE_001,PARA_FIRST_AND_LAST_SERVICE_0_3,T2_MEDIUM_V1,service_timing,GET_FIRST_LAST_SERVICE,First train and last train operational hours between Airport and High Court (F1),hi-en,Latn,CS3,N0,"{""origin"": ""Airport"", ""destination"": ""High Court"", ""timing_type"": ""first_last"", ""transport_mode"": ""train""}","{""origin_id"": ""METRO_CHENNAI_INTERNATIONAL_AIRPORT"", ""destination_id"": ""METRO_HIGHCOURT""}",ANSWERABLE_NOW,template_instantiation,TMPL_FIRST_AND_LAST_SERVICE_HINGLISH_LATN_0
PILOT_T2_TR_002618,,SFAM_INTERCHANGE_TRANSFER_013,FAM_INTERCHANGE_TRANSFER_013,PARA_INTERCHANGE_TRANSFER_12_4,T2_MEDIUM_V1,interchange_query,GET_INTERCHANGE_DETAILS,Please tell: Wimco Nagar Depot interchange par line switch connection point details check F13 #2,hi-en,Deva+Latn,CS4,N0,"{""station"": ""Wimco Nagar Depot"", ""facility_type"": ""interchange""}","{""station_id"": ""METRO_WIMCO_NAGAR""}",ANSWERABLE_AFTER_MANUAL_VERIFICATION,template_instantiation,TMPL_INTERCHANGE_TRANSFER_MIXED_SCRIPT_CS_12
PILOT_T2_TR_002619,,SFAM_OUT_OF_SCOPE_005,FAM_OUT_OF_SCOPE_005,PARA_OUT_OF_SCOPE_4_0,T2_MEDIUM_V1,out_of_scope,REJECT_OUT_OF_SCOPE,Quick check: Book a private cab taxi ride from CMBT to Thousand Lights. [cab F5] #4,en,Latn,CS0,N0,"{""origin"": ""CMBT"", ""destination"": ""Thousand Lights""}","{""origin_id"": ""METRO_PURATCHI_THALAIVI_DR_J_JAYALALITHAA_CMBT"", ""destination_id"": ""METRO_THOUSAND_LIGHTS""}",OUT_OF_SCOPE,template_instantiation,TMPL_OUT_OF_SCOPE_EN_4
PILOT_T2_TR_002620,,SFAM_ROUTE_STOP_MEMBERSHIP_001,FAM_ROUTE_STOP_MEMBERSHIP_001,PARA_ROUTE_STOP_MEMBERSHIP_0_1,T2_MEDIUM_V1,route_stops,CHECK_STOP_ON_ROUTE,क्या बस 21G तांबरम स्टॉप पर रुकती है? (जांच F1),hi,Deva,CS0,N0,"{""route_number"": ""21G"", ""stop"": ""तांबरम"", ""transport_mode"": ""बस""}","{""route_id"": ""GTFS_ROUTE_8458"", ""stop_id"": ""BUS_5304399879""}",ANSWERABLE_WITH_PROVISIONAL_DATA,template_instantiation,TMPL_ROUTE_STOP_MEMBERSHIP_HI_DEVA_0
PILOT_T2_TR_002621,,SFAM_INTERCHANGE_TRANSFER_010,FAM_INTERCHANGE_TRANSFER_010,PARA_INTERCHANGE_TRANSFER_9_0,T2_MEDIUM_V1,interchange_query,GET_INTERCHANGE_DETAILS,Quick check: How do I switch lines to connect towards St. Thomas Mount at Anna Nagar Tower interchange? [xfer F10] #4,en,Latn,CS0,N0,"{""station"": ""Anna Nagar Tower"", ""destination"": ""St. Thomas Mount"", ""facility_type"": ""interchange""}","{""station_id"": ""METRO_ANNA_NAGAR_TOWER"", ""destination_id"": ""METRO_ST__THOMAS_MOUNT""}",ANSWERABLE_AFTER_MANUAL_VERIFICATION,template_instantiation,TMPL_INTERCHANGE_TRANSFER_EN_9
PILOT_T2_TR_002622,,SFAM_NEAREST_TRANSPORT_017,FAM_NEAREST_TRANSPORT_017,PARA_NEAREST_TRANSPORT_16_3,T2_MEDIUM_V1,nearest_transport,FIND_NEAREST_STATION,Please tell: Find closest public transport access point near Mother Child Hospital (F17) #2,hi-en,Latn,CS3,N0,"{""landmark"": ""Mother Child Hospital"", ""transport_mode"": ""public transport""}","{""place_id"": ""OSM_POI_7257518731""}",ANSWERABLE_NOW,template_instantiation,TMPL_NEAREST_TRANSPORT_HINGLISH_LATN_16
PILOT_T2_TR_002623,,SFAM_POINT_TO_POINT_ROUTE_001,FAM_POINT_TO_POINT_ROUTE_001,PARA_POINT_TO_POINT_ROUTE_0_3,T2_MEDIUM_V1,route_query,PLAN_ROUTE,Please tell: Airport to High Court metro ride ka best direct route bataiye (F1) #2,hi-en,Latn,CS3,N0,"{""origin"": ""Airport"", ""destination"": ""High Court"", ""transport_mode"": ""metro""}","{""origin_id"": ""METRO_CHENNAI_INTERNATIONAL_AIRPORT"", ""destination_id"": ""METRO_HIGHCOURT""}",ANSWERABLE_WITH_PROVISIONAL_DATA,template_instantiation,TMPL_POINT_TO_POINT_ROUTE_HINGLISH_LATN_0
PILOT_T2_TR_002624,,SFAM_INTERCHANGE_TRANSFER_018,FAM_INTERCHANGE_TRANSFER_018,PARA_INTERCHANGE_TRANSFER_17_4,T2_MEDIUM_V1,interchange_query,GET_INTERCHANGE_DETAILS,Nehru Park interchange par line switch connection point details check F18,hi-en,Deva+Latn,CS4,N2,"{""station"": ""Nehru Park"", ""facility_type"": ""interchange""}","{""station_id"": ""METRO_NEHRU_PARK""}",ANSWERABLE_AFTER_MANUAL_VERIFICATION,template_instantiation,TMPL_INTERCHANGE_TRANSFER_MIXED_SCRIPT_CS_17
PILOT_T2_TR_002625,,SFAM_NEAREST_TRANSPORT_020,FAM_NEAREST_TRANSPORT_020,PARA_NEAREST_TRANSPORT_19_3,T2_MEDIUM_V1,nearest_transport,FIND_NEAREST_STATION,Quick check: Find closest public transport access point near Padalam Hospital (F20) #4,hi-en,Latn,CS3,N0,"{""landmark"": ""Padalam Hospital"", ""transport_mode"": ""public transport""}","{""place_id"": ""OSM_POI_7257518724""}",ANSWERABLE_NOW,template_instantiation,TMPL_NEAREST_TRANSPORT_HINGLISH_LATN_19
PILOT_T2_TR_002626,,SFAM_INTERCHANGE_TRANSFER_007,FAM_INTERCHANGE_TRANSFER_007,PARA_INTERCHANGE_TRANSFER_6_1,T2_MEDIUM_V1,interchange_query,GET_INTERCHANGE_DETAILS,Could you specify वडपलनी इंटरचेंज पर दूसरी लाइन में ट्रांसफर करने का मार्ग क्या है? (बदलाव F7)? #3,hi,Deva,CS0,N0,"{""station"": ""वडपलनी"", ""facility_type"": ""इंटरचेंज""}","{""station_id"": ""METRO_VADAPALANI""}",ANSWERABLE_AFTER_MANUAL_VERIFICATION,template_instantiation,TMPL_INTERCHANGE_TRANSFER_HI_DEVA_6
PILOT_T2_TR_002627,,SFAM_SCHEDULED_DEPARTURE_002,FAM_SCHEDULED_DEPARTURE_002,PARA_SCHEDULED_DEPARTURE_1_0,T2_MEDIUM_V1,service_timing,GET_SCHEDULED_DEPARTURES,Could you specify Show metro departure timetable at bare 8 o'clock from Chennai Central [sched F2]? #3,en,Latn,CS0,N0,"{""origin"": ""Chennai Central"", ""time"": ""8 o'clock"", ""temporal_ambiguity"": true, ""dual_candidates"": [""08:00:00"", ""20:00:00""]}","{""origin_id"": ""METRO_PURATCHI_THALAIVAR_DR__M_G_RAMACHANDRAN_CENTRAL""}",ANSWERABLE_NOW,template_instantiation,TMPL_SCHEDULED_DEPARTURE_EN_1
PILOT_T2_TR_002628,,SFAM_SERVICE_FREQUENCY_011,FAM_SERVICE_FREQUENCY_011,PARA_SERVICE_FREQUENCY_10_2,T2_MEDIUM_V1,service_timing,GET_SERVICE_FREQUENCY,egmore to nehru park metro service ka regular interval headway kya hai? [interval F11],hi,Latn,CS0,N0,"{""origin"": ""egmore"", ""destination"": ""nehru park"", ""timing_type"": ""frequency"", ""transport_mode"": ""metro""}","{""origin_id"": ""METRO_EGMORE"", ""destination_id"": ""METRO_NEHRU_PARK""}",ANSWERABLE_NOW,template_instantiation,TMPL_SERVICE_FREQUENCY_HI_LATN_10
PILOT_T2_TR_002629,,SFAM_OUT_OF_SCOPE_018,FAM_OUT_OF_SCOPE_018,PARA_OUT_OF_SCOPE_17_0,T2_MEDIUM_V1,out_of_scope,REJECT_OUT_OF_SCOPE,Transit query: Book a private cab taxi ride from Nehru Park to CMBT. [cab F18] #5,en,Latn,CS0,N0,"{""origin"": ""Nehru Park"", ""destination"": ""CMBT""}","{""origin_id"": ""METRO_NEHRU_PARK"", ""destination_id"": ""METRO_PURATCHI_THALAIVI_DR_J_JAYALALITHAA_CMBT""}",OUT_OF_SCOPE,template_instantiation,TMPL_OUT_OF_SCOPE_EN_17
PILOT_T2_TR_002630,,SFAM_SERVICE_FREQUENCY_004,FAM_SERVICE_FREQUENCY_004,PARA_SERVICE_FREQUENCY_3_1,T2_MEDIUM_V1,service_timing,GET_SERVICE_FREQUENCY,आलंदूर और एग्मोर के बीच मेट्रो हर कितने मिनट के अंतराल पर चलती है? (आवृत्ति F4),hi,Deva,CS0,N0,"{""origin"": ""आलंदूर"", ""destination"": ""एग्मोर"", ""timing_type"": ""frequency"", ""transport_mode"": ""मेट्रो""}","{""origin_id"": ""METRO_ARIGNAR_ANNA_ALANDUR"", ""destination_id"": ""METRO_EGMORE""}",ANSWERABLE_NOW,template_instantiation,TMPL_SERVICE_FREQUENCY_HI_DEVA_3
PILOT_T2_TR_002631,,SFAM_REALTIME_STATUS_QUERY_003,FAM_REALTIME_STATUS_QUERY_003,PARA_REALTIME_STATUS_QUERY_2_1,T2_MEDIUM_V1,realtime_status_query,REJECT_UNSUPPORTED_REALTIME,"Excuse me, क्या गिंडी से आने वाली ट्रेन अभी लेट चल रही है लाइव स्थिति बताएं? (ताज़ा F3) #6",hi,Deva,CS0,N0,"{""origin"": ""गिंडी"", ""transport_mode"": ""ट्रेन""}","{""origin_id"": ""METRO_GUINDY""}",REQUIRES_REALTIME_DATA,template_instantiation,TMPL_REALTIME_STATUS_QUERY_HI_DEVA_2
PILOT_T2_TR_002632,,SFAM_NEAREST_TRANSPORT_011,FAM_NEAREST_TRANSPORT_011,PARA_NEAREST_TRANSPORT_10_0,T2_MEDIUM_V1,nearest_transport,FIND_NEAREST_STATION,Which is the nearest metro station or transit stop to Marina Beach? [loc F11],en,Latn,CS0,N0,"{""landmark"": ""Marina Beach"", ""transport_mode"": ""metro""}","{""place_id"": ""OSM_POI_12137617372""}",ANSWERABLE_NOW,template_instantiation,TMPL_NEAREST_TRANSPORT_EN_10
PILOT_T2_TR_002633,,SFAM_SERVICE_FREQUENCY_003,FAM_SERVICE_FREQUENCY_003,PARA_SERVICE_FREQUENCY_2_1,T2_MEDIUM_V1,service_timing,GET_SERVICE_FREQUENCY,Please tell: गिंडी और अन्ना नगर टावर के बीच मेट्रो हर कितने मिनट के अंतराल पर चलती है? (आवृत्ति F3) #2,hi,Deva,CS0,N0,"{""origin"": ""गिंडी"", ""destination"": ""अन्ना नगर टावर"", ""timing_type"": ""frequency"", ""transport_mode"": ""मेट्रो""}","{""origin_id"": ""METRO_GUINDY"", ""destination_id"": ""METRO_ANNA_NAGAR_TOWER""}",ANSWERABLE_NOW,template_instantiation,TMPL_SERVICE_FREQUENCY_HI_DEVA_2
PILOT_T2_TR_002634,,SFAM_STATION_FACILITIES_014,FAM_STATION_FACILITIES_014,PARA_STATION_FACILITIES_13_1,T2_MEDIUM_V1,station_facilities,GET_STATION_FACILITY,Transit query: क्या वॉशरमैनपेट मेट्रो स्टेशन पर बाइक पार्किंग की व्यवस्था उपलब्ध है? (सुविधा F14) #5,hi,Deva,CS0,N2,"{""station"": ""वॉशरमैनपेट"", ""facility_type"": ""two_wheeler_parking"", ""transport_mode"": ""मेट्रो""}","{""station_id"": ""METRO_WASHERMENPET""}",ANSWERABLE_NOW,template_instantiation,TMPL_STATION_FACILITIES_HI_DEVA_13
PILOT_T2_TR_002635,,SFAM_OUT_OF_SCOPE_010,FAM_OUT_OF_SCOPE_010,PARA_OUT_OF_SCOPE_9_3,T2_MEDIUM_V1,out_of_scope,REJECT_OUT_OF_SCOPE,What is the general weather rain forecast in Chennai near Padalam Hospital today (F10)?,hi-en,Latn,CS3,N0,"{""landmark"": ""Padalam Hospital""}","{""place_id"": ""OSM_POI_7257518724""}",OUT_OF_SCOPE,template_instantiation,TMPL_OUT_OF_SCOPE_HINGLISH_LATN_9
PILOT_T2_TR_002636,,SFAM_SCHEDULED_DEPARTURE_008,FAM_SCHEDULED_DEPARTURE_008,PARA_SCHEDULED_DEPARTURE_7_3,T2_MEDIUM_V1,service_timing,GET_SCHEDULED_DEPARTURES,Please tell: High Court station se kal 8 baje train schedule kya hoga (F8) #2,hi-en,Latn,CS3,N1,"{""origin"": ""High Court"", ""temporal_relative"": ""kal"", ""resolved_temporal_offset"": ""UNRESOLVED_TEMPORAL_AMBIGUITY"", ""time"": ""8 baje"", ""temporal_ambiguity"": true, ""dual_candidates"": [""08:00:00"", ""20:00:00""]}","{""origin_id"": ""METRO_HIGHCOURT""}",ANSWERABLE_NOW,template_instantiation,TMPL_SCHEDULED_DEPARTURE_HINGLISH_LATN_7
PILOT_T2_TR_002637,,SFAM_REALTIME_STATUS_QUERY_016,FAM_REALTIME_STATUS_QUERY_016,PARA_REALTIME_STATUS_QUERY_15_0,T2_MEDIUM_V1,realtime_status_query,REJECT_UNSUPPORTED_REALTIME,Transit query: Where is bus 21G right now and what is its live location? [live F16] #5,en,Latn,CS0,N0,"{""route_number"": ""21G"", ""transport_mode"": ""bus""}","{""route_id"": ""GTFS_ROUTE_8458""}",REQUIRES_REALTIME_DATA,template_instantiation,TMPL_REALTIME_STATUS_QUERY_EN_15
PILOT_T2_TR_002638,,SFAM_OUT_OF_SCOPE_005,FAM_OUT_OF_SCOPE_005,PARA_OUT_OF_SCOPE_4_0,T2_MEDIUM_V1,out_of_scope,REJECT_OUT_OF_SCOPE,Transit query: Book a private cab taxi ride from CMBT to Thousand Lights. [cab F5] #5,en,Latn,CS0,N0,"{""origin"": ""CMBT"", ""destination"": ""Thousand Lights""}","{""origin_id"": ""METRO_PURATCHI_THALAIVI_DR_J_JAYALALITHAA_CMBT"", ""destination_id"": ""METRO_THOUSAND_LIGHTS""}",OUT_OF_SCOPE,template_instantiation,TMPL_OUT_OF_SCOPE_EN_4
PILOT_T2_TR_002639,,SFAM_POINT_TO_POINT_ROUTE_007,FAM_POINT_TO_POINT_ROUTE_007,PARA_POINT_TO_POINT_ROUTE_6_1,T2_MEDIUM_V1,route_query,PLAN_ROUTE,वडपलनी से वॉशरमैनपेट मेट्रो से जाने का रास्ता क्या है? (प्रारूप F7),hi,Deva,CS0,N0,"{""origin"": ""वडपलनी"", ""destination"": ""वॉशरमैनपेट"", ""transport_mode"": ""मेट्रो""}","{""origin_id"": ""METRO_VADAPALANI"", ""destination_id"": ""METRO_WASHERMENPET""}",ANSWERABLE_WITH_PROVISIONAL_DATA,template_instantiation,TMPL_POINT_TO_POINT_ROUTE_HI_DEVA_6
PILOT_T2_TR_002640,,SFAM_STATION_FACILITIES_020,FAM_STATION_FACILITIES_020,PARA_STATION_FACILITIES_19_0,T2_MEDIUM_V1,station_facilities,GET_STATION_FACILITY,Quick check: Is bicycle parking stand facility available at Pachaiyappa College metro station? [fac F20] #4,en,Latn,CS0,N0,"{""station"": ""Pachaiyappa College"", ""facility_type"": ""bicycle_stand"", ""transport_mode"": ""metro""}","{""station_id"": ""METRO_PACHAIYAPPA_S_COLLEGE""}",ANSWERABLE_NOW,template_instantiation,TMPL_STATION_FACILITIES_EN_19
PILOT_T2_TR_002641,,SFAM_STATION_ACCESSIBILITY_008,FAM_STATION_ACCESSIBILITY_008,PARA_STATION_ACCESSIBILITY_7_3,T2_MEDIUM_V1,accessibility,GET_ACCESSIBILITY_INFO,Please tell: Verification of accessible escalator stairs support at High Court metro (F8) #2,hi-en,Latn,CS3,N0,"{""station"": ""High Court"", ""accessibility_feature"": ""escalator"", ""transport_mode"": ""metro""}","{""station_id"": ""METRO_HIGHCOURT""}",ANSWERABLE_NOW,template_instantiation,TMPL_STATION_ACCESSIBILITY_HINGLISH_LATN_7
PILOT_T2_TR_002642,,SFAM_STATION_ACCESSIBILITY_009,FAM_STATION_ACCESSIBILITY_009,PARA_STATION_ACCESSIBILITY_8_0,T2_MEDIUM_V1,accessibility,GET_ACCESSIBILITY_INFO,Please tell: Are wheelchair ramp provisions available for differently abled passengers at Thirumangalam? [a11y F9] #2,en,Latn,CS0,N0,"{""station"": ""Thirumangalam"", ""accessibility_feature"": ""wheelchair"", ""transport_mode"": ""metro""}","{""station_id"": ""METRO_THIRUMANGALAM""}",ANSWERABLE_NOW,template_instantiation,TMPL_STATION_ACCESSIBILITY_EN_8
PILOT_T2_TR_002643,,SFAM_NEAREST_TRANSPORT_004,FAM_NEAREST_TRANSPORT_004,PARA_NEAREST_TRANSPORT_3_3,T2_MEDIUM_V1,nearest_transport,FIND_NEAREST_STATION,Quick check: Find closest public transport access point near Maritime Institute (F4) #4,hi-en,Latn,CS3,N2,"{""landmark"": ""Maritime Institute"", ""transport_mode"": ""public transport""}","{""place_id"": ""OSM_POI_314081186""}",ANSWERABLE_NOW,template_instantiation,TMPL_NEAREST_TRANSPORT_HINGLISH_LATN_3
PILOT_T2_TR_002644,,SFAM_OUT_OF_SCOPE_018,FAM_OUT_OF_SCOPE_018,PARA_OUT_OF_SCOPE_17_0,T2_MEDIUM_V1,out_of_scope,REJECT_OUT_OF_SCOPE,Book a private cab taxi ride from Nehru Park to CMBT. [cab F18],en,Latn,CS0,N0,"{""origin"": ""Nehru Park"", ""destination"": ""CMBT""}","{""origin_id"": ""METRO_NEHRU_PARK"", ""destination_id"": ""METRO_PURATCHI_THALAIVI_DR_J_JAYALALITHAA_CMBT""}",OUT_OF_SCOPE,template_instantiation,TMPL_OUT_OF_SCOPE_EN_17
PILOT_T2_TR_002645,,SFAM_NEAREST_TRANSPORT_013,FAM_NEAREST_TRANSPORT_013,PARA_NEAREST_TRANSPORT_12_1,T2_MEDIUM_V1,nearest_transport,FIND_NEAREST_STATION,"Excuse me, ग्रेट लेक्स संस्थान के सबसे निकटतम मेट्रो स्टेशन या बस स्टॉप कौन सा है? (निकट F13) #6",hi,Deva,CS0,N0,"{""landmark"": ""ग्रेट लेक्स संस्थान"", ""transport_mode"": ""मेट्रो या बस""}","{""place_id"": ""OSM_POI_577328882""}",ANSWERABLE_NOW,template_instantiation,TMPL_NEAREST_TRANSPORT_HI_DEVA_12
PILOT_T2_TR_002646,,SFAM_ROUTE_STOP_SEQUENCE_017,FAM_ROUTE_STOP_SEQUENCE_017,PARA_ROUTE_STOP_SEQUENCE_16_2,T2_MEDIUM_V1,route_stops,LIST_ROUTE_STOPS,Please tell: Route 102 bus ke sare consecutive stops ki list check kare. [line F17] #2,hi,Latn,CS0,N0,"{""route_number"": ""102"", ""transport_mode"": ""bus""}","{""route_id"": ""GTFS_ROUTE_16861""}",ANSWERABLE_WITH_PROVISIONAL_DATA,template_instantiation,TMPL_ROUTE_STOP_SEQUENCE_HI_LATN_16
PILOT_T2_TR_002647,,SFAM_OUT_OF_SCOPE_001,FAM_OUT_OF_SCOPE_001,PARA_OUT_OF_SCOPE_0_3,T2_MEDIUM_V1,out_of_scope,REJECT_OUT_OF_SCOPE,Transit query: What is the general weather rain forecast in Chennai near Marina Beach today (F1)? #5,hi-en,Latn,CS3,N0,"{""landmark"": ""Marina Beach""}","{""place_id"": ""OSM_POI_12137617372""}",OUT_OF_SCOPE,template_instantiation,TMPL_OUT_OF_SCOPE_HINGLISH_LATN_0
PILOT_T2_TR_002648,,SFAM_MODE_AVAILABILITY_003,FAM_MODE_AVAILABILITY_003,PARA_MODE_AVAILABILITY_2_2,T2_MEDIUM_V1,service_availability,CHECK_SERVICE_AVAILABILITY,Please tell: guindy se adyar tak direct transit options available hain kya? [suvidha F3] #2,hi,Latn,CS0,N0,"{""origin"": ""guindy"", ""destination"": ""adyar"", ""transport_mode"": ""any""}","{""origin_id"": ""METRO_GUINDY"", ""destination_id"": ""BUS_2587520213""}",ANSWERABLE_WITH_PROVISIONAL_DATA,template_instantiation,TMPL_MODE_AVAILABILITY_HI_LATN_2
PILOT_T2_TR_002649,,SFAM_FARE_CALCULATION_011,FAM_FARE_CALCULATION_011,PARA_FARE_CALCULATION_10_0,T2_MEDIUM_V1,fare_query,CALCULATE_FARE,What is the single-journey ticket fare from Egmore to Nehru Park on metro? [fare F11],en,Latn,CS0,N0,"{""origin"": ""Egmore"", ""destination"": ""Nehru Park"", ""fare_type"": ""token"", ""transport_mode"": ""metro""}","{""origin_id"": ""METRO_EGMORE"", ""destination_id"": ""METRO_NEHRU_PARK""}",ANSWERABLE_NOW,template_instantiation,TMPL_FARE_CALCULATION_EN_10
PILOT_T2_TR_002650,,SFAM_OUT_OF_SCOPE_006,FAM_OUT_OF_SCOPE_006,PARA_OUT_OF_SCOPE_5_0,T2_MEDIUM_V1,out_of_scope,REJECT_OUT_OF_SCOPE,Quick check: Book a private cab taxi ride from Koyambedu to Wimco Nagar Depot. [cab F6] #4,en,Latn,CS0,N0,"{""origin"": ""Koyambedu"", ""destination"": ""Wimco Nagar Depot""}","{""origin_id"": ""METRO_KOYAMBEDU"", ""destination_id"": ""METRO_WIMCO_NAGAR""}",OUT_OF_SCOPE,template_instantiation,TMPL_OUT_OF_SCOPE_EN_5
PILOT_T2_TR_002651,,SFAM_FARE_CALCULATION_002,FAM_FARE_CALCULATION_002,PARA_FARE_CALCULATION_1_4,T2_MEDIUM_V1,fare_query,CALCULATE_FARE,Please tell: Chennai Central से Thirumangalam metro travel ka discounted smart card fare kya hai F2 #2,hi-en,Deva+Latn,CS4,N0,"{""origin"": ""Chennai Central"", ""destination"": ""Thirumangalam"", ""ticket_type"": ""smart_card"", ""transport_mode"": ""metro""}","{""origin_id"": ""METRO_PURATCHI_THALAIVAR_DR__M_G_RAMACHANDRAN_CENTRAL"", ""destination_id"": ""METRO_THIRUMANGALAM""}",ANSWERABLE_NOW,template_instantiation,TMPL_FARE_CALCULATION_MIXED_SCRIPT_CS_1
PILOT_T2_TR_002652,,SFAM_STATION_ACCESSIBILITY_009,FAM_STATION_ACCESSIBILITY_009,PARA_STATION_ACCESSIBILITY_8_2,T2_MEDIUM_V1,accessibility,GET_ACCESSIBILITY_INFO,Could you specify kya thirumangalam metro station me wheelchair disabled ke liye wheelchair accessibility hai? [barrier-free F9]? #3,hi,Latn,CS0,N0,"{""station"": ""thirumangalam"", ""accessibility_feature"": ""wheelchair"", ""transport_mode"": ""metro""}","{""station_id"": ""METRO_THIRUMANGALAM""}",ANSWERABLE_NOW,template_instantiation,TMPL_STATION_ACCESSIBILITY_HI_LATN_8
PILOT_T2_TR_002653,,SFAM_INTERCHANGE_TRANSFER_015,FAM_INTERCHANGE_TRANSFER_015,PARA_INTERCHANGE_TRANSFER_14_2,T2_MEDIUM_V1,interchange_query,GET_INTERCHANGE_DETAILS,Quick check: little mount hub par metro line change karke chennai central kaise jaye? [platform F15] #4,hi,Latn,CS0,N0,"{""station"": ""little mount"", ""destination"": ""chennai central"", ""facility_type"": ""interchange""}","{""station_id"": ""METRO_LITTLE_MOUNT"", ""destination_id"": ""METRO_PURATCHI_THALAIVAR_DR__M_G_RAMACHANDRAN_CENTRAL""}",ANSWERABLE_AFTER_MANUAL_VERIFICATION,template_instantiation,TMPL_INTERCHANGE_TRANSFER_HI_LATN_14
PILOT_T2_TR_002654,,SFAM_FARE_CALCULATION_004,FAM_FARE_CALCULATION_004,PARA_FARE_CALCULATION_3_0,T2_MEDIUM_V1,fare_query,CALCULATE_FARE,"Excuse me, What is the single-journey ticket fare from Alandur to Egmore on metro? [fare F4] #6",en,Latn,CS0,N0,"{""origin"": ""Alandur"", ""destination"": ""Egmore"", ""fare_type"": ""token"", ""transport_mode"": ""metro""}","{""origin_id"": ""METRO_ARIGNAR_ANNA_ALANDUR"", ""destination_id"": ""METRO_EGMORE""}",ANSWERABLE_NOW,template_instantiation,TMPL_FARE_CALCULATION_EN_3
PILOT_T2_TR_002655,,SFAM_INTERCHANGE_TRANSFER_018,FAM_INTERCHANGE_TRANSFER_018,PARA_INTERCHANGE_TRANSFER_17_0,T2_MEDIUM_V1,interchange_query,GET_INTERCHANGE_DETAILS,"Excuse me, How do I switch lines to connect towards CMBT at Nehru Park interchange? [xfer F18] #6",en,Latn,CS0,N0,"{""station"": ""Nehru Park"", ""destination"": ""CMBT"", ""facility_type"": ""interchange""}","{""station_id"": ""METRO_NEHRU_PARK"", ""destination_id"": ""METRO_PURATCHI_THALAIVI_DR_J_JAYALALITHAA_CMBT""}",ANSWERABLE_AFTER_MANUAL_VERIFICATION,template_instantiation,TMPL_INTERCHANGE_TRANSFER_EN_17
PILOT_T2_TR_002656,,SFAM_FARE_CALCULATION_003,FAM_FARE_CALCULATION_003,PARA_FARE_CALCULATION_2_2,T2_MEDIUM_V1,fare_query,CALCULATE_FARE,guindy se anna nagar tower metro ride ka standard ticket cost kitna hoga? [kiraya F3],hi,Latn,CS0,N0,"{""origin"": ""guindy"", ""destination"": ""anna nagar tower"", ""transport_mode"": ""metro""}","{""origin_id"": ""METRO_GUINDY"", ""destination_id"": ""METRO_ANNA_NAGAR_TOWER""}",ANSWERABLE_NOW,template_instantiation,TMPL_FARE_CALCULATION_HI_LATN_2
PILOT_T2_TR_002657,,SFAM_SCHEDULED_DEPARTURE_003,FAM_SCHEDULED_DEPARTURE_003,PARA_SCHEDULED_DEPARTURE_2_1,T2_MEDIUM_V1,service_timing,GET_SCHEDULED_DEPARTURES,Please tell: गिंडी से सुबह 8 बजे छूटने वाली गाड़ियों की समय सारणी दिखाएं। (समय F3) #2,hi,Deva,CS0,N0,"{""origin"": ""गिंडी"", ""time"": ""सुबह 8 बजे"", ""resolved_time"": ""08:00:00""}","{""origin_id"": ""METRO_GUINDY""}",ANSWERABLE_NOW,template_instantiation,TMPL_SCHEDULED_DEPARTURE_HI_DEVA_2
PILOT_T2_TR_002658,,SFAM_TICKETING_AND_PASSES_004,FAM_TICKETING_AND_PASSES_004,PARA_TICKETING_AND_PASSES_3_3,T2_MEDIUM_V1,ticketing_rules,GET_TICKETING_POLICY,Could you specify How can regular passengers apply for and renew Tourist One-Day Pass (F4)?? #3,hi-en,Latn,CS3,N1,"{""ticket_type"": ""tourist_card"", ""transport_mode"": ""transit""}",{},ANSWERABLE_NOW,template_instantiation,TMPL_TICKETING_AND_PASSES_HINGLISH_LATN_3
PILOT_T2_TR_002659,,SFAM_TICKETING_AND_PASSES_004,FAM_TICKETING_AND_PASSES_004,PARA_TICKETING_AND_PASSES_3_2,T2_MEDIUM_V1,ticketing_rules,GET_TICKETING_POLICY,Please tell: tourist pass recharge karne ka guidelines aur validity rule bataye. [card F4] #2,hi,Latn,CS0,N0,"{""ticket_type"": ""tourist_card"", ""transport_mode"": ""transit""}",{},ANSWERABLE_NOW,template_instantiation,TMPL_TICKETING_AND_PASSES_HI_LATN_3
PILOT_T2_TR_002660,,SFAM_SERVICE_FREQUENCY_014,FAM_SERVICE_FREQUENCY_014,PARA_SERVICE_FREQUENCY_13_0,T2_MEDIUM_V1,service_timing,GET_SERVICE_FREQUENCY,Please tell: How many minutes between trains on the line connecting Washermenpet and Airport? [freq F14] #2,en,Latn,CS0,N0,"{""origin"": ""Washermenpet"", ""destination"": ""Airport"", ""timing_type"": ""frequency"", ""transport_mode"": ""metro""}","{""origin_id"": ""METRO_WASHERMENPET"", ""destination_id"": ""METRO_CHENNAI_INTERNATIONAL_AIRPORT""}",ANSWERABLE_NOW,template_instantiation,TMPL_SERVICE_FREQUENCY_EN_13
PILOT_T2_TR_002661,,SFAM_NEAREST_TRANSPORT_007,FAM_NEAREST_TRANSPORT_007,PARA_NEAREST_TRANSPORT_6_2,T2_MEDIUM_V1,nearest_transport,FIND_NEAREST_STATION,Please tell: mother child hospital se closest walking distance metro transit point kaunsa hai? [paas F7] #2,hi,Latn,CS0,N1,"{""landmark"": ""mother child hospital"", ""transport_mode"": ""metro""}","{""place_id"": ""OSM_POI_7257518731""}",ANSWERABLE_NOW,template_instantiation,TMPL_NEAREST_TRANSPORT_HI_LATN_6
PILOT_T2_TR_002662,,SFAM_POINT_TO_POINT_ROUTE_015,FAM_POINT_TO_POINT_ROUTE_015,PARA_POINT_TO_POINT_ROUTE_14_0,T2_MEDIUM_V1,route_query,PLAN_ROUTE,Could you specify How do I commute from Little Mount to Chennai Central by metro? [pattern F15]? #3,en,Latn,CS0,N0,"{""origin"": ""Little Mount"", ""destination"": ""Chennai Central"", ""transport_mode"": ""metro""}","{""origin_id"": ""METRO_LITTLE_MOUNT"", ""destination_id"": ""METRO_PURATCHI_THALAIVAR_DR__M_G_RAMACHANDRAN_CENTRAL""}",ANSWERABLE_WITH_PROVISIONAL_DATA,template_instantiation,TMPL_POINT_TO_POINT_ROUTE_EN_14
PILOT_T2_TR_002663,,SFAM_NEAREST_TRANSPORT_004,FAM_NEAREST_TRANSPORT_004,PARA_NEAREST_TRANSPORT_3_2,T2_MEDIUM_V1,nearest_transport,FIND_NEAREST_STATION,Quick check: maritime institute se closest walking distance metro transit point kaunsa hai? [paas F4] #4,hi,Latn,CS0,N0,"{""landmark"": ""maritime institute"", ""transport_mode"": ""metro""}","{""place_id"": ""OSM_POI_314081186""}",ANSWERABLE_NOW,template_instantiation,TMPL_NEAREST_TRANSPORT_HI_LATN_3
PILOT_T2_TR_002664,,SFAM_INTERCHANGE_TRANSFER_010,FAM_INTERCHANGE_TRANSFER_010,PARA_INTERCHANGE_TRANSFER_9_4,T2_MEDIUM_V1,interchange_query,GET_INTERCHANGE_DETAILS,Anna Nagar Tower interchange par line switch connection point details check F10,hi-en,Deva+Latn,CS4,N0,"{""station"": ""Anna Nagar Tower"", ""facility_type"": ""interchange""}","{""station_id"": ""METRO_ANNA_NAGAR_TOWER""}",ANSWERABLE_AFTER_MANUAL_VERIFICATION,template_instantiation,TMPL_INTERCHANGE_TRANSFER_MIXED_SCRIPT_CS_9
PILOT_T2_TR_002665,,SFAM_REALTIME_STATUS_QUERY_003,FAM_REALTIME_STATUS_QUERY_003,PARA_REALTIME_STATUS_QUERY_2_0,T2_MEDIUM_V1,realtime_status_query,REJECT_UNSUPPORTED_REALTIME,Quick check: Where is bus 102A right now and what is its live location? [live F3] #4,en,Latn,CS0,N0,"{""route_number"": ""102A"", ""transport_mode"": ""bus""}","{""route_id"": ""GTFS_ROUTE_10248""}",REQUIRES_REALTIME_DATA,template_instantiation,TMPL_REALTIME_STATUS_QUERY_EN_2
PILOT_T2_TR_002666,,SFAM_TICKETING_AND_PASSES_016,FAM_TICKETING_AND_PASSES_016,PARA_TICKETING_AND_PASSES_15_0,T2_MEDIUM_V1,ticketing_rules,GET_TICKETING_POLICY,What are the rules and procedure to purchase a Tourist One-Day Pass for commuters? [pass F16],en,Latn,CS0,N0,"{""ticket_type"": ""tourist_card"", ""transport_mode"": ""transit""}",{},ANSWERABLE_NOW,template_instantiation,TMPL_TICKETING_AND_PASSES_EN_15
PILOT_T2_TR_002667,,SFAM_ROUTE_STOP_SEQUENCE_004,FAM_ROUTE_STOP_SEQUENCE_004,PARA_ROUTE_STOP_SEQUENCE_3_3,T2_MEDIUM_V1,route_stops,LIST_ROUTE_STOPS,Could you specify Full stop order details for bus number 570 please provide (F4)? #3,hi-en,Latn,CS3,N2,"{""route_number"": ""570"", ""transport_mode"": ""bus""}","{""route_id"": ""GTFS_ROUTE_17967""}",ANSWERABLE_WITH_PROVISIONAL_DATA,template_instantiation,TMPL_ROUTE_STOP_SEQUENCE_HINGLISH_LATN_3
PILOT_T2_TR_002668,,SFAM_INTERCHANGE_TRANSFER_009,FAM_INTERCHANGE_TRANSFER_009,PARA_INTERCHANGE_TRANSFER_8_3,T2_MEDIUM_V1,interchange_query,GET_INTERCHANGE_DETAILS,Transit query: Transfer walking time and directions at Thirumangalam multimodal terminal (F9) #5,hi-en,Latn,CS3,N1,"{""station"": ""Thirumangalam"", ""facility_type"": ""interchange""}","{""station_id"": ""METRO_THIRUMANGALAM""}",ANSWERABLE_AFTER_MANUAL_VERIFICATION,template_instantiation,TMPL_INTERCHANGE_TRANSFER_HINGLISH_LATN_8
PILOT_T2_TR_002669,,SFAM_INTERCHANGE_TRANSFER_007,FAM_INTERCHANGE_TRANSFER_007,PARA_INTERCHANGE_TRANSFER_6_3,T2_MEDIUM_V1,interchange_query,GET_INTERCHANGE_DETAILS,Could you specify Transfer walking time and directions at Vadapalani multimodal terminal (F7)? #3,hi-en,Latn,CS3,N0,"{""station"": ""Vadapalani"", ""facility_type"": ""interchange""}","{""station_id"": ""METRO_VADAPALANI""}",ANSWERABLE_AFTER_MANUAL_VERIFICATION,template_instantiation,TMPL_INTERCHANGE_TRANSFER_HINGLISH_LATN_6
PILOT_T2_TR_002670,,SFAM_STATION_FACILITIES_018,FAM_STATION_FACILITIES_018,PARA_STATION_FACILITIES_17_1,T2_MEDIUM_V1,station_facilities,GET_STATION_FACILITY,Quick check: क्या नेहरू पार्क मेट्रो स्टेशन पर बाइक पार्किंग की व्यवस्था उपलब्ध है? (सुविधा F18) #4,hi,Deva,CS0,N0,"{""station"": ""नेहरू पार्क"", ""facility_type"": ""two_wheeler_parking"", ""transport_mode"": ""मेट्रो""}","{""station_id"": ""METRO_NEHRU_PARK""}",ANSWERABLE_NOW,template_instantiation,TMPL_STATION_FACILITIES_HI_DEVA_17
PILOT_T2_TR_002671,,SFAM_OUT_OF_SCOPE_011,FAM_OUT_OF_SCOPE_011,PARA_OUT_OF_SCOPE_10_1,T2_MEDIUM_V1,out_of_scope,REJECT_OUT_OF_SCOPE,Transit query: एग्मोर के निकटतम सबसे अच्छे रेस्टोरेंट और भोजनालय की सूची दें। (बाहर F11) #5,hi,Deva,CS0,N2,"{""station"": ""एग्मोर""}","{""station_id"": ""METRO_EGMORE""}",OUT_OF_SCOPE,template_instantiation,TMPL_OUT_OF_SCOPE_HI_DEVA_10
PILOT_T2_TR_002672,,SFAM_NEAREST_TRANSPORT_017,FAM_NEAREST_TRANSPORT_017,PARA_NEAREST_TRANSPORT_16_0,T2_MEDIUM_V1,nearest_transport,FIND_NEAREST_STATION,Which is the nearest metro station or transit stop to Mother Child Hospital? [loc F17],en,Latn,CS0,N0,"{""landmark"": ""Mother Child Hospital"", ""transport_mode"": ""metro""}","{""place_id"": ""OSM_POI_7257518731""}",ANSWERABLE_NOW,template_instantiation,TMPL_NEAREST_TRANSPORT_EN_16
PILOT_T2_TR_002673,,SFAM_FARE_CALCULATION_004,FAM_FARE_CALCULATION_004,PARA_FARE_CALCULATION_3_3,T2_MEDIUM_V1,fare_query,CALCULATE_FARE,Could you specify Calculate fare for travel between Alandur and Egmore stations (F4)? #3,hi-en,Latn,CS3,N1,"{""origin"": ""Alandur"", ""destination"": ""Egmore"", ""transport_mode"": ""metro""}","{""origin_id"": ""METRO_ARIGNAR_ANNA_ALANDUR"", ""destination_id"": ""METRO_EGMORE""}",ANSWERABLE_NOW,template_instantiation,TMPL_FARE_CALCULATION_HINGLISH_LATN_3
PILOT_T2_TR_002674,,SFAM_NEAREST_TRANSPORT_020,FAM_NEAREST_TRANSPORT_020,PARA_NEAREST_TRANSPORT_19_1,T2_MEDIUM_V1,nearest_transport,FIND_NEAREST_STATION,"Excuse me, पडलम अस्पताल के सबसे निकटतम मेट्रो स्टेशन या बस स्टॉप कौन सा है? (निकट F20) #6",hi,Deva,CS0,N0,"{""landmark"": ""पडलम अस्पताल"", ""transport_mode"": ""मेट्रो या बस""}","{""place_id"": ""OSM_POI_7257518724""}",ANSWERABLE_NOW,template_instantiation,TMPL_NEAREST_TRANSPORT_HI_DEVA_19
PILOT_T2_TR_002675,,SFAM_FARE_CALCULATION_008,FAM_FARE_CALCULATION_008,PARA_FARE_CALCULATION_7_1,T2_MEDIUM_V1,fare_query,CALCULATE_FARE,"Excuse me, हाई कोर्ट से लिटिल माउंट तक का मेट्रो का टोकन किराया कितना रुपया है? (किराया F8) #6",hi,Deva,CS0,N0,"{""origin"": ""हाई कोर्ट"", ""destination"": ""लिटिल माउंट"", ""fare_type"": ""टोकन"", ""transport_mode"": ""मेट्रो""}","{""origin_id"": ""METRO_HIGHCOURT"", ""destination_id"": ""METRO_LITTLE_MOUNT""}",ANSWERABLE_NOW,template_instantiation,TMPL_FARE_CALCULATION_HI_DEVA_7
PILOT_T2_TR_002676,,SFAM_NEAREST_TRANSPORT_012,FAM_NEAREST_TRANSPORT_012,PARA_NEAREST_TRANSPORT_11_0,T2_MEDIUM_V1,nearest_transport,FIND_NEAREST_STATION,Could you specify Which is the nearest metro station or transit stop to IIT Madras? [loc F12]? #3,en,Latn,CS0,N0,"{""landmark"": ""IIT Madras"", ""transport_mode"": ""metro""}","{""place_id"": ""OSM_POI_11013406019""}",ANSWERABLE_NOW,template_instantiation,TMPL_NEAREST_TRANSPORT_EN_11
PILOT_T2_TR_002677,,SFAM_STATION_FACILITIES_005,FAM_STATION_FACILITIES_005,PARA_STATION_FACILITIES_4_4,T2_MEDIUM_V1,station_facilities,GET_STATION_FACILITY,Please tell: क्या CMBT station par passengers ke liye car parking accessible hai F5 #2,hi-en,Deva+Latn,CS4,N0,"{""station"": ""CMBT"", ""facility_type"": ""parking"", ""transport_mode"": ""metro""}","{""station_id"": ""METRO_PURATCHI_THALAIVI_DR_J_JAYALALITHAA_CMBT""}",ANSWERABLE_NOW,template_instantiation,TMPL_STATION_FACILITIES_MIXED_SCRIPT_CS_4
PILOT_T2_TR_002678,,SFAM_INTERCHANGE_TRANSFER_003,FAM_INTERCHANGE_TRANSFER_003,PARA_INTERCHANGE_TRANSFER_2_4,T2_MEDIUM_V1,interchange_query,GET_INTERCHANGE_DETAILS,Guindy interchange par line switch connection point details check F3,hi-en,Deva+Latn,CS4,N0,"{""station"": ""Guindy"", ""facility_type"": ""interchange""}","{""station_id"": ""METRO_GUINDY""}",ANSWERABLE_AFTER_MANUAL_VERIFICATION,template_instantiation,TMPL_INTERCHANGE_TRANSFER_MIXED_SCRIPT_CS_2
PILOT_T2_TR_002679,,SFAM_ROUTE_STOP_SEQUENCE_004,FAM_ROUTE_STOP_SEQUENCE_004,PARA_ROUTE_STOP_SEQUENCE_3_1,T2_MEDIUM_V1,route_stops,LIST_ROUTE_STOPS,बस रूट 570 के सभी ठहरावों की क्रमबद्ध सूची दिखाएं। (क्रम F4),hi,Deva,CS0,N0,"{""route_number"": ""570"", ""transport_mode"": ""बस""}","{""route_id"": ""GTFS_ROUTE_17967""}",ANSWERABLE_WITH_PROVISIONAL_DATA,template_instantiation,TMPL_ROUTE_STOP_SEQUENCE_HI_DEVA_3
PILOT_T2_TR_002680,,SFAM_ROUTE_STOP_SEQUENCE_014,FAM_ROUTE_STOP_SEQUENCE_014,PARA_ROUTE_STOP_SEQUENCE_13_2,T2_MEDIUM_V1,route_stops,LIST_ROUTE_STOPS,Route Blue Line bus ke sare consecutive stops ki list check kare. [line F14],hi,Latn,CS0,N1,"{""route_number"": ""Blue Line"", ""transport_mode"": ""bus""}","{""route_id"": ""CMRL_BLUE_CORRIDOR_1""}",ANSWERABLE_WITH_PROVISIONAL_DATA,template_instantiation,TMPL_ROUTE_STOP_SEQUENCE_HI_LATN_13
PILOT_T2_TR_002681,,SFAM_TICKETING_AND_PASSES_016,FAM_TICKETING_AND_PASSES_016,PARA_TICKETING_AND_PASSES_15_2,T2_MEDIUM_V1,ticketing_rules,GET_TICKETING_POLICY,Please tell: tourist pass recharge karne ka guidelines aur validity rule bataye. [card F16] #2,hi,Latn,CS0,N1,"{""ticket_type"": ""tourist_card"", ""transport_mode"": ""transit""}",{},ANSWERABLE_NOW,template_instantiation,TMPL_TICKETING_AND_PASSES_HI_LATN_15
PILOT_T2_TR_002682,,SFAM_MODE_AVAILABILITY_008,FAM_MODE_AVAILABILITY_008,PARA_MODE_AVAILABILITY_7_4,T2_MEDIUM_V1,service_availability,CHECK_SERVICE_AVAILABILITY,क्या High Court से Mylapore transport line active hai mode info F8,hi-en,Deva+Latn,CS4,N0,"{""origin"": ""High Court"", ""destination"": ""Mylapore"", ""transport_mode"": ""transport""}","{""origin_id"": ""METRO_HIGHCOURT"", ""destination_id"": ""BUS_410614381""}",ANSWERABLE_WITH_PROVISIONAL_DATA,template_instantiation,TMPL_MODE_AVAILABILITY_MIXED_SCRIPT_CS_7
PILOT_T2_TR_002683,,SFAM_POINT_TO_POINT_ROUTE_017,FAM_POINT_TO_POINT_ROUTE_017,PARA_POINT_TO_POINT_ROUTE_16_3,T2_MEDIUM_V1,route_query,PLAN_ROUTE,St. Thomas Mount to Alandur metro ride ka best direct route bataiye (F17),hi-en,Latn,CS3,N0,"{""origin"": ""St. Thomas Mount"", ""destination"": ""Alandur"", ""transport_mode"": ""metro""}","{""origin_id"": ""METRO_ST__THOMAS_MOUNT"", ""destination_id"": ""METRO_ARIGNAR_ANNA_ALANDUR""}",ANSWERABLE_WITH_PROVISIONAL_DATA,template_instantiation,TMPL_POINT_TO_POINT_ROUTE_HINGLISH_LATN_16
PILOT_T2_TR_002684,,SFAM_MULTIMODAL_ROUTE_001,FAM_MULTIMODAL_ROUTE_001,PARA_MULTIMODAL_ROUTE_0_1,T2_MEDIUM_V1,route_query,PLAN_MULTIMODAL_ROUTE,Could you specify तांबरम से हाई कोर्ट बस और मेट्रो मिलाकर सबसे तेज़ मार्ग कौन सा है? (योजना F1)? #3,hi,Deva,CS0,N1,"{""origin"": ""तांबरम"", ""destination"": ""हाई कोर्ट"", ""transport_mode"": ""बस और मेट्रो""}","{""origin_id"": ""BUS_5304399879"", ""destination_id"": ""METRO_HIGHCOURT""}",ANSWERABLE_WITH_PROVISIONAL_DATA,template_instantiation,TMPL_MULTIMODAL_ROUTE_HI_DEVA_0
PILOT_T2_TR_002685,,SFAM_ROUTE_STOP_MEMBERSHIP_003,FAM_ROUTE_STOP_MEMBERSHIP_003,PARA_ROUTE_STOP_MEMBERSHIP_2_4,T2_MEDIUM_V1,route_stops,CHECK_STOP_ON_ROUTE,Please tell: क्या route 102A bus Adyar पर rukegi verification F3? #2,hi-en,Deva+Latn,CS4,N0,"{""route_number"": ""102A"", ""stop"": ""Adyar"", ""transport_mode"": ""bus""}","{""route_id"": ""GTFS_ROUTE_10248"", ""stop_id"": ""BUS_2587520213""}",ANSWERABLE_WITH_PROVISIONAL_DATA,template_instantiation,TMPL_ROUTE_STOP_MEMBERSHIP_MIXED_SCRIPT_CS_2
PILOT_T2_TR_002686,,SFAM_ROUTE_STOP_SEQUENCE_014,FAM_ROUTE_STOP_SEQUENCE_014,PARA_ROUTE_STOP_SEQUENCE_13_3,T2_MEDIUM_V1,route_stops,LIST_ROUTE_STOPS,Full stop order details for bus number Blue Line please provide (F14),hi-en,Latn,CS3,N0,"{""route_number"": ""Blue Line"", ""transport_mode"": ""bus""}","{""route_id"": ""CMRL_BLUE_CORRIDOR_1""}",ANSWERABLE_WITH_PROVISIONAL_DATA,template_instantiation,TMPL_ROUTE_STOP_SEQUENCE_HINGLISH_LATN_13
PILOT_T2_TR_002687,,SFAM_INTERCHANGE_TRANSFER_013,FAM_INTERCHANGE_TRANSFER_013,PARA_INTERCHANGE_TRANSFER_12_0,T2_MEDIUM_V1,interchange_query,GET_INTERCHANGE_DETAILS,"Excuse me, How do I switch lines to connect towards Pachaiyappa College at Wimco Nagar Depot interchange? [xfer F13] #6",en,Latn,CS0,N0,"{""station"": ""Wimco Nagar Depot"", ""destination"": ""Pachaiyappa College"", ""facility_type"": ""interchange""}","{""station_id"": ""METRO_WIMCO_NAGAR"", ""destination_id"": ""METRO_PACHAIYAPPA_S_COLLEGE""}",ANSWERABLE_AFTER_MANUAL_VERIFICATION,template_instantiation,TMPL_INTERCHANGE_TRANSFER_EN_12
PILOT_T2_TR_002688,,SFAM_STATION_ACCESSIBILITY_010,FAM_STATION_ACCESSIBILITY_010,PARA_STATION_ACCESSIBILITY_9_1,T2_MEDIUM_V1,accessibility,GET_ACCESSIBILITY_INFO,Please tell: क्या अन्ना नगर टावर स्टेशन पर दिव्यांग यात्रियों के लिए यात्री लिफ्ट उपलब्ध है? (सुलभता F10) #2,hi,Deva,CS0,N0,"{""station"": ""अन्ना नगर टावर"", ""accessibility_feature"": ""lift"", ""transport_mode"": ""मेट्रो""}","{""station_id"": ""METRO_ANNA_NAGAR_TOWER""}",ANSWERABLE_NOW,template_instantiation,TMPL_STATION_ACCESSIBILITY_HI_DEVA_9
PILOT_T2_TR_002689,,SFAM_STATION_ACCESSIBILITY_017,FAM_STATION_ACCESSIBILITY_017,PARA_STATION_ACCESSIBILITY_16_1,T2_MEDIUM_V1,accessibility,GET_ACCESSIBILITY_INFO,Transit query: क्या सेंट थॉमस माउंट स्टेशन पर दिव्यांग यात्रियों के लिए व्हीलचेयर रैंप उपलब्ध है? (सुलभता F17) #5,hi,Deva,CS0,N2,"{""station"": ""सेंट थॉमस माउंट"", ""accessibility_feature"": ""wheelchair"", ""transport_mode"": ""मेट्रो""}","{""station_id"": ""METRO_ST__THOMAS_MOUNT""}",ANSWERABLE_NOW,template_instantiation,TMPL_STATION_ACCESSIBILITY_HI_DEVA_16
PILOT_T2_TR_002690,,SFAM_TICKETING_AND_PASSES_008,FAM_TICKETING_AND_PASSES_008,PARA_TICKETING_AND_PASSES_7_3,T2_MEDIUM_V1,ticketing_rules,GET_TICKETING_POLICY,Quick check: How can regular passengers apply for and renew Smart Card (F8)? #4,hi-en,Latn,CS3,N0,"{""ticket_type"": ""smart_card"", ""transport_mode"": ""transit""}",{},ANSWERABLE_NOW,template_instantiation,TMPL_TICKETING_AND_PASSES_HINGLISH_LATN_7
PILOT_T2_TR_002691,,SFAM_STATION_ACCESSIBILITY_008,FAM_STATION_ACCESSIBILITY_008,PARA_STATION_ACCESSIBILITY_7_0,T2_MEDIUM_V1,accessibility,GET_ACCESSIBILITY_INFO,Are escalator stairs provisions available for differently abled passengers at High Court? [a11y F8],en,Latn,CS0,N0,"{""station"": ""High Court"", ""accessibility_feature"": ""escalator"", ""transport_mode"": ""metro""}","{""station_id"": ""METRO_HIGHCOURT""}",ANSWERABLE_NOW,template_instantiation,TMPL_STATION_ACCESSIBILITY_EN_7
PILOT_T2_TR_002692,,SFAM_MULTIMODAL_ROUTE_011,FAM_MULTIMODAL_ROUTE_011,PARA_MULTIMODAL_ROUTE_10_0,T2_MEDIUM_V1,route_query,PLAN_MULTIMODAL_ROUTE,Could you specify What is the combined bus and metro route from Kalpakkam to Nehru Park? [plan F11]? #3,en,Latn,CS0,N0,"{""origin"": ""Kalpakkam"", ""destination"": ""Nehru Park"", ""transport_mode"": ""multimodal""}","{""origin_id"": ""BUS_30143150"", ""destination_id"": ""METRO_NEHRU_PARK""}",ANSWERABLE_WITH_PROVISIONAL_DATA,template_instantiation,TMPL_MULTIMODAL_ROUTE_EN_10
PILOT_T2_TR_002693,,SFAM_NEAREST_TRANSPORT_003,FAM_NEAREST_TRANSPORT_003,PARA_NEAREST_TRANSPORT_2_1,T2_MEDIUM_V1,nearest_transport,FIND_NEAREST_STATION,ग्रेट लेक्स संस्थान के सबसे निकटतम मेट्रो स्टेशन या बस स्टॉप कौन सा है? (निकट F3),hi,Deva,CS0,N0,"{""landmark"": ""ग्रेट लेक्स संस्थान"", ""transport_mode"": ""मेट्रो या बस""}","{""place_id"": ""OSM_POI_577328882""}",ANSWERABLE_NOW,template_instantiation,TMPL_NEAREST_TRANSPORT_HI_DEVA_2
PILOT_T2_TR_002694,,SFAM_SERVICE_FREQUENCY_016,FAM_SERVICE_FREQUENCY_016,PARA_SERVICE_FREQUENCY_15_1,T2_MEDIUM_V1,service_timing,GET_SERVICE_FREQUENCY,साइदापेट और गिंडी के बीच मेट्रो हर कितने मिनट के अंतराल पर चलती है? (आवृत्ति F16),hi,Deva,CS0,N0,"{""origin"": ""साइदापेट"", ""destination"": ""गिंडी"", ""timing_type"": ""frequency"", ""transport_mode"": ""मेट्रो""}","{""origin_id"": ""METRO_SAIDAPET"", ""destination_id"": ""METRO_GUINDY""}",ANSWERABLE_NOW,template_instantiation,TMPL_SERVICE_FREQUENCY_HI_DEVA_15
PILOT_T2_TR_002695,,SFAM_STATION_ACCESSIBILITY_003,FAM_STATION_ACCESSIBILITY_003,PARA_STATION_ACCESSIBILITY_2_0,T2_MEDIUM_V1,accessibility,GET_ACCESSIBILITY_INFO,"Excuse me, Are tactile floor paths provisions available for differently abled passengers at Guindy? [a11y F3] #6",en,Latn,CS0,N0,"{""station"": ""Guindy"", ""accessibility_feature"": ""tactile_path"", ""transport_mode"": ""metro""}","{""station_id"": ""METRO_GUINDY""}",ANSWERABLE_NOW,template_instantiation,TMPL_STATION_ACCESSIBILITY_EN_2
PILOT_T2_TR_002696,,SFAM_MODE_AVAILABILITY_013,FAM_MODE_AVAILABILITY_013,PARA_MODE_AVAILABILITY_12_3,T2_MEDIUM_V1,service_availability,CHECK_SERVICE_AVAILABILITY,"Excuse me, Is public transit operational connecting Wimco Nagar Depot and Nelvoy (F13)? #6",hi-en,Latn,CS3,N2,"{""origin"": ""Wimco Nagar Depot"", ""destination"": ""Nelvoy"", ""transport_mode"": ""public transit""}","{""origin_id"": ""METRO_WIMCO_NAGAR"", ""destination_id"": ""BUS_469106564""}",ANSWERABLE_WITH_PROVISIONAL_DATA,template_instantiation,TMPL_MODE_AVAILABILITY_HINGLISH_LATN_12
PILOT_T2_TR_002697,,SFAM_STATION_FACILITIES_013,FAM_STATION_FACILITIES_013,PARA_STATION_FACILITIES_12_3,T2_MEDIUM_V1,station_facilities,GET_STATION_FACILITY,"Excuse me, Does Wimco Nagar Depot station premises include operational car parking (F13)? #6",hi-en,Latn,CS3,N2,"{""station"": ""Wimco Nagar Depot"", ""facility_type"": ""parking"", ""transport_mode"": ""metro""}","{""station_id"": ""METRO_WIMCO_NAGAR""}",ANSWERABLE_NOW,template_instantiation,TMPL_STATION_FACILITIES_HINGLISH_LATN_12
PILOT_T2_TR_002698,,SFAM_STATION_ACCESSIBILITY_004,FAM_STATION_ACCESSIBILITY_004,PARA_STATION_ACCESSIBILITY_3_2,T2_MEDIUM_V1,accessibility,GET_ACCESSIBILITY_INFO,Could you specify kya alandur metro station me wheelchair disabled ke liye escalator hai? [barrier-free F4]? #3,hi,Latn,CS0,N0,"{""station"": ""alandur"", ""accessibility_feature"": ""escalator"", ""transport_mode"": ""metro""}","{""station_id"": ""METRO_ARIGNAR_ANNA_ALANDUR""}",ANSWERABLE_NOW,template_instantiation,TMPL_STATION_ACCESSIBILITY_HI_LATN_3
PILOT_T2_TR_002699,,SFAM_POINT_TO_POINT_ROUTE_008,FAM_POINT_TO_POINT_ROUTE_008,PARA_POINT_TO_POINT_ROUTE_7_2,T2_MEDIUM_V1,route_query,PLAN_ROUTE,high court se little mount metro se travel kaise kare? [tarika F8],hi,Latn,CS0,N1,"{""origin"": ""high court"", ""destination"": ""little mount"", ""transport_mode"": ""metro""}","{""origin_id"": ""METRO_HIGHCOURT"", ""destination_id"": ""METRO_LITTLE_MOUNT""}",ANSWERABLE_WITH_PROVISIONAL_DATA,template_instantiation,TMPL_POINT_TO_POINT_ROUTE_HI_LATN_7
PILOT_T2_TR_002700,,SFAM_TICKETING_AND_PASSES_009,FAM_TICKETING_AND_PASSES_009,PARA_TICKETING_AND_PASSES_8_4,T2_MEDIUM_V1,ticketing_rules,GET_TICKETING_POLICY,Could you specify Commuter WhatsApp QR Ticket ke application aur terms ki complete details F9? #3,hi-en,Deva+Latn,CS4,N0,"{""ticket_type"": ""qr_ticket"", ""transport_mode"": ""transit""}",{},ANSWERABLE_NOW,template_instantiation,TMPL_TICKETING_AND_PASSES_MIXED_SCRIPT_CS_8
PILOT_T2_TR_002701,,SFAM_SCHEDULED_DEPARTURE_002,FAM_SCHEDULED_DEPARTURE_002,PARA_SCHEDULED_DEPARTURE_1_1,T2_MEDIUM_V1,service_timing,GET_SCHEDULED_DEPARTURES,Could you specify चेन्नई सेंट्रल से सुबह 8 बजे छूटने वाली गाड़ियों की समय सारणी दिखाएं। (समय F2)? #3,hi,Deva,CS0,N0,"{""origin"": ""चेन्नई सेंट्रल"", ""time"": ""सुबह 8 बजे"", ""resolved_time"": ""08:00:00""}","{""origin_id"": ""METRO_PURATCHI_THALAIVAR_DR__M_G_RAMACHANDRAN_CENTRAL""}",ANSWERABLE_NOW,template_instantiation,TMPL_SCHEDULED_DEPARTURE_HI_DEVA_1
PILOT_T2_TR_002702,,SFAM_ROUTE_STOP_SEQUENCE_010,FAM_ROUTE_STOP_SEQUENCE_010,PARA_ROUTE_STOP_SEQUENCE_9_3,T2_MEDIUM_V1,route_stops,LIST_ROUTE_STOPS,Could you specify Full stop order details for bus number 12G please provide (F10)? #3,hi-en,Latn,CS3,N2,"{""route_number"": ""12G"", ""transport_mode"": ""bus""}","{""route_id"": ""GTFS_ROUTE_18750""}",ANSWERABLE_WITH_PROVISIONAL_DATA,template_instantiation,TMPL_ROUTE_STOP_SEQUENCE_HINGLISH_LATN_9
PILOT_T2_TR_002703,,SFAM_FARE_CALCULATION_004,FAM_FARE_CALCULATION_004,PARA_FARE_CALCULATION_3_3,T2_MEDIUM_V1,fare_query,CALCULATE_FARE,Transit query: Calculate fare for travel between Alandur and Egmore stations (F4) #5,hi-en,Latn,CS3,N0,"{""origin"": ""Alandur"", ""destination"": ""Egmore"", ""transport_mode"": ""metro""}","{""origin_id"": ""METRO_ARIGNAR_ANNA_ALANDUR"", ""destination_id"": ""METRO_EGMORE""}",ANSWERABLE_NOW,template_instantiation,TMPL_FARE_CALCULATION_HINGLISH_LATN_3
PILOT_T2_TR_002704,,SFAM_STATION_ACCESSIBILITY_008,FAM_STATION_ACCESSIBILITY_008,PARA_STATION_ACCESSIBILITY_7_2,T2_MEDIUM_V1,accessibility,GET_ACCESSIBILITY_INFO,Please tell: kya high court metro station me wheelchair disabled ke liye escalator hai? [barrier-free F8] #2,hi,Latn,CS0,N1,"{""station"": ""high court"", ""accessibility_feature"": ""escalator"", ""transport_mode"": ""metro""}","{""station_id"": ""METRO_HIGHCOURT""}",ANSWERABLE_NOW,template_instantiation,TMPL_STATION_ACCESSIBILITY_HI_LATN_7
PILOT_T2_TR_002705,,SFAM_FARE_CALCULATION_007,FAM_FARE_CALCULATION_007,PARA_FARE_CALCULATION_6_0,T2_MEDIUM_V1,fare_query,CALCULATE_FARE,"Excuse me, What is the single-journey ticket fare from Vadapalani to Washermenpet on metro? [fare F7] #6",en,Latn,CS0,N0,"{""origin"": ""Vadapalani"", ""destination"": ""Washermenpet"", ""fare_type"": ""token"", ""transport_mode"": ""metro""}","{""origin_id"": ""METRO_VADAPALANI"", ""destination_id"": ""METRO_WASHERMENPET""}",ANSWERABLE_NOW,template_instantiation,TMPL_FARE_CALCULATION_EN_6
PILOT_T2_TR_002706,,SFAM_STATION_FACILITIES_017,FAM_STATION_FACILITIES_017,PARA_STATION_FACILITIES_16_4,T2_MEDIUM_V1,station_facilities,GET_STATION_FACILITY,क्या St. Thomas Mount station par passengers ke liye car parking accessible hai F17,hi-en,Deva+Latn,CS4,N2,"{""station"": ""St. Thomas Mount"", ""facility_type"": ""parking"", ""transport_mode"": ""metro""}","{""station_id"": ""METRO_ST__THOMAS_MOUNT""}",ANSWERABLE_NOW,template_instantiation,TMPL_STATION_FACILITIES_MIXED_SCRIPT_CS_16
PILOT_T2_TR_002707,,SFAM_MODE_AVAILABILITY_001,FAM_MODE_AVAILABILITY_001,PARA_MODE_AVAILABILITY_0_2,T2_MEDIUM_V1,service_availability,CHECK_SERVICE_AVAILABILITY,airport se tambaram tak direct transit options available hain kya? [suvidha F1],hi,Latn,CS0,N0,"{""origin"": ""airport"", ""destination"": ""tambaram"", ""transport_mode"": ""any""}","{""origin_id"": ""METRO_CHENNAI_INTERNATIONAL_AIRPORT"", ""destination_id"": ""BUS_5304399879""}",ANSWERABLE_WITH_PROVISIONAL_DATA,template_instantiation,TMPL_MODE_AVAILABILITY_HI_LATN_0
PILOT_T2_TR_002708,,SFAM_FARE_CALCULATION_004,FAM_FARE_CALCULATION_004,PARA_FARE_CALCULATION_3_1,T2_MEDIUM_V1,fare_query,CALCULATE_FARE,Quick check: आलंदूर से एग्मोर तक का मेट्रो का टोकन किराया कितना रुपया है? (किराया F4) #4,hi,Deva,CS0,N2,"{""origin"": ""आलंदूर"", ""destination"": ""एग्मोर"", ""fare_type"": ""टोकन"", ""transport_mode"": ""मेट्रो""}","{""origin_id"": ""METRO_ARIGNAR_ANNA_ALANDUR"", ""destination_id"": ""METRO_EGMORE""}",ANSWERABLE_NOW,template_instantiation,TMPL_FARE_CALCULATION_HI_DEVA_3
PILOT_T2_TR_002709,,SFAM_REALTIME_STATUS_QUERY_009,FAM_REALTIME_STATUS_QUERY_009,PARA_REALTIME_STATUS_QUERY_8_0,T2_MEDIUM_V1,realtime_status_query,REJECT_UNSUPPORTED_REALTIME,Quick check: Where is bus 29A right now and what is its live location? [live F9] #4,en,Latn,CS0,N0,"{""route_number"": ""29A"", ""transport_mode"": ""bus""}","{""route_id"": ""GTFS_ROUTE_18751""}",REQUIRES_REALTIME_DATA,template_instantiation,TMPL_REALTIME_STATUS_QUERY_EN_8
PILOT_T2_TR_002710,,SFAM_ROUTE_STOP_SEQUENCE_018,FAM_ROUTE_STOP_SEQUENCE_018,PARA_ROUTE_STOP_SEQUENCE_17_0,T2_MEDIUM_V1,route_stops,LIST_ROUTE_STOPS,Please tell: List every intermediate stop along route 102A in order. [seq F18] #2,en,Latn,CS0,N0,"{""route_number"": ""102A"", ""transport_mode"": ""bus""}","{""route_id"": ""GTFS_ROUTE_10248""}",ANSWERABLE_WITH_PROVISIONAL_DATA,template_instantiation,TMPL_ROUTE_STOP_SEQUENCE_EN_17
PILOT_T2_TR_002711,,SFAM_STATION_FACILITIES_005,FAM_STATION_FACILITIES_005,PARA_STATION_FACILITIES_4_3,T2_MEDIUM_V1,station_facilities,GET_STATION_FACILITY,Transit query: Does CMBT station premises include operational car parking (F5)? #5,hi-en,Latn,CS3,N0,"{""station"": ""CMBT"", ""facility_type"": ""parking"", ""transport_mode"": ""metro""}","{""station_id"": ""METRO_PURATCHI_THALAIVI_DR_J_JAYALALITHAA_CMBT""}",ANSWERABLE_NOW,template_instantiation,TMPL_STATION_FACILITIES_HINGLISH_LATN_4
PILOT_T2_TR_002712,,SFAM_REALTIME_STATUS_QUERY_003,FAM_REALTIME_STATUS_QUERY_003,PARA_REALTIME_STATUS_QUERY_2_0,T2_MEDIUM_V1,realtime_status_query,REJECT_UNSUPPORTED_REALTIME,"Excuse me, Where is bus 102A right now and what is its live location? [live F3] #6",en,Latn,CS0,N0,"{""route_number"": ""102A"", ""transport_mode"": ""bus""}","{""route_id"": ""GTFS_ROUTE_10248""}",REQUIRES_REALTIME_DATA,template_instantiation,TMPL_REALTIME_STATUS_QUERY_EN_2
PILOT_T2_TR_002713,,SFAM_INTERCHANGE_TRANSFER_020,FAM_INTERCHANGE_TRANSFER_020,PARA_INTERCHANGE_TRANSFER_19_3,T2_MEDIUM_V1,interchange_query,GET_INTERCHANGE_DETAILS,"Excuse me, Transfer walking time and directions at Pachaiyappa College multimodal terminal (F20) #6",hi-en,Latn,CS3,N1,"{""station"": ""Pachaiyappa College"", ""facility_type"": ""interchange""}","{""station_id"": ""METRO_PACHAIYAPPA_S_COLLEGE""}",ANSWERABLE_AFTER_MANUAL_VERIFICATION,template_instantiation,TMPL_INTERCHANGE_TRANSFER_HINGLISH_LATN_19
PILOT_T2_TR_002714,,SFAM_FARE_CALCULATION_009,FAM_FARE_CALCULATION_009,PARA_FARE_CALCULATION_8_1,T2_MEDIUM_V1,fare_query,CALCULATE_FARE,"Excuse me, तिरुमंगलम से साइदापेट तक का मेट्रो का टोकन किराया कितना रुपया है? (किराया F9) #6",hi,Deva,CS0,N0,"{""origin"": ""तिरुमंगलम"", ""destination"": ""साइदापेट"", ""fare_type"": ""टोकन"", ""transport_mode"": ""मेट्रो""}","{""origin_id"": ""METRO_THIRUMANGALAM"", ""destination_id"": ""METRO_SAIDAPET""}",ANSWERABLE_NOW,template_instantiation,TMPL_FARE_CALCULATION_HI_DEVA_8
PILOT_T2_TR_002715,,SFAM_NEAREST_TRANSPORT_012,FAM_NEAREST_TRANSPORT_012,PARA_NEAREST_TRANSPORT_11_3,T2_MEDIUM_V1,nearest_transport,FIND_NEAREST_STATION,"Excuse me, Find closest public transport access point near IIT Madras (F12) #6",hi-en,Latn,CS3,N2,"{""landmark"": ""IIT Madras"", ""transport_mode"": ""public transport""}","{""place_id"": ""OSM_POI_11013406019""}",ANSWERABLE_NOW,template_instantiation,TMPL_NEAREST_TRANSPORT_HINGLISH_LATN_11
PILOT_T2_TR_002716,,SFAM_STATION_ACCESSIBILITY_020,FAM_STATION_ACCESSIBILITY_020,PARA_STATION_ACCESSIBILITY_19_2,T2_MEDIUM_V1,accessibility,GET_ACCESSIBILITY_INFO,Could you specify kya pachaiyappa college metro station me wheelchair disabled ke liye escalator hai? [barrier-free F20]? #3,hi,Latn,CS0,N0,"{""station"": ""pachaiyappa college"", ""accessibility_feature"": ""escalator"", ""transport_mode"": ""metro""}","{""station_id"": ""METRO_PACHAIYAPPA_S_COLLEGE""}",ANSWERABLE_NOW,template_instantiation,TMPL_STATION_ACCESSIBILITY_HI_LATN_19
PILOT_T2_TR_002717,,SFAM_STATION_FACILITIES_013,FAM_STATION_FACILITIES_013,PARA_STATION_FACILITIES_12_0,T2_MEDIUM_V1,station_facilities,GET_STATION_FACILITY,Transit query: Is car parking facility available at Wimco Nagar Depot metro station? [fac F13] #5,en,Latn,CS0,N0,"{""station"": ""Wimco Nagar Depot"", ""facility_type"": ""parking"", ""transport_mode"": ""metro""}","{""station_id"": ""METRO_WIMCO_NAGAR""}",ANSWERABLE_NOW,template_instantiation,TMPL_STATION_FACILITIES_EN_12
PILOT_T2_TR_002718,,SFAM_FARE_CALCULATION_009,FAM_FARE_CALCULATION_009,PARA_FARE_CALCULATION_8_4,T2_MEDIUM_V1,fare_query,CALCULATE_FARE,Thirumangalam से Saidapet metro travel ka discounted smart card fare kya hai F9,hi-en,Deva+Latn,CS4,N0,"{""origin"": ""Thirumangalam"", ""destination"": ""Saidapet"", ""ticket_type"": ""smart_card"", ""transport_mode"": ""metro""}","{""origin_id"": ""METRO_THIRUMANGALAM"", ""destination_id"": ""METRO_SAIDAPET""}",ANSWERABLE_NOW,template_instantiation,TMPL_FARE_CALCULATION_MIXED_SCRIPT_CS_8
PILOT_T2_TR_002719,,SFAM_OUT_OF_SCOPE_017,FAM_OUT_OF_SCOPE_017,PARA_OUT_OF_SCOPE_16_0,T2_MEDIUM_V1,out_of_scope,REJECT_OUT_OF_SCOPE,Quick check: Book a private cab taxi ride from St. Thomas Mount to Alandur. [cab F17] #4,en,Latn,CS0,N0,"{""origin"": ""St. Thomas Mount"", ""destination"": ""Alandur""}","{""origin_id"": ""METRO_ST__THOMAS_MOUNT"", ""destination_id"": ""METRO_ARIGNAR_ANNA_ALANDUR""}",OUT_OF_SCOPE,template_instantiation,TMPL_OUT_OF_SCOPE_EN_16
PILOT_T2_TR_002720,,SFAM_ROUTE_STOP_MEMBERSHIP_005,FAM_ROUTE_STOP_MEMBERSHIP_005,PARA_ROUTE_STOP_MEMBERSHIP_4_1,T2_MEDIUM_V1,route_stops,CHECK_STOP_ON_ROUTE,क्या बस 23C बेसेंट नगर स्टॉप पर रुकती है? (जांच F5),hi,Deva,CS0,N0,"{""route_number"": ""23C"", ""stop"": ""बेसेंट नगर"", ""transport_mode"": ""बस""}","{""route_id"": ""GTFS_ROUTE_10214"", ""stop_id"": ""BUS_417750654""}",ANSWERABLE_WITH_PROVISIONAL_DATA,template_instantiation,TMPL_ROUTE_STOP_MEMBERSHIP_HI_DEVA_4
PILOT_T2_TR_002721,,SFAM_REALTIME_STATUS_QUERY_014,FAM_REALTIME_STATUS_QUERY_014,PARA_REALTIME_STATUS_QUERY_13_2,T2_MEDIUM_V1,realtime_status_query,REJECT_UNSUPPORTED_REALTIME,Could you specify Bus Blue Line ka real time current gps location update kahan pahuncha? [track F14]? #3,hi,Latn,CS0,N0,"{""route_number"": ""Blue Line"", ""transport_mode"": ""bus""}","{""route_id"": ""CMRL_BLUE_CORRIDOR_1""}",REQUIRES_REALTIME_DATA,template_instantiation,TMPL_REALTIME_STATUS_QUERY_HI_LATN_13
PILOT_T2_TR_002722,,SFAM_TICKETING_AND_PASSES_009,FAM_TICKETING_AND_PASSES_009,PARA_TICKETING_AND_PASSES_8_1,T2_MEDIUM_V1,ticketing_rules,GET_TICKETING_POLICY,"Excuse me, यात्रियों के लिए क्यूआर टिकट प्राप्त करने के नियम और प्रक्रिया क्या हैं? (पास F9) #6",hi,Deva,CS0,N0,"{""ticket_type"": ""qr_ticket"", ""transport_mode"": ""पारगमन""}",{},ANSWERABLE_NOW,template_instantiation,TMPL_TICKETING_AND_PASSES_HI_DEVA_8
PILOT_T2_TR_002723,,SFAM_ROUTE_STOP_SEQUENCE_014,FAM_ROUTE_STOP_SEQUENCE_014,PARA_ROUTE_STOP_SEQUENCE_13_0,T2_MEDIUM_V1,route_stops,LIST_ROUTE_STOPS,Could you specify List every intermediate stop along route Blue Line in order. [seq F14]? #3,en,Latn,CS0,N0,"{""route_number"": ""Blue Line"", ""transport_mode"": ""bus""}","{""route_id"": ""CMRL_BLUE_CORRIDOR_1""}",ANSWERABLE_WITH_PROVISIONAL_DATA,template_instantiation,TMPL_ROUTE_STOP_SEQUENCE_EN_13
PILOT_T2_TR_002724,,SFAM_MODE_AVAILABILITY_018,FAM_MODE_AVAILABILITY_018,PARA_MODE_AVAILABILITY_17_3,T2_MEDIUM_V1,service_availability,CHECK_SERVICE_AVAILABILITY,Quick check: Is public transit operational connecting Nehru Park and Broadway (F18)? #4,hi-en,Latn,CS3,N0,"{""origin"": ""Nehru Park"", ""destination"": ""Broadway"", ""transport_mode"": ""public transit""}","{""origin_id"": ""METRO_NEHRU_PARK"", ""destination_id"": ""BUS_27618346""}",ANSWERABLE_WITH_PROVISIONAL_DATA,template_instantiation,TMPL_MODE_AVAILABILITY_HINGLISH_LATN_17
PILOT_T2_TR_002725,,SFAM_STATION_ACCESSIBILITY_014,FAM_STATION_ACCESSIBILITY_014,PARA_STATION_ACCESSIBILITY_13_2,T2_MEDIUM_V1,accessibility,GET_ACCESSIBILITY_INFO,Please tell: kya washermenpet metro station me wheelchair disabled ke liye passenger lift hai? [barrier-free F14] #2,hi,Latn,CS0,N1,"{""station"": ""washermenpet"", ""accessibility_feature"": ""lift"", ""transport_mode"": ""metro""}","{""station_id"": ""METRO_WASHERMENPET""}",ANSWERABLE_NOW,template_instantiation,TMPL_STATION_ACCESSIBILITY_HI_LATN_13
PILOT_T2_TR_002726,,SFAM_TICKETING_AND_PASSES_012,FAM_TICKETING_AND_PASSES_012,PARA_TICKETING_AND_PASSES_11_3,T2_MEDIUM_V1,ticketing_rules,GET_TICKETING_POLICY,Please tell: How can regular passengers apply for and renew National Common Mobility Card (F12)? #2,hi-en,Latn,CS3,N0,"{""ticket_type"": ""ncmc_card"", ""transport_mode"": ""transit""}",{},ANSWERABLE_NOW,template_instantiation,TMPL_TICKETING_AND_PASSES_HINGLISH_LATN_11
PILOT_T2_TR_002727,,SFAM_SCHEDULED_DEPARTURE_020,FAM_SCHEDULED_DEPARTURE_020,PARA_SCHEDULED_DEPARTURE_19_0,T2_MEDIUM_V1,service_timing,GET_SCHEDULED_DEPARTURES,Show metro departure timetable at bare 8 o'clock from Pachaiyappa College [sched F20],en,Latn,CS0,N0,"{""origin"": ""Pachaiyappa College"", ""time"": ""8 o'clock"", ""temporal_ambiguity"": true, ""dual_candidates"": [""08:00:00"", ""20:00:00""]}","{""origin_id"": ""METRO_PACHAIYAPPA_S_COLLEGE""}",ANSWERABLE_NOW,template_instantiation,TMPL_SCHEDULED_DEPARTURE_EN_19
PILOT_T2_TR_002728,,SFAM_ROUTE_STOP_MEMBERSHIP_015,FAM_ROUTE_STOP_MEMBERSHIP_015,PARA_ROUTE_STOP_MEMBERSHIP_14_0,T2_MEDIUM_V1,route_stops,CHECK_STOP_ON_ROUTE,Could you specify Does bus route Green Line make a scheduled halt at Bus stand? [chk F15]? #3,en,Latn,CS0,N0,"{""route_number"": ""Green Line"", ""stop"": ""Bus stand"", ""transport_mode"": ""bus""}","{""route_id"": ""CMRL_GREEN_CORRIDOR_2"", ""stop_id"": ""BUS_5300484122""}",ANSWERABLE_WITH_PROVISIONAL_DATA,template_instantiation,TMPL_ROUTE_STOP_MEMBERSHIP_EN_14
PILOT_T2_TR_002729,,SFAM_MODE_AVAILABILITY_003,FAM_MODE_AVAILABILITY_003,PARA_MODE_AVAILABILITY_2_0,T2_MEDIUM_V1,service_availability,CHECK_SERVICE_AVAILABILITY,Please tell: Are there direct public transport options from Guindy to Adyar? [avail F3] #2,en,Latn,CS0,N0,"{""origin"": ""Guindy"", ""destination"": ""Adyar"", ""transport_mode"": ""any""}","{""origin_id"": ""METRO_GUINDY"", ""destination_id"": ""BUS_2587520213""}",ANSWERABLE_WITH_PROVISIONAL_DATA,template_instantiation,TMPL_MODE_AVAILABILITY_EN_2
PILOT_T2_TR_002730,,SFAM_TICKETING_AND_PASSES_018,FAM_TICKETING_AND_PASSES_018,PARA_TICKETING_AND_PASSES_17_0,T2_MEDIUM_V1,ticketing_rules,GET_TICKETING_POLICY,"Excuse me, What are the rules and procedure to purchase a National Common Mobility Card for commuters? [pass F18] #6",en,Latn,CS0,N0,"{""ticket_type"": ""ncmc_card"", ""transport_mode"": ""transit""}",{},ANSWERABLE_NOW,template_instantiation,TMPL_TICKETING_AND_PASSES_EN_17
PILOT_T2_TR_002731,,SFAM_NEAREST_TRANSPORT_003,FAM_NEAREST_TRANSPORT_003,PARA_NEAREST_TRANSPORT_2_1,T2_MEDIUM_V1,nearest_transport,FIND_NEAREST_STATION,Quick check: ग्रेट लेक्स संस्थान के सबसे निकटतम मेट्रो स्टेशन या बस स्टॉप कौन सा है? (निकट F3) #4,hi,Deva,CS0,N2,"{""landmark"": ""ग्रेट लेक्स संस्थान"", ""transport_mode"": ""मेट्रो या बस""}","{""place_id"": ""OSM_POI_577328882""}",ANSWERABLE_NOW,template_instantiation,TMPL_NEAREST_TRANSPORT_HI_DEVA_2
PILOT_T2_TR_002732,,SFAM_FARE_CALCULATION_003,FAM_FARE_CALCULATION_003,PARA_FARE_CALCULATION_2_4,T2_MEDIUM_V1,fare_query,CALCULATE_FARE,Could you specify Guindy से Anna Nagar Tower metro travel ka discounted smart card fare kya hai F3? #3,hi-en,Deva+Latn,CS4,N1,"{""origin"": ""Guindy"", ""destination"": ""Anna Nagar Tower"", ""ticket_type"": ""smart_card"", ""transport_mode"": ""metro""}","{""origin_id"": ""METRO_GUINDY"", ""destination_id"": ""METRO_ANNA_NAGAR_TOWER""}",ANSWERABLE_NOW,template_instantiation,TMPL_FARE_CALCULATION_MIXED_SCRIPT_CS_2
PILOT_T2_TR_002733,,SFAM_NEAREST_TRANSPORT_011,FAM_NEAREST_TRANSPORT_011,PARA_NEAREST_TRANSPORT_10_0,T2_MEDIUM_V1,nearest_transport,FIND_NEAREST_STATION,"Excuse me, Which is the nearest metro station or transit stop to Marina Beach? [loc F11] #6",en,Latn,CS0,N0,"{""landmark"": ""Marina Beach"", ""transport_mode"": ""metro""}","{""place_id"": ""OSM_POI_12137617372""}",ANSWERABLE_NOW,template_instantiation,TMPL_NEAREST_TRANSPORT_EN_10
PILOT_T2_TR_002734,,SFAM_OUT_OF_SCOPE_008,FAM_OUT_OF_SCOPE_008,PARA_OUT_OF_SCOPE_7_1,T2_MEDIUM_V1,out_of_scope,REJECT_OUT_OF_SCOPE,हाई कोर्ट के निकटतम सबसे अच्छे रेस्टोरेंट और भोजनालय की सूची दें। (बाहर F8),hi,Deva,CS0,N1,"{""station"": ""हाई कोर्ट""}","{""station_id"": ""METRO_HIGHCOURT""}",OUT_OF_SCOPE,template_instantiation,TMPL_OUT_OF_SCOPE_HI_DEVA_7
PILOT_T2_TR_002735,,SFAM_FIRST_AND_LAST_SERVICE_019,FAM_FIRST_AND_LAST_SERVICE_019,PARA_FIRST_AND_LAST_SERVICE_18_2,T2_MEDIUM_V1,service_timing,GET_FIRST_LAST_SERVICE,kilpauk se koyambedu first morning aur last night metro departure timing batao [samay F19],hi,Latn,CS0,N0,"{""origin"": ""kilpauk"", ""destination"": ""koyambedu"", ""timing_type"": ""first_last"", ""transport_mode"": ""metro""}","{""origin_id"": ""METRO_KILPAUK"", ""destination_id"": ""METRO_KOYAMBEDU""}",ANSWERABLE_NOW,template_instantiation,TMPL_FIRST_AND_LAST_SERVICE_HI_LATN_18
PILOT_T2_TR_002736,,SFAM_FIRST_AND_LAST_SERVICE_002,FAM_FIRST_AND_LAST_SERVICE_002,PARA_FIRST_AND_LAST_SERVICE_1_0,T2_MEDIUM_V1,service_timing,GET_FIRST_LAST_SERVICE,Please tell: What time does the earliest and latest train depart Chennai Central for Thirumangalam? [hrs F2] #2,en,Latn,CS0,N0,"{""origin"": ""Chennai Central"", ""destination"": ""Thirumangalam"", ""timing_type"": ""first_last"", ""transport_mode"": ""metro""}","{""origin_id"": ""METRO_PURATCHI_THALAIVAR_DR__M_G_RAMACHANDRAN_CENTRAL"", ""destination_id"": ""METRO_THIRUMANGALAM""}",ANSWERABLE_NOW,template_instantiation,TMPL_FIRST_AND_LAST_SERVICE_EN_1
PILOT_T2_TR_002737,,SFAM_INTERCHANGE_TRANSFER_010,FAM_INTERCHANGE_TRANSFER_010,PARA_INTERCHANGE_TRANSFER_9_1,T2_MEDIUM_V1,interchange_query,GET_INTERCHANGE_DETAILS,Quick check: अन्ना नगर टावर इंटरचेंज पर दूसरी लाइन में ट्रांसफर करने का मार्ग क्या है? (बदलाव F10) #4,hi,Deva,CS0,N0,"{""station"": ""अन्ना नगर टावर"", ""facility_type"": ""इंटरचेंज""}","{""station_id"": ""METRO_ANNA_NAGAR_TOWER""}",ANSWERABLE_AFTER_MANUAL_VERIFICATION,template_instantiation,TMPL_INTERCHANGE_TRANSFER_HI_DEVA_9
PILOT_T2_TR_002738,,SFAM_NEAREST_TRANSPORT_011,FAM_NEAREST_TRANSPORT_011,PARA_NEAREST_TRANSPORT_10_3,T2_MEDIUM_V1,nearest_transport,FIND_NEAREST_STATION,Please tell: Find closest public transport access point near Marina Beach (F11) #2,hi-en,Latn,CS3,N0,"{""landmark"": ""Marina Beach"", ""transport_mode"": ""public transport""}","{""place_id"": ""OSM_POI_12137617372""}",ANSWERABLE_NOW,template_instantiation,TMPL_NEAREST_TRANSPORT_HINGLISH_LATN_10
PILOT_T2_TR_002739,,SFAM_MODE_AVAILABILITY_007,FAM_MODE_AVAILABILITY_007,PARA_MODE_AVAILABILITY_6_1,T2_MEDIUM_V1,service_availability,CHECK_SERVICE_AVAILABILITY,Quick check: क्या वडपलनी से तिरुवान्मियूर के लिए कोई सार्वजनिक बस या ट्रेन उपलब्ध है? (उपलब्धता F7) #4,hi,Deva,CS0,N0,"{""origin"": ""वडपलनी"", ""destination"": ""तिरुवान्मियूर"", ""transport_mode"": ""सार्वजनिक बस या ट्रेन""}","{""origin_id"": ""METRO_VADAPALANI"", ""destination_id"": ""BUS_3247310920""}",ANSWERABLE_WITH_PROVISIONAL_DATA,template_instantiation,TMPL_MODE_AVAILABILITY_HI_DEVA_6
PILOT_T2_TR_002740,,SFAM_ROUTE_STOP_SEQUENCE_002,FAM_ROUTE_STOP_SEQUENCE_002,PARA_ROUTE_STOP_SEQUENCE_1_0,T2_MEDIUM_V1,route_stops,LIST_ROUTE_STOPS,Quick check: List every intermediate stop along route 102 in order. [seq F2] #4,en,Latn,CS0,N0,"{""route_number"": ""102"", ""transport_mode"": ""bus""}","{""route_id"": ""GTFS_ROUTE_16861""}",ANSWERABLE_WITH_PROVISIONAL_DATA,template_instantiation,TMPL_ROUTE_STOP_SEQUENCE_EN_1
PILOT_T2_TR_002741,,SFAM_ROUTE_STOP_MEMBERSHIP_001,FAM_ROUTE_STOP_MEMBERSHIP_001,PARA_ROUTE_STOP_MEMBERSHIP_0_3,T2_MEDIUM_V1,route_stops,CHECK_STOP_ON_ROUTE,Verify if Tambaram bus stop is covered by route 21G (F1),hi-en,Latn,CS3,N2,"{""route_number"": ""21G"", ""stop"": ""Tambaram"", ""transport_mode"": ""bus""}","{""route_id"": ""GTFS_ROUTE_8458"", ""stop_id"": ""BUS_5304399879""}",ANSWERABLE_WITH_PROVISIONAL_DATA,template_instantiation,TMPL_ROUTE_STOP_MEMBERSHIP_HINGLISH_LATN_0
PILOT_T2_TR_002742,,SFAM_FARE_CALCULATION_003,FAM_FARE_CALCULATION_003,PARA_FARE_CALCULATION_2_3,T2_MEDIUM_V1,fare_query,CALCULATE_FARE,"Excuse me, Calculate fare for travel between Guindy and Anna Nagar Tower stations (F3) #6",hi-en,Latn,CS3,N0,"{""origin"": ""Guindy"", ""destination"": ""Anna Nagar Tower"", ""transport_mode"": ""metro""}","{""origin_id"": ""METRO_GUINDY"", ""destination_id"": ""METRO_ANNA_NAGAR_TOWER""}",ANSWERABLE_NOW,template_instantiation,TMPL_FARE_CALCULATION_HINGLISH_LATN_2
PILOT_T2_TR_002743,,SFAM_STATION_FACILITIES_017,FAM_STATION_FACILITIES_017,PARA_STATION_FACILITIES_16_0,T2_MEDIUM_V1,station_facilities,GET_STATION_FACILITY,Is car parking facility available at St. Thomas Mount metro station? [fac F17],en,Latn,CS0,N0,"{""station"": ""St. Thomas Mount"", ""facility_type"": ""parking"", ""transport_mode"": ""metro""}","{""station_id"": ""METRO_ST__THOMAS_MOUNT""}",ANSWERABLE_NOW,template_instantiation,TMPL_STATION_FACILITIES_EN_16
PILOT_T2_TR_002744,,SFAM_POINT_TO_POINT_ROUTE_015,FAM_POINT_TO_POINT_ROUTE_015,PARA_POINT_TO_POINT_ROUTE_14_1,T2_MEDIUM_V1,route_query,PLAN_ROUTE,Please tell: लिटिल माउंट से चेन्नई सेंट्रल मेट्रो से जाने का रास्ता क्या है? (प्रारूप F15) #2,hi,Deva,CS0,N0,"{""origin"": ""लिटिल माउंट"", ""destination"": ""चेन्नई सेंट्रल"", ""transport_mode"": ""मेट्रो""}","{""origin_id"": ""METRO_LITTLE_MOUNT"", ""destination_id"": ""METRO_PURATCHI_THALAIVAR_DR__M_G_RAMACHANDRAN_CENTRAL""}",ANSWERABLE_WITH_PROVISIONAL_DATA,template_instantiation,TMPL_POINT_TO_POINT_ROUTE_HI_DEVA_14
PILOT_T2_TR_002745,,SFAM_OUT_OF_SCOPE_020,FAM_OUT_OF_SCOPE_020,PARA_OUT_OF_SCOPE_19_0,T2_MEDIUM_V1,out_of_scope,REJECT_OUT_OF_SCOPE,Transit query: Book a private cab taxi ride from Pachaiyappa College to Vadapalani. [cab F20] #5,en,Latn,CS0,N0,"{""origin"": ""Pachaiyappa College"", ""destination"": ""Vadapalani""}","{""origin_id"": ""METRO_PACHAIYAPPA_S_COLLEGE"", ""destination_id"": ""METRO_VADAPALANI""}",OUT_OF_SCOPE,template_instantiation,TMPL_OUT_OF_SCOPE_EN_19
PILOT_T2_TR_002746,,SFAM_MODE_AVAILABILITY_009,FAM_MODE_AVAILABILITY_009,PARA_MODE_AVAILABILITY_8_3,T2_MEDIUM_V1,service_availability,CHECK_SERVICE_AVAILABILITY,Is public transit operational connecting Thirumangalam and Madurantakam (F9)?,hi-en,Latn,CS3,N0,"{""origin"": ""Thirumangalam"", ""destination"": ""Madurantakam"", ""transport_mode"": ""public transit""}","{""origin_id"": ""METRO_THIRUMANGALAM"", ""destination_id"": ""BUS_5306412986""}",ANSWERABLE_WITH_PROVISIONAL_DATA,template_instantiation,TMPL_MODE_AVAILABILITY_HINGLISH_LATN_8
PILOT_T2_TR_002747,,SFAM_POINT_TO_POINT_ROUTE_018,FAM_POINT_TO_POINT_ROUTE_018,PARA_POINT_TO_POINT_ROUTE_17_1,T2_MEDIUM_V1,route_query,PLAN_ROUTE,Could you specify नेहरू पार्क से सीएमबीटी मेट्रो से जाने का रास्ता क्या है? (प्रारूप F18)? #3,hi,Deva,CS0,N0,"{""origin"": ""नेहरू पार्क"", ""destination"": ""सीएमबीटी"", ""transport_mode"": ""मेट्रो""}","{""origin_id"": ""METRO_NEHRU_PARK"", ""destination_id"": ""METRO_PURATCHI_THALAIVI_DR_J_JAYALALITHAA_CMBT""}",ANSWERABLE_WITH_PROVISIONAL_DATA,template_instantiation,TMPL_POINT_TO_POINT_ROUTE_HI_DEVA_17
PILOT_T2_TR_002748,,SFAM_STATION_ACCESSIBILITY_009,FAM_STATION_ACCESSIBILITY_009,PARA_STATION_ACCESSIBILITY_8_3,T2_MEDIUM_V1,accessibility,GET_ACCESSIBILITY_INFO,Transit query: Verification of accessible wheelchair ramp support at Thirumangalam metro (F9) #5,hi-en,Latn,CS3,N1,"{""station"": ""Thirumangalam"", ""accessibility_feature"": ""wheelchair"", ""transport_mode"": ""metro""}","{""station_id"": ""METRO_THIRUMANGALAM""}",ANSWERABLE_NOW,template_instantiation,TMPL_STATION_ACCESSIBILITY_HINGLISH_LATN_8
PILOT_T2_TR_002749,,SFAM_STATION_ACCESSIBILITY_005,FAM_STATION_ACCESSIBILITY_005,PARA_STATION_ACCESSIBILITY_4_3,T2_MEDIUM_V1,accessibility,GET_ACCESSIBILITY_INFO,Quick check: Verification of accessible wheelchair ramp support at CMBT metro (F5) #4,hi-en,Latn,CS3,N2,"{""station"": ""CMBT"", ""accessibility_feature"": ""wheelchair"", ""transport_mode"": ""metro""}","{""station_id"": ""METRO_PURATCHI_THALAIVI_DR_J_JAYALALITHAA_CMBT""}",ANSWERABLE_NOW,template_instantiation,TMPL_STATION_ACCESSIBILITY_HINGLISH_LATN_4
PILOT_T2_TR_002750,,SFAM_OUT_OF_SCOPE_006,FAM_OUT_OF_SCOPE_006,PARA_OUT_OF_SCOPE_5_3,T2_MEDIUM_V1,out_of_scope,REJECT_OUT_OF_SCOPE,Please tell: What is the general weather rain forecast in Chennai near Ramakrishna Hospital today (F6)? #2,hi-en,Latn,CS3,N0,"{""landmark"": ""Ramakrishna Hospital""}","{""place_id"": ""OSM_POI_7820652187""}",OUT_OF_SCOPE,template_instantiation,TMPL_OUT_OF_SCOPE_HINGLISH_LATN_5
PILOT_T2_TR_002751,,SFAM_STATION_ACCESSIBILITY_005,FAM_STATION_ACCESSIBILITY_005,PARA_STATION_ACCESSIBILITY_4_3,T2_MEDIUM_V1,accessibility,GET_ACCESSIBILITY_INFO,"Hello assistant, Verification of accessible wheelchair ramp support at CMBT metro (F5) #7",hi-en,Latn,CS3,N0,"{""station"": ""CMBT"", ""accessibility_feature"": ""wheelchair"", ""transport_mode"": ""metro""}","{""station_id"": ""METRO_PURATCHI_THALAIVI_DR_J_JAYALALITHAA_CMBT""}",ANSWERABLE_NOW,template_instantiation,TMPL_STATION_ACCESSIBILITY_HINGLISH_LATN_4
PILOT_T2_TR_002752,,SFAM_ROUTE_STOP_MEMBERSHIP_003,FAM_ROUTE_STOP_MEMBERSHIP_003,PARA_ROUTE_STOP_MEMBERSHIP_2_0,T2_MEDIUM_V1,route_stops,CHECK_STOP_ON_ROUTE,Does bus route 102A make a scheduled halt at Adyar? [chk F3],en,Latn,CS0,N0,"{""route_number"": ""102A"", ""stop"": ""Adyar"", ""transport_mode"": ""bus""}","{""route_id"": ""GTFS_ROUTE_10248"", ""stop_id"": ""BUS_2587520213""}",ANSWERABLE_WITH_PROVISIONAL_DATA,template_instantiation,TMPL_ROUTE_STOP_MEMBERSHIP_EN_2
PILOT_T2_TR_002753,,SFAM_STATION_ACCESSIBILITY_011,FAM_STATION_ACCESSIBILITY_011,PARA_STATION_ACCESSIBILITY_10_4,T2_MEDIUM_V1,accessibility,GET_ACCESSIBILITY_INFO,Please tell: Egmore station par handicapped passengers ke liye tactile floor paths support status F11 #2,hi-en,Deva+Latn,CS4,N0,"{""station"": ""Egmore"", ""accessibility_feature"": ""tactile_path"", ""transport_mode"": ""metro""}","{""station_id"": ""METRO_EGMORE""}",ANSWERABLE_NOW,template_instantiation,TMPL_STATION_ACCESSIBILITY_MIXED_SCRIPT_CS_10
PILOT_T2_TR_002754,,SFAM_SCHEDULED_DEPARTURE_014,FAM_SCHEDULED_DEPARTURE_014,PARA_SCHEDULED_DEPARTURE_13_1,T2_MEDIUM_V1,service_timing,GET_SCHEDULED_DEPARTURES,Please tell: वॉशरमैनपेट से सुबह 8 बजे छूटने वाली गाड़ियों की समय सारणी दिखाएं। (समय F14) #2,hi,Deva,CS0,N0,"{""origin"": ""वॉशरमैनपेट"", ""time"": ""सुबह 8 बजे"", ""resolved_time"": ""08:00:00""}","{""origin_id"": ""METRO_WASHERMENPET""}",ANSWERABLE_NOW,template_instantiation,TMPL_SCHEDULED_DEPARTURE_HI_DEVA_13
PILOT_T2_TR_002755,,SFAM_INTERCHANGE_TRANSFER_018,FAM_INTERCHANGE_TRANSFER_018,PARA_INTERCHANGE_TRANSFER_17_1,T2_MEDIUM_V1,interchange_query,GET_INTERCHANGE_DETAILS,Quick check: नेहरू पार्क इंटरचेंज पर दूसरी लाइन में ट्रांसफर करने का मार्ग क्या है? (बदलाव F18) #4,hi,Deva,CS0,N0,"{""station"": ""नेहरू पार्क"", ""facility_type"": ""इंटरचेंज""}","{""station_id"": ""METRO_NEHRU_PARK""}",ANSWERABLE_AFTER_MANUAL_VERIFICATION,template_instantiation,TMPL_INTERCHANGE_TRANSFER_HI_DEVA_17
PILOT_T2_TR_002756,,SFAM_REALTIME_STATUS_QUERY_008,FAM_REALTIME_STATUS_QUERY_008,PARA_REALTIME_STATUS_QUERY_7_3,T2_MEDIUM_V1,realtime_status_query,REJECT_UNSUPPORTED_REALTIME,Quick check: Live crowd density and train arrival countdown at High Court right now (F8) #4,hi-en,Latn,CS3,N0,"{""station"": ""High Court"", ""transport_mode"": ""metro""}","{""station_id"": ""METRO_HIGHCOURT""}",REQUIRES_REALTIME_DATA,template_instantiation,TMPL_REALTIME_STATUS_QUERY_HINGLISH_LATN_7
PILOT_T2_TR_002757,,SFAM_STATION_ACCESSIBILITY_008,FAM_STATION_ACCESSIBILITY_008,PARA_STATION_ACCESSIBILITY_7_0,T2_MEDIUM_V1,accessibility,GET_ACCESSIBILITY_INFO,"Excuse me, Are escalator stairs provisions available for differently abled passengers at High Court? [a11y F8] #6",en,Latn,CS0,N0,"{""station"": ""High Court"", ""accessibility_feature"": ""escalator"", ""transport_mode"": ""metro""}","{""station_id"": ""METRO_HIGHCOURT""}",ANSWERABLE_NOW,template_instantiation,TMPL_STATION_ACCESSIBILITY_EN_7
PILOT_T2_TR_002758,,SFAM_SERVICE_FREQUENCY_015,FAM_SERVICE_FREQUENCY_015,PARA_SERVICE_FREQUENCY_14_0,T2_MEDIUM_V1,service_timing,GET_SERVICE_FREQUENCY,Please tell: How many minutes between trains on the line connecting Little Mount and Chennai Central? [freq F15] #2,en,Latn,CS0,N0,"{""origin"": ""Little Mount"", ""destination"": ""Chennai Central"", ""timing_type"": ""frequency"", ""transport_mode"": ""metro""}","{""origin_id"": ""METRO_LITTLE_MOUNT"", ""destination_id"": ""METRO_PURATCHI_THALAIVAR_DR__M_G_RAMACHANDRAN_CENTRAL""}",ANSWERABLE_NOW,template_instantiation,TMPL_SERVICE_FREQUENCY_EN_14
PILOT_T2_TR_002759,,SFAM_FARE_CALCULATION_002,FAM_FARE_CALCULATION_002,PARA_FARE_CALCULATION_1_0,T2_MEDIUM_V1,fare_query,CALCULATE_FARE,What is the single-journey ticket fare from Chennai Central to Thirumangalam on metro? [fare F2],en,Latn,CS0,N0,"{""origin"": ""Chennai Central"", ""destination"": ""Thirumangalam"", ""fare_type"": ""token"", ""transport_mode"": ""metro""}","{""origin_id"": ""METRO_PURATCHI_THALAIVAR_DR__M_G_RAMACHANDRAN_CENTRAL"", ""destination_id"": ""METRO_THIRUMANGALAM""}",ANSWERABLE_NOW,template_instantiation,TMPL_FARE_CALCULATION_EN_1
PILOT_T2_TR_002760,,SFAM_STATION_ACCESSIBILITY_002,FAM_STATION_ACCESSIBILITY_002,PARA_STATION_ACCESSIBILITY_1_3,T2_MEDIUM_V1,accessibility,GET_ACCESSIBILITY_INFO,Quick check: Verification of accessible passenger elevator lift support at Chennai Central metro (F2) #4,hi-en,Latn,CS3,N2,"{""station"": ""Chennai Central"", ""accessibility_feature"": ""lift"", ""transport_mode"": ""metro""}","{""station_id"": ""METRO_PURATCHI_THALAIVAR_DR__M_G_RAMACHANDRAN_CENTRAL""}",ANSWERABLE_NOW,template_instantiation,TMPL_STATION_ACCESSIBILITY_HINGLISH_LATN_1
PILOT_T2_TR_002761,,SFAM_OUT_OF_SCOPE_009,FAM_OUT_OF_SCOPE_009,PARA_OUT_OF_SCOPE_8_0,T2_MEDIUM_V1,out_of_scope,REJECT_OUT_OF_SCOPE,Quick check: Book a private cab taxi ride from Thirumangalam to Saidapet. [cab F9] #4,en,Latn,CS0,N0,"{""origin"": ""Thirumangalam"", ""destination"": ""Saidapet""}","{""origin_id"": ""METRO_THIRUMANGALAM"", ""destination_id"": ""METRO_SAIDAPET""}",OUT_OF_SCOPE,template_instantiation,TMPL_OUT_OF_SCOPE_EN_8
PILOT_T2_TR_002762,,SFAM_MODE_AVAILABILITY_005,FAM_MODE_AVAILABILITY_005,PARA_MODE_AVAILABILITY_4_0,T2_MEDIUM_V1,service_availability,CHECK_SERVICE_AVAILABILITY,Please tell: Are there direct public transport options from CMBT to Besant Nagar? [avail F5] #2,en,Latn,CS0,N0,"{""origin"": ""CMBT"", ""destination"": ""Besant Nagar"", ""transport_mode"": ""any""}","{""origin_id"": ""METRO_PURATCHI_THALAIVI_DR_J_JAYALALITHAA_CMBT"", ""destination_id"": ""BUS_417750654""}",ANSWERABLE_WITH_PROVISIONAL_DATA,template_instantiation,TMPL_MODE_AVAILABILITY_EN_4
PILOT_T2_TR_002763,,SFAM_TICKETING_AND_PASSES_017,FAM_TICKETING_AND_PASSES_017,PARA_TICKETING_AND_PASSES_16_1,T2_MEDIUM_V1,ticketing_rules,GET_TICKETING_POLICY,Please tell: यात्रियों के लिए छात्र रियायती पास प्राप्त करने के नियम और प्रक्रिया क्या हैं? (पास F17) #2,hi,Deva,CS0,N0,"{""ticket_type"": ""student_pass"", ""transport_mode"": ""पारगमन""}",{},ANSWERABLE_NOW,template_instantiation,TMPL_TICKETING_AND_PASSES_HI_DEVA_16
PILOT_T2_TR_002764,,SFAM_INTERCHANGE_TRANSFER_018,FAM_INTERCHANGE_TRANSFER_018,PARA_INTERCHANGE_TRANSFER_17_4,T2_MEDIUM_V1,interchange_query,GET_INTERCHANGE_DETAILS,Please tell: Nehru Park interchange par line switch connection point details check F18 #2,hi-en,Deva+Latn,CS4,N0,"{""station"": ""Nehru Park"", ""facility_type"": ""interchange""}","{""station_id"": ""METRO_NEHRU_PARK""}",ANSWERABLE_AFTER_MANUAL_VERIFICATION,template_instantiation,TMPL_INTERCHANGE_TRANSFER_MIXED_SCRIPT_CS_17
PILOT_T2_TR_002765,,SFAM_MULTIMODAL_ROUTE_005,FAM_MULTIMODAL_ROUTE_005,PARA_MULTIMODAL_ROUTE_4_1,T2_MEDIUM_V1,route_query,PLAN_MULTIMODAL_ROUTE,Could you specify बेसेंट नगर से थाउजेंड लाइट्स बस और मेट्रो मिलाकर सबसे तेज़ मार्ग कौन सा है? (योजना F5)? #3,hi,Deva,CS0,N0,"{""origin"": ""बेसेंट नगर"", ""destination"": ""थाउजेंड लाइट्स"", ""transport_mode"": ""बस और मेट्रो""}","{""origin_id"": ""BUS_417750654"", ""destination_id"": ""METRO_THOUSAND_LIGHTS""}",ANSWERABLE_WITH_PROVISIONAL_DATA,template_instantiation,TMPL_MULTIMODAL_ROUTE_HI_DEVA_4
PILOT_T2_TR_002766,,SFAM_INTERCHANGE_TRANSFER_003,FAM_INTERCHANGE_TRANSFER_003,PARA_INTERCHANGE_TRANSFER_2_0,T2_MEDIUM_V1,interchange_query,GET_INTERCHANGE_DETAILS,How do I switch lines to connect towards Anna Nagar Tower at Guindy interchange? [xfer F3],en,Latn,CS0,N0,"{""station"": ""Guindy"", ""destination"": ""Anna Nagar Tower"", ""facility_type"": ""interchange""}","{""station_id"": ""METRO_GUINDY"", ""destination_id"": ""METRO_ANNA_NAGAR_TOWER""}",ANSWERABLE_AFTER_MANUAL_VERIFICATION,template_instantiation,TMPL_INTERCHANGE_TRANSFER_EN_2
PILOT_T2_TR_002767,,SFAM_POINT_TO_POINT_ROUTE_003,FAM_POINT_TO_POINT_ROUTE_003,PARA_POINT_TO_POINT_ROUTE_2_0,T2_MEDIUM_V1,route_query,PLAN_ROUTE,Please tell: How do I commute from Guindy to Anna Nagar Tower by metro? [pattern F3] #2,en,Latn,CS0,N0,"{""origin"": ""Guindy"", ""destination"": ""Anna Nagar Tower"", ""transport_mode"": ""metro""}","{""origin_id"": ""METRO_GUINDY"", ""destination_id"": ""METRO_ANNA_NAGAR_TOWER""}",ANSWERABLE_WITH_PROVISIONAL_DATA,template_instantiation,TMPL_POINT_TO_POINT_ROUTE_EN_2
PILOT_T2_TR_002768,,SFAM_NEAREST_TRANSPORT_017,FAM_NEAREST_TRANSPORT_017,PARA_NEAREST_TRANSPORT_16_1,T2_MEDIUM_V1,nearest_transport,FIND_NEAREST_STATION,Quick check: मातृ शिशु अस्पताल के सबसे निकटतम मेट्रो स्टेशन या बस स्टॉप कौन सा है? (निकट F17) #4,hi,Deva,CS0,N0,"{""landmark"": ""मातृ शिशु अस्पताल"", ""transport_mode"": ""मेट्रो या बस""}","{""place_id"": ""OSM_POI_7257518731""}",ANSWERABLE_NOW,template_instantiation,TMPL_NEAREST_TRANSPORT_HI_DEVA_16
PILOT_T2_TR_002769,,SFAM_REALTIME_STATUS_QUERY_019,FAM_REALTIME_STATUS_QUERY_019,PARA_REALTIME_STATUS_QUERY_18_2,T2_MEDIUM_V1,realtime_status_query,REJECT_UNSUPPORTED_REALTIME,Could you specify Bus 570 ka real time current gps location update kahan pahuncha? [track F19]? #3,hi,Latn,CS0,N0,"{""route_number"": ""570"", ""transport_mode"": ""bus""}","{""route_id"": ""GTFS_ROUTE_17967""}",REQUIRES_REALTIME_DATA,template_instantiation,TMPL_REALTIME_STATUS_QUERY_HI_LATN_18
PILOT_T2_TR_002770,,SFAM_STATION_ACCESSIBILITY_011,FAM_STATION_ACCESSIBILITY_011,PARA_STATION_ACCESSIBILITY_10_3,T2_MEDIUM_V1,accessibility,GET_ACCESSIBILITY_INFO,Quick check: Verification of accessible tactile floor paths support at Egmore metro (F11) #4,hi-en,Latn,CS3,N0,"{""station"": ""Egmore"", ""accessibility_feature"": ""tactile_path"", ""transport_mode"": ""metro""}","{""station_id"": ""METRO_EGMORE""}",ANSWERABLE_NOW,template_instantiation,TMPL_STATION_ACCESSIBILITY_HINGLISH_LATN_10
PILOT_T2_TR_002771,,SFAM_POINT_TO_POINT_ROUTE_007,FAM_POINT_TO_POINT_ROUTE_007,PARA_POINT_TO_POINT_ROUTE_6_1,T2_MEDIUM_V1,route_query,PLAN_ROUTE,Could you specify वडपलनी से वॉशरमैनपेट मेट्रो से जाने का रास्ता क्या है? (प्रारूप F7)? #3,hi,Deva,CS0,N0,"{""origin"": ""वडपलनी"", ""destination"": ""वॉशरमैनपेट"", ""transport_mode"": ""मेट्रो""}","{""origin_id"": ""METRO_VADAPALANI"", ""destination_id"": ""METRO_WASHERMENPET""}",ANSWERABLE_WITH_PROVISIONAL_DATA,template_instantiation,TMPL_POINT_TO_POINT_ROUTE_HI_DEVA_6
PILOT_T2_TR_002772,,SFAM_MODE_AVAILABILITY_007,FAM_MODE_AVAILABILITY_007,PARA_MODE_AVAILABILITY_6_1,T2_MEDIUM_V1,service_availability,CHECK_SERVICE_AVAILABILITY,Transit query: क्या वडपलनी से तिरुवान्मियूर के लिए कोई सार्वजनिक बस या ट्रेन उपलब्ध है? (उपलब्धता F7) #5,hi,Deva,CS0,N2,"{""origin"": ""वडपलनी"", ""destination"": ""तिरुवान्मियूर"", ""transport_mode"": ""सार्वजनिक बस या ट्रेन""}","{""origin_id"": ""METRO_VADAPALANI"", ""destination_id"": ""BUS_3247310920""}",ANSWERABLE_WITH_PROVISIONAL_DATA,template_instantiation,TMPL_MODE_AVAILABILITY_HI_DEVA_6
PILOT_T2_TR_002773,,SFAM_REALTIME_STATUS_QUERY_003,FAM_REALTIME_STATUS_QUERY_003,PARA_REALTIME_STATUS_QUERY_2_1,T2_MEDIUM_V1,realtime_status_query,REJECT_UNSUPPORTED_REALTIME,"Hello assistant, क्या गिंडी से आने वाली ट्रेन अभी लेट चल रही है लाइव स्थिति बताएं? (ताज़ा F3) #7",hi,Deva,CS0,N1,"{""origin"": ""गिंडी"", ""transport_mode"": ""ट्रेन""}","{""origin_id"": ""METRO_GUINDY""}",REQUIRES_REALTIME_DATA,template_instantiation,TMPL_REALTIME_STATUS_QUERY_HI_DEVA_2
PILOT_T2_TR_002774,,SFAM_STATION_FACILITIES_016,FAM_STATION_FACILITIES_016,PARA_STATION_FACILITIES_15_0,T2_MEDIUM_V1,station_facilities,GET_STATION_FACILITY,Transit query: Is bicycle parking stand facility available at Saidapet metro station? [fac F16] #5,en,Latn,CS0,N0,"{""station"": ""Saidapet"", ""facility_type"": ""bicycle_stand"", ""transport_mode"": ""metro""}","{""station_id"": ""METRO_SAIDAPET""}",ANSWERABLE_NOW,template_instantiation,TMPL_STATION_FACILITIES_EN_15
PILOT_T2_TR_002775,,SFAM_FARE_CALCULATION_002,FAM_FARE_CALCULATION_002,PARA_FARE_CALCULATION_1_4,T2_MEDIUM_V1,fare_query,CALCULATE_FARE,Could you specify Chennai Central से Thirumangalam metro travel ka discounted smart card fare kya hai F2? #3,hi-en,Deva+Latn,CS4,N1,"{""origin"": ""Chennai Central"", ""destination"": ""Thirumangalam"", ""ticket_type"": ""smart_card"", ""transport_mode"": ""metro""}","{""origin_id"": ""METRO_PURATCHI_THALAIVAR_DR__M_G_RAMACHANDRAN_CENTRAL"", ""destination_id"": ""METRO_THIRUMANGALAM""}",ANSWERABLE_NOW,template_instantiation,TMPL_FARE_CALCULATION_MIXED_SCRIPT_CS_1
PILOT_T2_TR_002776,,SFAM_INTERCHANGE_TRANSFER_008,FAM_INTERCHANGE_TRANSFER_008,PARA_INTERCHANGE_TRANSFER_7_3,T2_MEDIUM_V1,interchange_query,GET_INTERCHANGE_DETAILS,Transit query: Transfer walking time and directions at High Court multimodal terminal (F8) #5,hi-en,Latn,CS3,N1,"{""station"": ""High Court"", ""facility_type"": ""interchange""}","{""station_id"": ""METRO_HIGHCOURT""}",ANSWERABLE_AFTER_MANUAL_VERIFICATION,template_instantiation,TMPL_INTERCHANGE_TRANSFER_HINGLISH_LATN_7
PILOT_T2_TR_002777,,SFAM_FARE_CALCULATION_007,FAM_FARE_CALCULATION_007,PARA_FARE_CALCULATION_6_1,T2_MEDIUM_V1,fare_query,CALCULATE_FARE,Please tell: वडपलनी से वॉशरमैनपेट तक का मेट्रो का टोकन किराया कितना रुपया है? (किराया F7) #2,hi,Deva,CS0,N0,"{""origin"": ""वडपलनी"", ""destination"": ""वॉशरमैनपेट"", ""fare_type"": ""टोकन"", ""transport_mode"": ""मेट्रो""}","{""origin_id"": ""METRO_VADAPALANI"", ""destination_id"": ""METRO_WASHERMENPET""}",ANSWERABLE_NOW,template_instantiation,TMPL_FARE_CALCULATION_HI_DEVA_6
PILOT_T2_TR_002778,,SFAM_SCHEDULED_DEPARTURE_003,FAM_SCHEDULED_DEPARTURE_003,PARA_SCHEDULED_DEPARTURE_2_3,T2_MEDIUM_V1,service_timing,GET_SCHEDULED_DEPARTURES,Please tell: Guindy station se kal 8 baje train schedule kya hoga (F3) #2,hi-en,Latn,CS3,N0,"{""origin"": ""Guindy"", ""temporal_relative"": ""kal"", ""resolved_temporal_offset"": ""UNRESOLVED_TEMPORAL_AMBIGUITY"", ""time"": ""8 baje"", ""temporal_ambiguity"": true, ""dual_candidates"": [""08:00:00"", ""20:00:00""]}","{""origin_id"": ""METRO_GUINDY""}",ANSWERABLE_NOW,template_instantiation,TMPL_SCHEDULED_DEPARTURE_HINGLISH_LATN_2
PILOT_T2_TR_002779,,SFAM_NEAREST_TRANSPORT_020,FAM_NEAREST_TRANSPORT_020,PARA_NEAREST_TRANSPORT_19_2,T2_MEDIUM_V1,nearest_transport,FIND_NEAREST_STATION,padalam hospital se closest walking distance metro transit point kaunsa hai? [paas F20],hi,Latn,CS0,N0,"{""landmark"": ""padalam hospital"", ""transport_mode"": ""metro""}","{""place_id"": ""OSM_POI_7257518724""}",ANSWERABLE_NOW,template_instantiation,TMPL_NEAREST_TRANSPORT_HI_LATN_19
PILOT_T2_TR_002780,,SFAM_TICKETING_AND_PASSES_012,FAM_TICKETING_AND_PASSES_012,PARA_TICKETING_AND_PASSES_11_4,T2_MEDIUM_V1,ticketing_rules,GET_TICKETING_POLICY,Please tell: Commuter National Common Mobility Card ke application aur terms ki complete details F12 #2,hi-en,Deva+Latn,CS4,N0,"{""ticket_type"": ""ncmc_card"", ""transport_mode"": ""transit""}",{},ANSWERABLE_NOW,template_instantiation,TMPL_TICKETING_AND_PASSES_MIXED_SCRIPT_CS_11
PILOT_T2_TR_002781,,SFAM_OUT_OF_SCOPE_018,FAM_OUT_OF_SCOPE_018,PARA_OUT_OF_SCOPE_17_0,T2_MEDIUM_V1,out_of_scope,REJECT_OUT_OF_SCOPE,Could you specify Book a private cab taxi ride from Nehru Park to CMBT. [cab F18]? #3,en,Latn,CS0,N0,"{""origin"": ""Nehru Park"", ""destination"": ""CMBT""}","{""origin_id"": ""METRO_NEHRU_PARK"", ""destination_id"": ""METRO_PURATCHI_THALAIVI_DR_J_JAYALALITHAA_CMBT""}",OUT_OF_SCOPE,template_instantiation,TMPL_OUT_OF_SCOPE_EN_17
PILOT_T2_TR_002782,,SFAM_REALTIME_STATUS_QUERY_001,FAM_REALTIME_STATUS_QUERY_001,PARA_REALTIME_STATUS_QUERY_0_2,T2_MEDIUM_V1,realtime_status_query,REJECT_UNSUPPORTED_REALTIME,Could you specify Bus 21G ka real time current gps location update kahan pahuncha? [track F1]? #3,hi,Latn,CS0,N0,"{""route_number"": ""21G"", ""transport_mode"": ""bus""}","{""route_id"": ""GTFS_ROUTE_8458""}",REQUIRES_REALTIME_DATA,template_instantiation,TMPL_REALTIME_STATUS_QUERY_HI_LATN_0
PILOT_T2_TR_002783,,SFAM_MODE_AVAILABILITY_008,FAM_MODE_AVAILABILITY_008,PARA_MODE_AVAILABILITY_7_2,T2_MEDIUM_V1,service_availability,CHECK_SERVICE_AVAILABILITY,Please tell: high court se mylapore tak direct transit options available hain kya? [suvidha F8] #2,hi,Latn,CS0,N1,"{""origin"": ""high court"", ""destination"": ""mylapore"", ""transport_mode"": ""any""}","{""origin_id"": ""METRO_HIGHCOURT"", ""destination_id"": ""BUS_410614381""}",ANSWERABLE_WITH_PROVISIONAL_DATA,template_instantiation,TMPL_MODE_AVAILABILITY_HI_LATN_7
PILOT_T2_TR_002784,,SFAM_INTERCHANGE_TRANSFER_007,FAM_INTERCHANGE_TRANSFER_007,PARA_INTERCHANGE_TRANSFER_6_4,T2_MEDIUM_V1,interchange_query,GET_INTERCHANGE_DETAILS,Please tell: Vadapalani interchange par line switch connection point details check F7 #2,hi-en,Deva+Latn,CS4,N0,"{""station"": ""Vadapalani"", ""facility_type"": ""interchange""}","{""station_id"": ""METRO_VADAPALANI""}",ANSWERABLE_AFTER_MANUAL_VERIFICATION,template_instantiation,TMPL_INTERCHANGE_TRANSFER_MIXED_SCRIPT_CS_6
PILOT_T2_TR_002785,,SFAM_SCHEDULED_DEPARTURE_014,FAM_SCHEDULED_DEPARTURE_014,PARA_SCHEDULED_DEPARTURE_13_0,T2_MEDIUM_V1,service_timing,GET_SCHEDULED_DEPARTURES,Please tell: Show metro departure timetable at bare 8 o'clock from Washermenpet [sched F14] #2,en,Latn,CS0,N0,"{""origin"": ""Washermenpet"", ""time"": ""8 o'clock"", ""temporal_ambiguity"": true, ""dual_candidates"": [""08:00:00"", ""20:00:00""]}","{""origin_id"": ""METRO_WASHERMENPET""}",ANSWERABLE_NOW,template_instantiation,TMPL_SCHEDULED_DEPARTURE_EN_13
PILOT_T2_TR_002786,,SFAM_FARE_CALCULATION_015,FAM_FARE_CALCULATION_015,PARA_FARE_CALCULATION_14_1,T2_MEDIUM_V1,fare_query,CALCULATE_FARE,"Excuse me, लिटिल माउंट से चेन्नई सेंट्रल तक का मेट्रो का टोकन किराया कितना रुपया है? (किराया F15) #6",hi,Deva,CS0,N0,"{""origin"": ""लिटिल माउंट"", ""destination"": ""चेन्नई सेंट्रल"", ""fare_type"": ""टोकन"", ""transport_mode"": ""मेट्रो""}","{""origin_id"": ""METRO_LITTLE_MOUNT"", ""destination_id"": ""METRO_PURATCHI_THALAIVAR_DR__M_G_RAMACHANDRAN_CENTRAL""}",ANSWERABLE_NOW,template_instantiation,TMPL_FARE_CALCULATION_HI_DEVA_14
PILOT_T2_TR_002787,,SFAM_OUT_OF_SCOPE_013,FAM_OUT_OF_SCOPE_013,PARA_OUT_OF_SCOPE_12_1,T2_MEDIUM_V1,out_of_scope,REJECT_OUT_OF_SCOPE,Transit query: विमको नगर के निकटतम सबसे अच्छे रेस्टोरेंट और भोजनालय की सूची दें। (बाहर F13) #5,hi,Deva,CS0,N2,"{""station"": ""विमको नगर""}","{""station_id"": ""METRO_WIMCO_NAGAR""}",OUT_OF_SCOPE,template_instantiation,TMPL_OUT_OF_SCOPE_HI_DEVA_12
PILOT_T2_TR_002788,,SFAM_MODE_AVAILABILITY_008,FAM_MODE_AVAILABILITY_008,PARA_MODE_AVAILABILITY_7_0,T2_MEDIUM_V1,service_availability,CHECK_SERVICE_AVAILABILITY,Please tell: Are there direct public transport options from High Court to Mylapore? [avail F8] #2,en,Latn,CS0,N0,"{""origin"": ""High Court"", ""destination"": ""Mylapore"", ""transport_mode"": ""any""}","{""origin_id"": ""METRO_HIGHCOURT"", ""destination_id"": ""BUS_410614381""}",ANSWERABLE_WITH_PROVISIONAL_DATA,template_instantiation,TMPL_MODE_AVAILABILITY_EN_7
PILOT_T2_TR_002789,,SFAM_STATION_FACILITIES_018,FAM_STATION_FACILITIES_018,PARA_STATION_FACILITIES_17_1,T2_MEDIUM_V1,station_facilities,GET_STATION_FACILITY,Transit query: क्या नेहरू पार्क मेट्रो स्टेशन पर बाइक पार्किंग की व्यवस्था उपलब्ध है? (सुविधा F18) #5,hi,Deva,CS0,N2,"{""station"": ""नेहरू पार्क"", ""facility_type"": ""two_wheeler_parking"", ""transport_mode"": ""मेट्रो""}","{""station_id"": ""METRO_NEHRU_PARK""}",ANSWERABLE_NOW,template_instantiation,TMPL_STATION_FACILITIES_HI_DEVA_17
PILOT_T2_TR_002790,,SFAM_REALTIME_STATUS_QUERY_009,FAM_REALTIME_STATUS_QUERY_009,PARA_REALTIME_STATUS_QUERY_8_0,T2_MEDIUM_V1,realtime_status_query,REJECT_UNSUPPORTED_REALTIME,Transit query: Where is bus 29A right now and what is its live location? [live F9] #5,en,Latn,CS0,N0,"{""route_number"": ""29A"", ""transport_mode"": ""bus""}","{""route_id"": ""GTFS_ROUTE_18751""}",REQUIRES_REALTIME_DATA,template_instantiation,TMPL_REALTIME_STATUS_QUERY_EN_8
PILOT_T2_TR_002791,,SFAM_REALTIME_STATUS_QUERY_002,FAM_REALTIME_STATUS_QUERY_002,PARA_REALTIME_STATUS_QUERY_1_2,T2_MEDIUM_V1,realtime_status_query,REJECT_UNSUPPORTED_REALTIME,Bus 102 ka real time current gps location update kahan pahuncha? [track F2],hi,Latn,CS0,N0,"{""route_number"": ""102"", ""transport_mode"": ""bus""}","{""route_id"": ""GTFS_ROUTE_16861""}",REQUIRES_REALTIME_DATA,template_instantiation,TMPL_REALTIME_STATUS_QUERY_HI_LATN_1
PILOT_T2_TR_002792,,SFAM_MULTIMODAL_ROUTE_015,FAM_MULTIMODAL_ROUTE_015,PARA_MULTIMODAL_ROUTE_14_3,T2_MEDIUM_V1,route_query,PLAN_MULTIMODAL_ROUTE,Could you specify Can you give combined bus and train route from Bus stand to Chennai Central (F15)?? #3,hi-en,Latn,CS3,N2,"{""origin"": ""Bus stand"", ""destination"": ""Chennai Central"", ""transport_mode"": ""bus and train""}","{""origin_id"": ""BUS_5300484122"", ""destination_id"": ""METRO_PURATCHI_THALAIVAR_DR__M_G_RAMACHANDRAN_CENTRAL""}",ANSWERABLE_WITH_PROVISIONAL_DATA,template_instantiation,TMPL_MULTIMODAL_ROUTE_HINGLISH_LATN_14
PILOT_T2_TR_002793,,SFAM_OUT_OF_SCOPE_014,FAM_OUT_OF_SCOPE_014,PARA_OUT_OF_SCOPE_13_0,T2_MEDIUM_V1,out_of_scope,REJECT_OUT_OF_SCOPE,"Excuse me, Book a private cab taxi ride from Washermenpet to Airport. [cab F14] #6",en,Latn,CS0,N0,"{""origin"": ""Washermenpet"", ""destination"": ""Airport""}","{""origin_id"": ""METRO_WASHERMENPET"", ""destination_id"": ""METRO_CHENNAI_INTERNATIONAL_AIRPORT""}",OUT_OF_SCOPE,template_instantiation,TMPL_OUT_OF_SCOPE_EN_13
PILOT_T2_TR_002794,,SFAM_STATION_FACILITIES_009,FAM_STATION_FACILITIES_009,PARA_STATION_FACILITIES_8_1,T2_MEDIUM_V1,station_facilities,GET_STATION_FACILITY,Transit query: क्या तिरुमंगलम मेट्रो स्टेशन पर कार पार्किंग की व्यवस्था उपलब्ध है? (सुविधा F9) #5,hi,Deva,CS0,N2,"{""station"": ""तिरुमंगलम"", ""facility_type"": ""parking"", ""transport_mode"": ""मेट्रो""}","{""station_id"": ""METRO_THIRUMANGALAM""}",ANSWERABLE_NOW,template_instantiation,TMPL_STATION_FACILITIES_HI_DEVA_8
PILOT_T2_TR_002795,,SFAM_STATION_ACCESSIBILITY_017,FAM_STATION_ACCESSIBILITY_017,PARA_STATION_ACCESSIBILITY_16_0,T2_MEDIUM_V1,accessibility,GET_ACCESSIBILITY_INFO,Quick check: Are wheelchair ramp provisions available for differently abled passengers at St. Thomas Mount? [a11y F17] #4,en,Latn,CS0,N0,"{""station"": ""St. Thomas Mount"", ""accessibility_feature"": ""wheelchair"", ""transport_mode"": ""metro""}","{""station_id"": ""METRO_ST__THOMAS_MOUNT""}",ANSWERABLE_NOW,template_instantiation,TMPL_STATION_ACCESSIBILITY_EN_16
PILOT_T2_TR_002796,,SFAM_MODE_AVAILABILITY_005,FAM_MODE_AVAILABILITY_005,PARA_MODE_AVAILABILITY_4_1,T2_MEDIUM_V1,service_availability,CHECK_SERVICE_AVAILABILITY,क्या सीएमबीटी से बेसेंट नगर के लिए कोई सार्वजनिक बस या ट्रेन उपलब्ध है? (उपलब्धता F5),hi,Deva,CS0,N0,"{""origin"": ""सीएमबीटी"", ""destination"": ""बेसेंट नगर"", ""transport_mode"": ""सार्वजनिक बस या ट्रेन""}","{""origin_id"": ""METRO_PURATCHI_THALAIVI_DR_J_JAYALALITHAA_CMBT"", ""destination_id"": ""BUS_417750654""}",ANSWERABLE_WITH_PROVISIONAL_DATA,template_instantiation,TMPL_MODE_AVAILABILITY_HI_DEVA_4
PILOT_T2_TR_002797,,SFAM_OUT_OF_SCOPE_020,FAM_OUT_OF_SCOPE_020,PARA_OUT_OF_SCOPE_19_1,T2_MEDIUM_V1,out_of_scope,REJECT_OUT_OF_SCOPE,Quick check: पचैयप्पा कॉलेज के निकटतम सबसे अच्छे रेस्टोरेंट और भोजनालय की सूची दें। (बाहर F20) #4,hi,Deva,CS0,N0,"{""station"": ""पचैयप्पा कॉलेज""}","{""station_id"": ""METRO_PACHAIYAPPA_S_COLLEGE""}",OUT_OF_SCOPE,template_instantiation,TMPL_OUT_OF_SCOPE_HI_DEVA_19
PILOT_T2_TR_002798,,SFAM_REALTIME_STATUS_QUERY_019,FAM_REALTIME_STATUS_QUERY_019,PARA_REALTIME_STATUS_QUERY_18_0,T2_MEDIUM_V1,realtime_status_query,REJECT_UNSUPPORTED_REALTIME,Transit query: Where is bus 570 right now and what is its live location? [live F19] #5,en,Latn,CS0,N0,"{""route_number"": ""570"", ""transport_mode"": ""bus""}","{""route_id"": ""GTFS_ROUTE_17967""}",REQUIRES_REALTIME_DATA,template_instantiation,TMPL_REALTIME_STATUS_QUERY_EN_18
PILOT_T2_TR_002799,,SFAM_REALTIME_STATUS_QUERY_003,FAM_REALTIME_STATUS_QUERY_003,PARA_REALTIME_STATUS_QUERY_2_3,T2_MEDIUM_V1,realtime_status_query,REJECT_UNSUPPORTED_REALTIME,Live crowd density and train arrival countdown at Guindy right now (F3),hi-en,Latn,CS3,N0,"{""station"": ""Guindy"", ""transport_mode"": ""metro""}","{""station_id"": ""METRO_GUINDY""}",REQUIRES_REALTIME_DATA,template_instantiation,TMPL_REALTIME_STATUS_QUERY_HINGLISH_LATN_2
PILOT_T2_TR_002800,,SFAM_SCHEDULED_DEPARTURE_018,FAM_SCHEDULED_DEPARTURE_018,PARA_SCHEDULED_DEPARTURE_17_0,T2_MEDIUM_V1,service_timing,GET_SCHEDULED_DEPARTURES,Show metro departure timetable at bare 8 o'clock from Nehru Park [sched F18],en,Latn,CS0,N0,"{""origin"": ""Nehru Park"", ""time"": ""8 o'clock"", ""temporal_ambiguity"": true, ""dual_candidates"": [""08:00:00"", ""20:00:00""]}","{""origin_id"": ""METRO_NEHRU_PARK""}",ANSWERABLE_NOW,template_instantiation,TMPL_SCHEDULED_DEPARTURE_EN_17
PILOT_T2_TR_002801,,SFAM_TICKETING_AND_PASSES_008,FAM_TICKETING_AND_PASSES_008,PARA_TICKETING_AND_PASSES_7_0,T2_MEDIUM_V1,ticketing_rules,GET_TICKETING_POLICY,What are the rules and procedure to purchase a Smart Card for commuters? [pass F8],en,Latn,CS0,N0,"{""ticket_type"": ""smart_card"", ""transport_mode"": ""transit""}",{},ANSWERABLE_NOW,template_instantiation,TMPL_TICKETING_AND_PASSES_EN_7
PILOT_T2_TR_002802,,SFAM_SCHEDULED_DEPARTURE_017,FAM_SCHEDULED_DEPARTURE_017,PARA_SCHEDULED_DEPARTURE_16_1,T2_MEDIUM_V1,service_timing,GET_SCHEDULED_DEPARTURES,सेंट थॉमस माउंट से सुबह 8 बजे छूटने वाली गाड़ियों की समय सारणी दिखाएं। (समय F17),hi,Deva,CS0,N0,"{""origin"": ""सेंट थॉमस माउंट"", ""time"": ""सुबह 8 बजे"", ""resolved_time"": ""08:00:00""}","{""origin_id"": ""METRO_ST__THOMAS_MOUNT""}",ANSWERABLE_NOW,template_instantiation,TMPL_SCHEDULED_DEPARTURE_HI_DEVA_16
PILOT_T2_TR_002803,,SFAM_INTERCHANGE_TRANSFER_020,FAM_INTERCHANGE_TRANSFER_020,PARA_INTERCHANGE_TRANSFER_19_1,T2_MEDIUM_V1,interchange_query,GET_INTERCHANGE_DETAILS,Quick check: पचैयप्पा कॉलेज इंटरचेंज पर दूसरी लाइन में ट्रांसफर करने का मार्ग क्या है? (बदलाव F20) #4,hi,Deva,CS0,N0,"{""station"": ""पचैयप्पा कॉलेज"", ""facility_type"": ""इंटरचेंज""}","{""station_id"": ""METRO_PACHAIYAPPA_S_COLLEGE""}",ANSWERABLE_AFTER_MANUAL_VERIFICATION,template_instantiation,TMPL_INTERCHANGE_TRANSFER_HI_DEVA_19
PILOT_T2_TR_002804,,SFAM_TICKETING_AND_PASSES_008,FAM_TICKETING_AND_PASSES_008,PARA_TICKETING_AND_PASSES_7_1,T2_MEDIUM_V1,ticketing_rules,GET_TICKETING_POLICY,यात्रियों के लिए स्मार्ट कार्ड प्राप्त करने के नियम और प्रक्रिया क्या हैं? (पास F8),hi,Deva,CS0,N1,"{""ticket_type"": ""smart_card"", ""transport_mode"": ""पारगमन""}",{},ANSWERABLE_NOW,template_instantiation,TMPL_TICKETING_AND_PASSES_HI_DEVA_7
PILOT_T2_TR_002805,,SFAM_SCHEDULED_DEPARTURE_001,FAM_SCHEDULED_DEPARTURE_001,PARA_SCHEDULED_DEPARTURE_0_4,T2_MEDIUM_V1,service_timing,GET_SCHEDULED_DEPARTURES,Airport से bare 8 baje departure timings schedule status F1,hi-en,Deva+Latn,CS4,N0,"{""origin"": ""Airport"", ""time"": ""8 baje"", ""temporal_ambiguity"": true, ""dual_candidates"": [""08:00:00"", ""20:00:00""]}","{""origin_id"": ""METRO_CHENNAI_INTERNATIONAL_AIRPORT""}",ANSWERABLE_NOW,template_instantiation,TMPL_SCHEDULED_DEPARTURE_MIXED_SCRIPT_CS_0
PILOT_T2_TR_002806,,SFAM_ROUTE_STOP_MEMBERSHIP_006,FAM_ROUTE_STOP_MEMBERSHIP_006,PARA_ROUTE_STOP_MEMBERSHIP_5_0,T2_MEDIUM_V1,route_stops,CHECK_STOP_ON_ROUTE,Does bus route 29C make a scheduled halt at Poonamallee? [chk F6],en,Latn,CS0,N0,"{""route_number"": ""29C"", ""stop"": ""Poonamallee"", ""transport_mode"": ""bus""}","{""route_id"": ""GTFS_ROUTE_8631"", ""stop_id"": ""BUS_13972050953""}",ANSWERABLE_WITH_PROVISIONAL_DATA,template_instantiation,TMPL_ROUTE_STOP_MEMBERSHIP_EN_5
PILOT_T2_TR_002807,,SFAM_STATION_FACILITIES_017,FAM_STATION_FACILITIES_017,PARA_STATION_FACILITIES_16_3,T2_MEDIUM_V1,station_facilities,GET_STATION_FACILITY,Does St. Thomas Mount station premises include operational car parking (F17)?,hi-en,Latn,CS3,N0,"{""station"": ""St. Thomas Mount"", ""facility_type"": ""parking"", ""transport_mode"": ""metro""}","{""station_id"": ""METRO_ST__THOMAS_MOUNT""}",ANSWERABLE_NOW,template_instantiation,TMPL_STATION_FACILITIES_HINGLISH_LATN_16
PILOT_T2_TR_002808,,SFAM_TICKETING_AND_PASSES_017,FAM_TICKETING_AND_PASSES_017,PARA_TICKETING_AND_PASSES_16_1,T2_MEDIUM_V1,ticketing_rules,GET_TICKETING_POLICY,"Excuse me, यात्रियों के लिए छात्र रियायती पास प्राप्त करने के नियम और प्रक्रिया क्या हैं? (पास F17) #6",hi,Deva,CS0,N0,"{""ticket_type"": ""student_pass"", ""transport_mode"": ""पारगमन""}",{},ANSWERABLE_NOW,template_instantiation,TMPL_TICKETING_AND_PASSES_HI_DEVA_16
PILOT_T2_TR_002809,,SFAM_OUT_OF_SCOPE_011,FAM_OUT_OF_SCOPE_011,PARA_OUT_OF_SCOPE_10_0,T2_MEDIUM_V1,out_of_scope,REJECT_OUT_OF_SCOPE,"Excuse me, Book a private cab taxi ride from Egmore to Nehru Park. [cab F11] #6",en,Latn,CS0,N0,"{""origin"": ""Egmore"", ""destination"": ""Nehru Park""}","{""origin_id"": ""METRO_EGMORE"", ""destination_id"": ""METRO_NEHRU_PARK""}",OUT_OF_SCOPE,template_instantiation,TMPL_OUT_OF_SCOPE_EN_10
PILOT_T2_TR_002810,,SFAM_STATION_ACCESSIBILITY_020,FAM_STATION_ACCESSIBILITY_020,PARA_STATION_ACCESSIBILITY_19_0,T2_MEDIUM_V1,accessibility,GET_ACCESSIBILITY_INFO,Quick check: Are escalator stairs provisions available for differently abled passengers at Pachaiyappa College? [a11y F20] #4,en,Latn,CS0,N0,"{""station"": ""Pachaiyappa College"", ""accessibility_feature"": ""escalator"", ""transport_mode"": ""metro""}","{""station_id"": ""METRO_PACHAIYAPPA_S_COLLEGE""}",ANSWERABLE_NOW,template_instantiation,TMPL_STATION_ACCESSIBILITY_EN_19
PILOT_T2_TR_002811,,SFAM_STATION_ACCESSIBILITY_004,FAM_STATION_ACCESSIBILITY_004,PARA_STATION_ACCESSIBILITY_3_2,T2_MEDIUM_V1,accessibility,GET_ACCESSIBILITY_INFO,Quick check: kya alandur metro station me wheelchair disabled ke liye escalator hai? [barrier-free F4] #4,hi,Latn,CS0,N0,"{""station"": ""alandur"", ""accessibility_feature"": ""escalator"", ""transport_mode"": ""metro""}","{""station_id"": ""METRO_ARIGNAR_ANNA_ALANDUR""}",ANSWERABLE_NOW,template_instantiation,TMPL_STATION_ACCESSIBILITY_HI_LATN_3
PILOT_T2_TR_002812,,SFAM_REALTIME_STATUS_QUERY_012,FAM_REALTIME_STATUS_QUERY_012,PARA_REALTIME_STATUS_QUERY_11_0,T2_MEDIUM_V1,realtime_status_query,REJECT_UNSUPPORTED_REALTIME,Where is bus 22 CT right now and what is its live location? [live F12],en,Latn,CS0,N0,"{""route_number"": ""22 CT"", ""transport_mode"": ""bus""}","{""route_id"": ""GTFS_ROUTE_18753""}",REQUIRES_REALTIME_DATA,template_instantiation,TMPL_REALTIME_STATUS_QUERY_EN_11
PILOT_T2_TR_002813,,SFAM_STATION_ACCESSIBILITY_003,FAM_STATION_ACCESSIBILITY_003,PARA_STATION_ACCESSIBILITY_2_0,T2_MEDIUM_V1,accessibility,GET_ACCESSIBILITY_INFO,Quick check: Are tactile floor paths provisions available for differently abled passengers at Guindy? [a11y F3] #4,en,Latn,CS0,N0,"{""station"": ""Guindy"", ""accessibility_feature"": ""tactile_path"", ""transport_mode"": ""metro""}","{""station_id"": ""METRO_GUINDY""}",ANSWERABLE_NOW,template_instantiation,TMPL_STATION_ACCESSIBILITY_EN_2
PILOT_T2_TR_002814,,SFAM_MULTIMODAL_ROUTE_017,FAM_MULTIMODAL_ROUTE_017,PARA_MULTIMODAL_ROUTE_16_2,T2_MEDIUM_V1,route_query,PLAN_MULTIMODAL_ROUTE,Please tell: tambaram se alandur bus aur metro switch karke shortest transit kya hai? [opt F17] #2,hi,Latn,CS0,N0,"{""origin"": ""tambaram"", ""destination"": ""alandur"", ""transport_mode"": ""bus aur metro""}","{""origin_id"": ""BUS_5304399879"", ""destination_id"": ""METRO_ARIGNAR_ANNA_ALANDUR""}",ANSWERABLE_WITH_PROVISIONAL_DATA,template_instantiation,TMPL_MULTIMODAL_ROUTE_HI_LATN_16
PILOT_T2_TR_002815,,SFAM_OUT_OF_SCOPE_001,FAM_OUT_OF_SCOPE_001,PARA_OUT_OF_SCOPE_0_2,T2_MEDIUM_V1,out_of_scope,REJECT_OUT_OF_SCOPE,Quick check: airport airport terminal ke flight delay timings check kijiye. [bahar F1] #4,hi,Latn,CS0,N0,"{""station"": ""airport""}","{""station_id"": ""METRO_CHENNAI_INTERNATIONAL_AIRPORT""}",OUT_OF_SCOPE,template_instantiation,TMPL_OUT_OF_SCOPE_HI_LATN_0
PILOT_T2_TR_002816,,SFAM_ROUTE_STOP_MEMBERSHIP_019,FAM_ROUTE_STOP_MEMBERSHIP_019,PARA_ROUTE_STOP_MEMBERSHIP_18_0,T2_MEDIUM_V1,route_stops,CHECK_STOP_ON_ROUTE,Please tell: Does bus route 570 make a scheduled halt at Adyar? [chk F19] #2,en,Latn,CS0,N0,"{""route_number"": ""570"", ""stop"": ""Adyar"", ""transport_mode"": ""bus""}","{""route_id"": ""GTFS_ROUTE_17967"", ""stop_id"": ""BUS_2587520213""}",ANSWERABLE_WITH_PROVISIONAL_DATA,template_instantiation,TMPL_ROUTE_STOP_MEMBERSHIP_EN_18
PILOT_T2_TR_002817,,SFAM_FIRST_AND_LAST_SERVICE_004,FAM_FIRST_AND_LAST_SERVICE_004,PARA_FIRST_AND_LAST_SERVICE_3_3,T2_MEDIUM_V1,service_timing,GET_FIRST_LAST_SERVICE,Please tell: First train and last train operational hours between Alandur and Egmore (F4) #2,hi-en,Latn,CS3,N0,"{""origin"": ""Alandur"", ""destination"": ""Egmore"", ""timing_type"": ""first_last"", ""transport_mode"": ""train""}","{""origin_id"": ""METRO_ARIGNAR_ANNA_ALANDUR"", ""destination_id"": ""METRO_EGMORE""}",ANSWERABLE_NOW,template_instantiation,TMPL_FIRST_AND_LAST_SERVICE_HINGLISH_LATN_3
PILOT_T2_TR_002818,,SFAM_STATION_ACCESSIBILITY_017,FAM_STATION_ACCESSIBILITY_017,PARA_STATION_ACCESSIBILITY_16_3,T2_MEDIUM_V1,accessibility,GET_ACCESSIBILITY_INFO,"Excuse me, Verification of accessible wheelchair ramp support at St. Thomas Mount metro (F17) #6",hi-en,Latn,CS3,N1,"{""station"": ""St. Thomas Mount"", ""accessibility_feature"": ""wheelchair"", ""transport_mode"": ""metro""}","{""station_id"": ""METRO_ST__THOMAS_MOUNT""}",ANSWERABLE_NOW,template_instantiation,TMPL_STATION_ACCESSIBILITY_HINGLISH_LATN_16
PILOT_T2_TR_002819,,SFAM_NEAREST_TRANSPORT_007,FAM_NEAREST_TRANSPORT_007,PARA_NEAREST_TRANSPORT_6_3,T2_MEDIUM_V1,nearest_transport,FIND_NEAREST_STATION,Transit query: Find closest public transport access point near Mother Child Hospital (F7) #5,hi-en,Latn,CS3,N1,"{""landmark"": ""Mother Child Hospital"", ""transport_mode"": ""public transport""}","{""place_id"": ""OSM_POI_7257518731""}",ANSWERABLE_NOW,template_instantiation,TMPL_NEAREST_TRANSPORT_HINGLISH_LATN_6
PILOT_T2_TR_002820,,SFAM_FARE_CALCULATION_013,FAM_FARE_CALCULATION_013,PARA_FARE_CALCULATION_12_1,T2_MEDIUM_V1,fare_query,CALCULATE_FARE,Quick check: विमको नगर से पचैयप्पा कॉलेज तक का मेट्रो का टोकन किराया कितना रुपया है? (किराया F13) #4,hi,Deva,CS0,N0,"{""origin"": ""विमको नगर"", ""destination"": ""पचैयप्पा कॉलेज"", ""fare_type"": ""टोकन"", ""transport_mode"": ""मेट्रो""}","{""origin_id"": ""METRO_WIMCO_NAGAR"", ""destination_id"": ""METRO_PACHAIYAPPA_S_COLLEGE""}",ANSWERABLE_NOW,template_instantiation,TMPL_FARE_CALCULATION_HI_DEVA_12
PILOT_T2_TR_002821,,SFAM_REALTIME_STATUS_QUERY_001,FAM_REALTIME_STATUS_QUERY_001,PARA_REALTIME_STATUS_QUERY_0_1,T2_MEDIUM_V1,realtime_status_query,REJECT_UNSUPPORTED_REALTIME,Could you specify क्या एयरपोर्ट से आने वाली ट्रेन अभी लेट चल रही है लाइव स्थिति बताएं? (ताज़ा F1)? #3,hi,Deva,CS0,N0,"{""origin"": ""एयरपोर्ट"", ""transport_mode"": ""ट्रेन""}","{""origin_id"": ""METRO_CHENNAI_INTERNATIONAL_AIRPORT""}",REQUIRES_REALTIME_DATA,template_instantiation,TMPL_REALTIME_STATUS_QUERY_HI_DEVA_0
PILOT_T2_TR_002822,,SFAM_REALTIME_STATUS_QUERY_018,FAM_REALTIME_STATUS_QUERY_018,PARA_REALTIME_STATUS_QUERY_17_2,T2_MEDIUM_V1,realtime_status_query,REJECT_UNSUPPORTED_REALTIME,Bus 102A ka real time current gps location update kahan pahuncha? [track F18],hi,Latn,CS0,N0,"{""route_number"": ""102A"", ""transport_mode"": ""bus""}","{""route_id"": ""GTFS_ROUTE_10248""}",REQUIRES_REALTIME_DATA,template_instantiation,TMPL_REALTIME_STATUS_QUERY_HI_LATN_17
PILOT_T2_TR_002823,,SFAM_ROUTE_STOP_MEMBERSHIP_006,FAM_ROUTE_STOP_MEMBERSHIP_006,PARA_ROUTE_STOP_MEMBERSHIP_5_3,T2_MEDIUM_V1,route_stops,CHECK_STOP_ON_ROUTE,Could you specify Verify if Poonamallee bus stop is covered by route 29C (F6)? #3,hi-en,Latn,CS3,N2,"{""route_number"": ""29C"", ""stop"": ""Poonamallee"", ""transport_mode"": ""bus""}","{""route_id"": ""GTFS_ROUTE_8631"", ""stop_id"": ""BUS_13972050953""}",ANSWERABLE_WITH_PROVISIONAL_DATA,template_instantiation,TMPL_ROUTE_STOP_MEMBERSHIP_HINGLISH_LATN_5
PILOT_T2_TR_002824,,SFAM_FARE_CALCULATION_017,FAM_FARE_CALCULATION_017,PARA_FARE_CALCULATION_16_2,T2_MEDIUM_V1,fare_query,CALCULATE_FARE,Could you specify st thomas mount se alandur metro ride ka standard ticket cost kitna hoga? [kiraya F17]? #3,hi,Latn,CS0,N0,"{""origin"": ""st thomas mount"", ""destination"": ""alandur"", ""transport_mode"": ""metro""}","{""origin_id"": ""METRO_ST__THOMAS_MOUNT"", ""destination_id"": ""METRO_ARIGNAR_ANNA_ALANDUR""}",ANSWERABLE_NOW,template_instantiation,TMPL_FARE_CALCULATION_HI_LATN_16
PILOT_T2_TR_002825,,SFAM_FARE_CALCULATION_005,FAM_FARE_CALCULATION_005,PARA_FARE_CALCULATION_4_1,T2_MEDIUM_V1,fare_query,CALCULATE_FARE,Please tell: सीएमबीटी से थाउजेंड लाइट्स तक का मेट्रो का टोकन किराया कितना रुपया है? (किराया F5) #2,hi,Deva,CS0,N0,"{""origin"": ""सीएमबीटी"", ""destination"": ""थाउजेंड लाइट्स"", ""fare_type"": ""टोकन"", ""transport_mode"": ""मेट्रो""}","{""origin_id"": ""METRO_PURATCHI_THALAIVI_DR_J_JAYALALITHAA_CMBT"", ""destination_id"": ""METRO_THOUSAND_LIGHTS""}",ANSWERABLE_NOW,template_instantiation,TMPL_FARE_CALCULATION_HI_DEVA_4
PILOT_T2_TR_002826,,SFAM_FARE_CALCULATION_002,FAM_FARE_CALCULATION_002,PARA_FARE_CALCULATION_1_4,T2_MEDIUM_V1,fare_query,CALCULATE_FARE,Chennai Central से Thirumangalam metro travel ka discounted smart card fare kya hai F2,hi-en,Deva+Latn,CS4,N0,"{""origin"": ""Chennai Central"", ""destination"": ""Thirumangalam"", ""ticket_type"": ""smart_card"", ""transport_mode"": ""metro""}","{""origin_id"": ""METRO_PURATCHI_THALAIVAR_DR__M_G_RAMACHANDRAN_CENTRAL"", ""destination_id"": ""METRO_THIRUMANGALAM""}",ANSWERABLE_NOW,template_instantiation,TMPL_FARE_CALCULATION_MIXED_SCRIPT_CS_1
PILOT_T2_TR_002827,,SFAM_MODE_AVAILABILITY_007,FAM_MODE_AVAILABILITY_007,PARA_MODE_AVAILABILITY_6_0,T2_MEDIUM_V1,service_availability,CHECK_SERVICE_AVAILABILITY,Could you specify Are there direct public transport options from Vadapalani to Thiruvanmiyur? [avail F7]? #3,en,Latn,CS0,N0,"{""origin"": ""Vadapalani"", ""destination"": ""Thiruvanmiyur"", ""transport_mode"": ""any""}","{""origin_id"": ""METRO_VADAPALANI"", ""destination_id"": ""BUS_3247310920""}",ANSWERABLE_WITH_PROVISIONAL_DATA,template_instantiation,TMPL_MODE_AVAILABILITY_EN_6
PILOT_T2_TR_002828,,SFAM_MULTIMODAL_ROUTE_008,FAM_MULTIMODAL_ROUTE_008,PARA_MULTIMODAL_ROUTE_7_3,T2_MEDIUM_V1,route_query,PLAN_MULTIMODAL_ROUTE,Please tell: Can you give combined bus and train route from Mylapore to Little Mount (F8)? #2,hi-en,Latn,CS3,N0,"{""origin"": ""Mylapore"", ""destination"": ""Little Mount"", ""transport_mode"": ""bus and train""}","{""origin_id"": ""BUS_410614381"", ""destination_id"": ""METRO_LITTLE_MOUNT""}",ANSWERABLE_WITH_PROVISIONAL_DATA,template_instantiation,TMPL_MULTIMODAL_ROUTE_HINGLISH_LATN_7
PILOT_T2_TR_002829,,SFAM_MODE_AVAILABILITY_013,FAM_MODE_AVAILABILITY_013,PARA_MODE_AVAILABILITY_12_1,T2_MEDIUM_V1,service_availability,CHECK_SERVICE_AVAILABILITY,क्या विमको नगर से नेलवॉय के लिए कोई सार्वजनिक बस या ट्रेन उपलब्ध है? (उपलब्धता F13),hi,Deva,CS0,N1,"{""origin"": ""विमको नगर"", ""destination"": ""नेलवॉय"", ""transport_mode"": ""सार्वजनिक बस या ट्रेन""}","{""origin_id"": ""METRO_WIMCO_NAGAR"", ""destination_id"": ""BUS_469106564""}",ANSWERABLE_WITH_PROVISIONAL_DATA,template_instantiation,TMPL_MODE_AVAILABILITY_HI_DEVA_12
PILOT_T2_TR_002830,,SFAM_MULTIMODAL_ROUTE_001,FAM_MULTIMODAL_ROUTE_001,PARA_MULTIMODAL_ROUTE_0_2,T2_MEDIUM_V1,route_query,PLAN_MULTIMODAL_ROUTE,Please tell: tambaram se high court bus aur metro switch karke shortest transit kya hai? [opt F1] #2,hi,Latn,CS0,N0,"{""origin"": ""tambaram"", ""destination"": ""high court"", ""transport_mode"": ""bus aur metro""}","{""origin_id"": ""BUS_5304399879"", ""destination_id"": ""METRO_HIGHCOURT""}",ANSWERABLE_WITH_PROVISIONAL_DATA,template_instantiation,TMPL_MULTIMODAL_ROUTE_HI_LATN_0
PILOT_T2_TR_002831,,SFAM_INTERCHANGE_TRANSFER_011,FAM_INTERCHANGE_TRANSFER_011,PARA_INTERCHANGE_TRANSFER_10_1,T2_MEDIUM_V1,interchange_query,GET_INTERCHANGE_DETAILS,Please tell: एग्मोर इंटरचेंज पर दूसरी लाइन में ट्रांसफर करने का मार्ग क्या है? (बदलाव F11) #2,hi,Deva,CS0,N0,"{""station"": ""एग्मोर"", ""facility_type"": ""इंटरचेंज""}","{""station_id"": ""METRO_EGMORE""}",ANSWERABLE_AFTER_MANUAL_VERIFICATION,template_instantiation,TMPL_INTERCHANGE_TRANSFER_HI_DEVA_10
PILOT_T2_TR_002832,,SFAM_OUT_OF_SCOPE_005,FAM_OUT_OF_SCOPE_005,PARA_OUT_OF_SCOPE_4_1,T2_MEDIUM_V1,out_of_scope,REJECT_OUT_OF_SCOPE,"Excuse me, सीएमबीटी के निकटतम सबसे अच्छे रेस्टोरेंट और भोजनालय की सूची दें। (बाहर F5) #6",hi,Deva,CS0,N0,"{""station"": ""सीएमबीटी""}","{""station_id"": ""METRO_PURATCHI_THALAIVI_DR_J_JAYALALITHAA_CMBT""}",OUT_OF_SCOPE,template_instantiation,TMPL_OUT_OF_SCOPE_HI_DEVA_4
PILOT_T2_TR_002833,,SFAM_OUT_OF_SCOPE_013,FAM_OUT_OF_SCOPE_013,PARA_OUT_OF_SCOPE_12_0,T2_MEDIUM_V1,out_of_scope,REJECT_OUT_OF_SCOPE,Please tell: Book a private cab taxi ride from Wimco Nagar Depot to Pachaiyappa College. [cab F13] #2,en,Latn,CS0,N0,"{""origin"": ""Wimco Nagar Depot"", ""destination"": ""Pachaiyappa College""}","{""origin_id"": ""METRO_WIMCO_NAGAR"", ""destination_id"": ""METRO_PACHAIYAPPA_S_COLLEGE""}",OUT_OF_SCOPE,template_instantiation,TMPL_OUT_OF_SCOPE_EN_12
PILOT_T2_TR_002834,,SFAM_TICKETING_AND_PASSES_004,FAM_TICKETING_AND_PASSES_004,PARA_TICKETING_AND_PASSES_3_2,T2_MEDIUM_V1,ticketing_rules,GET_TICKETING_POLICY,Could you specify tourist pass recharge karne ka guidelines aur validity rule bataye. [card F4]? #3,hi,Latn,CS0,N0,"{""ticket_type"": ""tourist_card"", ""transport_mode"": ""transit""}",{},ANSWERABLE_NOW,template_instantiation,TMPL_TICKETING_AND_PASSES_HI_LATN_3
PILOT_T2_TR_002835,,SFAM_INTERCHANGE_TRANSFER_008,FAM_INTERCHANGE_TRANSFER_008,PARA_INTERCHANGE_TRANSFER_7_0,T2_MEDIUM_V1,interchange_query,GET_INTERCHANGE_DETAILS,Could you specify How do I switch lines to connect towards Little Mount at High Court interchange? [xfer F8]? #3,en,Latn,CS0,N0,"{""station"": ""High Court"", ""destination"": ""Little Mount"", ""facility_type"": ""interchange""}","{""station_id"": ""METRO_HIGHCOURT"", ""destination_id"": ""METRO_LITTLE_MOUNT""}",ANSWERABLE_AFTER_MANUAL_VERIFICATION,template_instantiation,TMPL_INTERCHANGE_TRANSFER_EN_7
PILOT_T2_TR_002836,,SFAM_STATION_ACCESSIBILITY_006,FAM_STATION_ACCESSIBILITY_006,PARA_STATION_ACCESSIBILITY_5_3,T2_MEDIUM_V1,accessibility,GET_ACCESSIBILITY_INFO,Could you specify Verification of accessible passenger elevator lift support at Koyambedu metro (F6)? #3,hi-en,Latn,CS3,N0,"{""station"": ""Koyambedu"", ""accessibility_feature"": ""lift"", ""transport_mode"": ""metro""}","{""station_id"": ""METRO_KOYAMBEDU""}",ANSWERABLE_NOW,template_instantiation,TMPL_STATION_ACCESSIBILITY_HINGLISH_LATN_5
PILOT_T2_TR_002837,,SFAM_OUT_OF_SCOPE_006,FAM_OUT_OF_SCOPE_006,PARA_OUT_OF_SCOPE_5_0,T2_MEDIUM_V1,out_of_scope,REJECT_OUT_OF_SCOPE,Transit query: Book a private cab taxi ride from Koyambedu to Wimco Nagar Depot. [cab F6] #5,en,Latn,CS0,N0,"{""origin"": ""Koyambedu"", ""destination"": ""Wimco Nagar Depot""}","{""origin_id"": ""METRO_KOYAMBEDU"", ""destination_id"": ""METRO_WIMCO_NAGAR""}",OUT_OF_SCOPE,template_instantiation,TMPL_OUT_OF_SCOPE_EN_5
PILOT_T2_TR_002838,,SFAM_TICKETING_AND_PASSES_003,FAM_TICKETING_AND_PASSES_003,PARA_TICKETING_AND_PASSES_2_0,T2_MEDIUM_V1,ticketing_rules,GET_TICKETING_POLICY,Transit query: What are the rules and procedure to purchase a WhatsApp QR Ticket for commuters? [pass F3] #5,en,Latn,CS0,N0,"{""ticket_type"": ""qr_ticket"", ""transport_mode"": ""transit""}",{},ANSWERABLE_NOW,template_instantiation,TMPL_TICKETING_AND_PASSES_EN_2
PILOT_T2_TR_002839,,SFAM_ROUTE_STOP_SEQUENCE_002,FAM_ROUTE_STOP_SEQUENCE_002,PARA_ROUTE_STOP_SEQUENCE_1_1,T2_MEDIUM_V1,route_stops,LIST_ROUTE_STOPS,बस रूट 102 के सभी ठहरावों की क्रमबद्ध सूची दिखाएं। (क्रम F2),hi,Deva,CS0,N0,"{""route_number"": ""102"", ""transport_mode"": ""बस""}","{""route_id"": ""GTFS_ROUTE_16861""}",ANSWERABLE_WITH_PROVISIONAL_DATA,template_instantiation,TMPL_ROUTE_STOP_SEQUENCE_HI_DEVA_1
PILOT_T2_TR_002840,,SFAM_NEAREST_TRANSPORT_001,FAM_NEAREST_TRANSPORT_001,PARA_NEAREST_TRANSPORT_0_0,T2_MEDIUM_V1,nearest_transport,FIND_NEAREST_STATION,Please tell: Which is the nearest metro station or transit stop to Marina Beach? [loc F1] #2,en,Latn,CS0,N0,"{""landmark"": ""Marina Beach"", ""transport_mode"": ""metro""}","{""place_id"": ""OSM_POI_12137617372""}",ANSWERABLE_NOW,template_instantiation,TMPL_NEAREST_TRANSPORT_EN_0
PILOT_T2_TR_002841,,SFAM_MODE_AVAILABILITY_005,FAM_MODE_AVAILABILITY_005,PARA_MODE_AVAILABILITY_4_0,T2_MEDIUM_V1,service_availability,CHECK_SERVICE_AVAILABILITY,"Hello assistant, Are there direct public transport options from CMBT to Besant Nagar? [avail F5] #7",en,Latn,CS0,N1,"{""origin"": ""CMBT"", ""destination"": ""Besant Nagar"", ""transport_mode"": ""any""}","{""origin_id"": ""METRO_PURATCHI_THALAIVI_DR_J_JAYALALITHAA_CMBT"", ""destination_id"": ""BUS_417750654""}",ANSWERABLE_WITH_PROVISIONAL_DATA,template_instantiation,TMPL_MODE_AVAILABILITY_EN_4
PILOT_T2_TR_002842,,SFAM_STATION_ACCESSIBILITY_020,FAM_STATION_ACCESSIBILITY_020,PARA_STATION_ACCESSIBILITY_19_1,T2_MEDIUM_V1,accessibility,GET_ACCESSIBILITY_INFO,Could you specify क्या पचैयप्पा कॉलेज स्टेशन पर दिव्यांग यात्रियों के लिए एस्केलेटर उपलब्ध है? (सुलभता F20)? #3,hi,Deva,CS0,N0,"{""station"": ""पचैयप्पा कॉलेज"", ""accessibility_feature"": ""escalator"", ""transport_mode"": ""मेट्रो""}","{""station_id"": ""METRO_PACHAIYAPPA_S_COLLEGE""}",ANSWERABLE_NOW,template_instantiation,TMPL_STATION_ACCESSIBILITY_HI_DEVA_19
PILOT_T2_TR_002843,,SFAM_STATION_ACCESSIBILITY_006,FAM_STATION_ACCESSIBILITY_006,PARA_STATION_ACCESSIBILITY_5_1,T2_MEDIUM_V1,accessibility,GET_ACCESSIBILITY_INFO,Could you specify क्या कोयम्बेडु स्टेशन पर दिव्यांग यात्रियों के लिए यात्री लिफ्ट उपलब्ध है? (सुलभता F6)? #3,hi,Deva,CS0,N0,"{""station"": ""कोयम्बेडु"", ""accessibility_feature"": ""lift"", ""transport_mode"": ""मेट्रो""}","{""station_id"": ""METRO_KOYAMBEDU""}",ANSWERABLE_NOW,template_instantiation,TMPL_STATION_ACCESSIBILITY_HI_DEVA_5
PILOT_T2_TR_002844,,SFAM_SCHEDULED_DEPARTURE_002,FAM_SCHEDULED_DEPARTURE_002,PARA_SCHEDULED_DEPARTURE_1_3,T2_MEDIUM_V1,service_timing,GET_SCHEDULED_DEPARTURES,Please tell: Chennai Central station se kal 8 baje train schedule kya hoga (F2) #2,hi-en,Latn,CS3,N0,"{""origin"": ""Chennai Central"", ""temporal_relative"": ""kal"", ""resolved_temporal_offset"": ""UNRESOLVED_TEMPORAL_AMBIGUITY"", ""time"": ""8 baje"", ""temporal_ambiguity"": true, ""dual_candidates"": [""08:00:00"", ""20:00:00""]}","{""origin_id"": ""METRO_PURATCHI_THALAIVAR_DR__M_G_RAMACHANDRAN_CENTRAL""}",ANSWERABLE_NOW,template_instantiation,TMPL_SCHEDULED_DEPARTURE_HINGLISH_LATN_1
PILOT_T2_TR_002845,,SFAM_REALTIME_STATUS_QUERY_020,FAM_REALTIME_STATUS_QUERY_020,PARA_REALTIME_STATUS_QUERY_19_4,T2_MEDIUM_V1,realtime_status_query,REJECT_UNSUPPORTED_REALTIME,Pachaiyappa College se metro live delay status aur real time position tracking F20,hi-en,Deva+Latn,CS4,N2,"{""origin"": ""Pachaiyappa College"", ""transport_mode"": ""metro""}","{""origin_id"": ""METRO_PACHAIYAPPA_S_COLLEGE""}",REQUIRES_REALTIME_DATA,template_instantiation,TMPL_REALTIME_STATUS_QUERY_MIXED_SCRIPT_CS_19
PILOT_T2_TR_002846,,SFAM_STATION_ACCESSIBILITY_004,FAM_STATION_ACCESSIBILITY_004,PARA_STATION_ACCESSIBILITY_3_1,T2_MEDIUM_V1,accessibility,GET_ACCESSIBILITY_INFO,Please tell: क्या आलंदूर स्टेशन पर दिव्यांग यात्रियों के लिए एस्केलेटर उपलब्ध है? (सुलभता F4) #2,hi,Deva,CS0,N0,"{""station"": ""आलंदूर"", ""accessibility_feature"": ""escalator"", ""transport_mode"": ""मेट्रो""}","{""station_id"": ""METRO_ARIGNAR_ANNA_ALANDUR""}",ANSWERABLE_NOW,template_instantiation,TMPL_STATION_ACCESSIBILITY_HI_DEVA_3
PILOT_T2_TR_002847,,SFAM_REALTIME_STATUS_QUERY_014,FAM_REALTIME_STATUS_QUERY_014,PARA_REALTIME_STATUS_QUERY_13_1,T2_MEDIUM_V1,realtime_status_query,REJECT_UNSUPPORTED_REALTIME,Could you specify क्या वॉशरमैनपेट से आने वाली ट्रेन अभी लेट चल रही है लाइव स्थिति बताएं? (ताज़ा F14)? #3,hi,Deva,CS0,N0,"{""origin"": ""वॉशरमैनपेट"", ""transport_mode"": ""ट्रेन""}","{""origin_id"": ""METRO_WASHERMENPET""}",REQUIRES_REALTIME_DATA,template_instantiation,TMPL_REALTIME_STATUS_QUERY_HI_DEVA_13
PILOT_T2_TR_002848,,SFAM_STATION_FACILITIES_007,FAM_STATION_FACILITIES_007,PARA_STATION_FACILITIES_6_2,T2_MEDIUM_V1,station_facilities,GET_STATION_FACILITY,Please tell: kya vadapalani station par passenger ev charging station service available hai? [amenity F7] #2,hi,Latn,CS0,N1,"{""station"": ""vadapalani"", ""facility_type"": ""ev_charging"", ""transport_mode"": ""metro""}","{""station_id"": ""METRO_VADAPALANI""}",ANSWERABLE_NOW,template_instantiation,TMPL_STATION_FACILITIES_HI_LATN_6
PILOT_T2_TR_002849,,SFAM_TICKETING_AND_PASSES_015,FAM_TICKETING_AND_PASSES_015,PARA_TICKETING_AND_PASSES_14_3,T2_MEDIUM_V1,ticketing_rules,GET_TICKETING_POLICY,Could you specify How can regular passengers apply for and renew WhatsApp QR Ticket (F15)?? #3,hi-en,Latn,CS3,N0,"{""ticket_type"": ""qr_ticket"", ""transport_mode"": ""transit""}",{},ANSWERABLE_NOW,template_instantiation,TMPL_TICKETING_AND_PASSES_HINGLISH_LATN_14
PILOT_T2_TR_002850,,SFAM_NEAREST_TRANSPORT_017,FAM_NEAREST_TRANSPORT_017,PARA_NEAREST_TRANSPORT_16_1,T2_MEDIUM_V1,nearest_transport,FIND_NEAREST_STATION,"Excuse me, मातृ शिशु अस्पताल के सबसे निकटतम मेट्रो स्टेशन या बस स्टॉप कौन सा है? (निकट F17) #6",hi,Deva,CS0,N0,"{""landmark"": ""मातृ शिशु अस्पताल"", ""transport_mode"": ""मेट्रो या बस""}","{""place_id"": ""OSM_POI_7257518731""}",ANSWERABLE_NOW,template_instantiation,TMPL_NEAREST_TRANSPORT_HI_DEVA_16
PILOT_T2_TR_002851,,SFAM_MODE_AVAILABILITY_011,FAM_MODE_AVAILABILITY_011,PARA_MODE_AVAILABILITY_10_4,T2_MEDIUM_V1,service_availability,CHECK_SERVICE_AVAILABILITY,Please tell: क्या Egmore से Kalpakkam transport line active hai mode info F11 #2,hi-en,Deva+Latn,CS4,N0,"{""origin"": ""Egmore"", ""destination"": ""Kalpakkam"", ""transport_mode"": ""transport""}","{""origin_id"": ""METRO_EGMORE"", ""destination_id"": ""BUS_30143150""}",ANSWERABLE_WITH_PROVISIONAL_DATA,template_instantiation,TMPL_MODE_AVAILABILITY_MIXED_SCRIPT_CS_10
PILOT_T2_TR_002852,,SFAM_FARE_CALCULATION_007,FAM_FARE_CALCULATION_007,PARA_FARE_CALCULATION_6_0,T2_MEDIUM_V1,fare_query,CALCULATE_FARE,Please tell: What is the single-journey ticket fare from Vadapalani to Washermenpet on metro? [fare F7] #2,en,Latn,CS0,N0,"{""origin"": ""Vadapalani"", ""destination"": ""Washermenpet"", ""fare_type"": ""token"", ""transport_mode"": ""metro""}","{""origin_id"": ""METRO_VADAPALANI"", ""destination_id"": ""METRO_WASHERMENPET""}",ANSWERABLE_NOW,template_instantiation,TMPL_FARE_CALCULATION_EN_6
PILOT_T2_TR_002853,,SFAM_OUT_OF_SCOPE_014,FAM_OUT_OF_SCOPE_014,PARA_OUT_OF_SCOPE_13_1,T2_MEDIUM_V1,out_of_scope,REJECT_OUT_OF_SCOPE,Transit query: वॉशरमैनपेट के निकटतम सबसे अच्छे रेस्टोरेंट और भोजनालय की सूची दें। (बाहर F14) #5,hi,Deva,CS0,N2,"{""station"": ""वॉशरमैनपेट""}","{""station_id"": ""METRO_WASHERMENPET""}",OUT_OF_SCOPE,template_instantiation,TMPL_OUT_OF_SCOPE_HI_DEVA_13
PILOT_T2_TR_002854,,SFAM_STATION_ACCESSIBILITY_016,FAM_STATION_ACCESSIBILITY_016,PARA_STATION_ACCESSIBILITY_15_2,T2_MEDIUM_V1,accessibility,GET_ACCESSIBILITY_INFO,Please tell: kya saidapet metro station me wheelchair disabled ke liye escalator hai? [barrier-free F16] #2,hi,Latn,CS0,N1,"{""station"": ""saidapet"", ""accessibility_feature"": ""escalator"", ""transport_mode"": ""metro""}","{""station_id"": ""METRO_SAIDAPET""}",ANSWERABLE_NOW,template_instantiation,TMPL_STATION_ACCESSIBILITY_HI_LATN_15
PILOT_T2_TR_002855,,SFAM_MODE_AVAILABILITY_013,FAM_MODE_AVAILABILITY_013,PARA_MODE_AVAILABILITY_12_4,T2_MEDIUM_V1,service_availability,CHECK_SERVICE_AVAILABILITY,Please tell: क्या Wimco Nagar Depot से Nelvoy transport line active hai mode info F13 #2,hi-en,Deva+Latn,CS4,N0,"{""origin"": ""Wimco Nagar Depot"", ""destination"": ""Nelvoy"", ""transport_mode"": ""transport""}","{""origin_id"": ""METRO_WIMCO_NAGAR"", ""destination_id"": ""BUS_469106564""}",ANSWERABLE_WITH_PROVISIONAL_DATA,template_instantiation,TMPL_MODE_AVAILABILITY_MIXED_SCRIPT_CS_12
PILOT_T2_TR_002856,,SFAM_OUT_OF_SCOPE_001,FAM_OUT_OF_SCOPE_001,PARA_OUT_OF_SCOPE_0_0,T2_MEDIUM_V1,out_of_scope,REJECT_OUT_OF_SCOPE,Please tell: Book a private cab taxi ride from Airport to High Court. [cab F1] #2,en,Latn,CS0,N0,"{""origin"": ""Airport"", ""destination"": ""High Court""}","{""origin_id"": ""METRO_CHENNAI_INTERNATIONAL_AIRPORT"", ""destination_id"": ""METRO_HIGHCOURT""}",OUT_OF_SCOPE,template_instantiation,TMPL_OUT_OF_SCOPE_EN_0
PILOT_T2_TR_002857,,SFAM_OUT_OF_SCOPE_009,FAM_OUT_OF_SCOPE_009,PARA_OUT_OF_SCOPE_8_3,T2_MEDIUM_V1,out_of_scope,REJECT_OUT_OF_SCOPE,Please tell: What is the general weather rain forecast in Chennai near Karpaga Institute today (F9)? #2,hi-en,Latn,CS3,N0,"{""landmark"": ""Karpaga Institute""}","{""place_id"": ""OSM_POI_3082849503""}",OUT_OF_SCOPE,template_instantiation,TMPL_OUT_OF_SCOPE_HINGLISH_LATN_8
PILOT_T2_TR_002858,,SFAM_OUT_OF_SCOPE_020,FAM_OUT_OF_SCOPE_020,PARA_OUT_OF_SCOPE_19_1,T2_MEDIUM_V1,out_of_scope,REJECT_OUT_OF_SCOPE,पचैयप्पा कॉलेज के निकटतम सबसे अच्छे रेस्टोरेंट और भोजनालय की सूची दें। (बाहर F20),hi,Deva,CS0,N1,"{""station"": ""पचैयप्पा कॉलेज""}","{""station_id"": ""METRO_PACHAIYAPPA_S_COLLEGE""}",OUT_OF_SCOPE,template_instantiation,TMPL_OUT_OF_SCOPE_HI_DEVA_19
PILOT_T2_TR_002859,,SFAM_INTERCHANGE_TRANSFER_003,FAM_INTERCHANGE_TRANSFER_003,PARA_INTERCHANGE_TRANSFER_2_3,T2_MEDIUM_V1,interchange_query,GET_INTERCHANGE_DETAILS,Please tell: Transfer walking time and directions at Guindy multimodal terminal (F3) #2,hi-en,Latn,CS3,N0,"{""station"": ""Guindy"", ""facility_type"": ""interchange""}","{""station_id"": ""METRO_GUINDY""}",ANSWERABLE_AFTER_MANUAL_VERIFICATION,template_instantiation,TMPL_INTERCHANGE_TRANSFER_HINGLISH_LATN_2
PILOT_T2_TR_002860,,SFAM_REALTIME_STATUS_QUERY_003,FAM_REALTIME_STATUS_QUERY_003,PARA_REALTIME_STATUS_QUERY_2_4,T2_MEDIUM_V1,realtime_status_query,REJECT_UNSUPPORTED_REALTIME,Could you specify Guindy se metro live delay status aur real time position tracking F3? #3,hi-en,Deva+Latn,CS4,N1,"{""origin"": ""Guindy"", ""transport_mode"": ""metro""}","{""origin_id"": ""METRO_GUINDY""}",REQUIRES_REALTIME_DATA,template_instantiation,TMPL_REALTIME_STATUS_QUERY_MIXED_SCRIPT_CS_2
PILOT_T2_TR_002861,,SFAM_MODE_AVAILABILITY_018,FAM_MODE_AVAILABILITY_018,PARA_MODE_AVAILABILITY_17_3,T2_MEDIUM_V1,service_availability,CHECK_SERVICE_AVAILABILITY,Could you specify Is public transit operational connecting Nehru Park and Broadway (F18)?? #3,hi-en,Latn,CS3,N0,"{""origin"": ""Nehru Park"", ""destination"": ""Broadway"", ""transport_mode"": ""public transit""}","{""origin_id"": ""METRO_NEHRU_PARK"", ""destination_id"": ""BUS_27618346""}",ANSWERABLE_WITH_PROVISIONAL_DATA,template_instantiation,TMPL_MODE_AVAILABILITY_HINGLISH_LATN_17
PILOT_T2_TR_002862,,SFAM_OUT_OF_SCOPE_010,FAM_OUT_OF_SCOPE_010,PARA_OUT_OF_SCOPE_9_1,T2_MEDIUM_V1,out_of_scope,REJECT_OUT_OF_SCOPE,Quick check: अन्ना नगर टावर के निकटतम सबसे अच्छे रेस्टोरेंट और भोजनालय की सूची दें। (बाहर F10) #4,hi,Deva,CS0,N0,"{""station"": ""अन्ना नगर टावर""}","{""station_id"": ""METRO_ANNA_NAGAR_TOWER""}",OUT_OF_SCOPE,template_instantiation,TMPL_OUT_OF_SCOPE_HI_DEVA_9
PILOT_T2_TR_002863,,SFAM_TICKETING_AND_PASSES_009,FAM_TICKETING_AND_PASSES_009,PARA_TICKETING_AND_PASSES_8_3,T2_MEDIUM_V1,ticketing_rules,GET_TICKETING_POLICY,How can regular passengers apply for and renew WhatsApp QR Ticket (F9)?,hi-en,Latn,CS3,N0,"{""ticket_type"": ""qr_ticket"", ""transport_mode"": ""transit""}",{},ANSWERABLE_NOW,template_instantiation,TMPL_TICKETING_AND_PASSES_HINGLISH_LATN_8
PILOT_T2_TR_002864,,SFAM_MULTIMODAL_ROUTE_016,FAM_MULTIMODAL_ROUTE_016,PARA_MULTIMODAL_ROUTE_15_0,T2_MEDIUM_V1,route_query,PLAN_MULTIMODAL_ROUTE,Could you specify What is the combined bus and metro route from Pudupattinam to Guindy? [plan F16]? #3,en,Latn,CS0,N0,"{""origin"": ""Pudupattinam"", ""destination"": ""Guindy"", ""transport_mode"": ""multimodal""}","{""origin_id"": ""BUS_3616510666"", ""destination_id"": ""METRO_GUINDY""}",ANSWERABLE_WITH_PROVISIONAL_DATA,template_instantiation,TMPL_MULTIMODAL_ROUTE_EN_15
PILOT_T2_TR_002865,,SFAM_ROUTE_STOP_MEMBERSHIP_010,FAM_ROUTE_STOP_MEMBERSHIP_010,PARA_ROUTE_STOP_MEMBERSHIP_9_3,T2_MEDIUM_V1,route_stops,CHECK_STOP_ON_ROUTE,Please tell: Verify if Karunguzhi bus stop is covered by route 12G (F10) #2,hi-en,Latn,CS3,N0,"{""route_number"": ""12G"", ""stop"": ""Karunguzhi"", ""transport_mode"": ""bus""}","{""route_id"": ""GTFS_ROUTE_18750"", ""stop_id"": ""BUS_5274698920""}",ANSWERABLE_WITH_PROVISIONAL_DATA,template_instantiation,TMPL_ROUTE_STOP_MEMBERSHIP_HINGLISH_LATN_9
PILOT_T2_TR_002866,,SFAM_REALTIME_STATUS_QUERY_002,FAM_REALTIME_STATUS_QUERY_002,PARA_REALTIME_STATUS_QUERY_1_2,T2_MEDIUM_V1,realtime_status_query,REJECT_UNSUPPORTED_REALTIME,Quick check: Bus 102 ka real time current gps location update kahan pahuncha? [track F2] #4,hi,Latn,CS0,N0,"{""route_number"": ""102"", ""transport_mode"": ""bus""}","{""route_id"": ""GTFS_ROUTE_16861""}",REQUIRES_REALTIME_DATA,template_instantiation,TMPL_REALTIME_STATUS_QUERY_HI_LATN_1
PILOT_T2_TR_002867,,SFAM_FARE_CALCULATION_013,FAM_FARE_CALCULATION_013,PARA_FARE_CALCULATION_12_0,T2_MEDIUM_V1,fare_query,CALCULATE_FARE,Please tell: What is the single-journey ticket fare from Wimco Nagar Depot to Pachaiyappa College on metro? [fare F13] #2,en,Latn,CS0,N0,"{""origin"": ""Wimco Nagar Depot"", ""destination"": ""Pachaiyappa College"", ""fare_type"": ""token"", ""transport_mode"": ""metro""}","{""origin_id"": ""METRO_WIMCO_NAGAR"", ""destination_id"": ""METRO_PACHAIYAPPA_S_COLLEGE""}",ANSWERABLE_NOW,template_instantiation,TMPL_FARE_CALCULATION_EN_12
PILOT_T2_TR_002868,,SFAM_ROUTE_STOP_MEMBERSHIP_006,FAM_ROUTE_STOP_MEMBERSHIP_006,PARA_ROUTE_STOP_MEMBERSHIP_5_1,T2_MEDIUM_V1,route_stops,CHECK_STOP_ON_ROUTE,Please tell: क्या बस 29C पूनमल्ली स्टॉप पर रुकती है? (जांच F6) #2,hi,Deva,CS0,N0,"{""route_number"": ""29C"", ""stop"": ""पूनमल्ली"", ""transport_mode"": ""बस""}","{""route_id"": ""GTFS_ROUTE_8631"", ""stop_id"": ""BUS_13972050953""}",ANSWERABLE_WITH_PROVISIONAL_DATA,template_instantiation,TMPL_ROUTE_STOP_MEMBERSHIP_HI_DEVA_5
PILOT_T2_TR_002869,,SFAM_POINT_TO_POINT_ROUTE_005,FAM_POINT_TO_POINT_ROUTE_005,PARA_POINT_TO_POINT_ROUTE_4_1,T2_MEDIUM_V1,route_query,PLAN_ROUTE,Please tell: सीएमबीटी से थाउजेंड लाइट्स मेट्रो से जाने का रास्ता क्या है? (प्रारूप F5) #2,hi,Deva,CS0,N0,"{""origin"": ""सीएमबीटी"", ""destination"": ""थाउजेंड लाइट्स"", ""transport_mode"": ""मेट्रो""}","{""origin_id"": ""METRO_PURATCHI_THALAIVI_DR_J_JAYALALITHAA_CMBT"", ""destination_id"": ""METRO_THOUSAND_LIGHTS""}",ANSWERABLE_WITH_PROVISIONAL_DATA,template_instantiation,TMPL_POINT_TO_POINT_ROUTE_HI_DEVA_4
PILOT_T2_TR_002870,,SFAM_TICKETING_AND_PASSES_007,FAM_TICKETING_AND_PASSES_007,PARA_TICKETING_AND_PASSES_6_2,T2_MEDIUM_V1,ticketing_rules,GET_TICKETING_POLICY,Could you specify monthly pass recharge karne ka guidelines aur validity rule bataye. [card F7]? #3,hi,Latn,CS0,N0,"{""ticket_type"": ""monthly_pass"", ""transport_mode"": ""transit""}",{},ANSWERABLE_NOW,template_instantiation,TMPL_TICKETING_AND_PASSES_HI_LATN_6
PILOT_T2_TR_002871,,SFAM_STATION_FACILITIES_002,FAM_STATION_FACILITIES_002,PARA_STATION_FACILITIES_1_1,T2_MEDIUM_V1,station_facilities,GET_STATION_FACILITY,क्या चेन्नई सेंट्रल मेट्रो स्टेशन पर बाइक पार्किंग की व्यवस्था उपलब्ध है? (सुविधा F2),hi,Deva,CS0,N0,"{""station"": ""चेन्नई सेंट्रल"", ""facility_type"": ""two_wheeler_parking"", ""transport_mode"": ""मेट्रो""}","{""station_id"": ""METRO_PURATCHI_THALAIVAR_DR__M_G_RAMACHANDRAN_CENTRAL""}",ANSWERABLE_NOW,template_instantiation,TMPL_STATION_FACILITIES_HI_DEVA_1
PILOT_T2_TR_002872,,SFAM_ROUTE_STOP_SEQUENCE_006,FAM_ROUTE_STOP_SEQUENCE_006,PARA_ROUTE_STOP_SEQUENCE_5_0,T2_MEDIUM_V1,route_stops,LIST_ROUTE_STOPS,List every intermediate stop along route 29C in order. [seq F6],en,Latn,CS0,N0,"{""route_number"": ""29C"", ""transport_mode"": ""bus""}","{""route_id"": ""GTFS_ROUTE_8631""}",ANSWERABLE_WITH_PROVISIONAL_DATA,template_instantiation,TMPL_ROUTE_STOP_SEQUENCE_EN_5
PILOT_T2_TR_002873,,SFAM_TICKETING_AND_PASSES_004,FAM_TICKETING_AND_PASSES_004,PARA_TICKETING_AND_PASSES_3_0,T2_MEDIUM_V1,ticketing_rules,GET_TICKETING_POLICY,Could you specify What are the rules and procedure to purchase a Tourist One-Day Pass for commuters? [pass F4]? #3,en,Latn,CS0,N0,"{""ticket_type"": ""tourist_card"", ""transport_mode"": ""transit""}",{},ANSWERABLE_NOW,template_instantiation,TMPL_TICKETING_AND_PASSES_EN_3
PILOT_T2_TR_002874,,SFAM_NEAREST_TRANSPORT_001,FAM_NEAREST_TRANSPORT_001,PARA_NEAREST_TRANSPORT_0_0,T2_MEDIUM_V1,nearest_transport,FIND_NEAREST_STATION,Transit query: Which is the nearest metro station or transit stop to Marina Beach? [loc F1] #5,en,Latn,CS0,N0,"{""landmark"": ""Marina Beach"", ""transport_mode"": ""metro""}","{""place_id"": ""OSM_POI_12137617372""}",ANSWERABLE_NOW,template_instantiation,TMPL_NEAREST_TRANSPORT_EN_0
PILOT_T2_TR_002875,,SFAM_MODE_AVAILABILITY_017,FAM_MODE_AVAILABILITY_017,PARA_MODE_AVAILABILITY_16_2,T2_MEDIUM_V1,service_availability,CHECK_SERVICE_AVAILABILITY,Please tell: st thomas mount se tambaram tak direct transit options available hain kya? [suvidha F17] #2,hi,Latn,CS0,N1,"{""origin"": ""st thomas mount"", ""destination"": ""tambaram"", ""transport_mode"": ""any""}","{""origin_id"": ""METRO_ST__THOMAS_MOUNT"", ""destination_id"": ""BUS_5304399879""}",ANSWERABLE_WITH_PROVISIONAL_DATA,template_instantiation,TMPL_MODE_AVAILABILITY_HI_LATN_16
PILOT_T2_TR_002876,,SFAM_STATION_FACILITIES_018,FAM_STATION_FACILITIES_018,PARA_STATION_FACILITIES_17_4,T2_MEDIUM_V1,station_facilities,GET_STATION_FACILITY,क्या Nehru Park station par passengers ke liye two-wheeler bike parking accessible hai F18,hi-en,Deva+Latn,CS4,N2,"{""station"": ""Nehru Park"", ""facility_type"": ""two_wheeler_parking"", ""transport_mode"": ""metro""}","{""station_id"": ""METRO_NEHRU_PARK""}",ANSWERABLE_NOW,template_instantiation,TMPL_STATION_FACILITIES_MIXED_SCRIPT_CS_17
PILOT_T2_TR_002877,,SFAM_TICKETING_AND_PASSES_018,FAM_TICKETING_AND_PASSES_018,PARA_TICKETING_AND_PASSES_17_1,T2_MEDIUM_V1,ticketing_rules,GET_TICKETING_POLICY,Please tell: यात्रियों के लिए एनसीएमसी कार्ड प्राप्त करने के नियम और प्रक्रिया क्या हैं? (पास F18) #2,hi,Deva,CS0,N0,"{""ticket_type"": ""ncmc_card"", ""transport_mode"": ""पारगमन""}",{},ANSWERABLE_NOW,template_instantiation,TMPL_TICKETING_AND_PASSES_HI_DEVA_17
PILOT_T2_TR_002878,,SFAM_INTERCHANGE_TRANSFER_020,FAM_INTERCHANGE_TRANSFER_020,PARA_INTERCHANGE_TRANSFER_19_1,T2_MEDIUM_V1,interchange_query,GET_INTERCHANGE_DETAILS,Transit query: पचैयप्पा कॉलेज इंटरचेंज पर दूसरी लाइन में ट्रांसफर करने का मार्ग क्या है? (बदलाव F20) #5,hi,Deva,CS0,N2,"{""station"": ""पचैयप्पा कॉलेज"", ""facility_type"": ""इंटरचेंज""}","{""station_id"": ""METRO_PACHAIYAPPA_S_COLLEGE""}",ANSWERABLE_AFTER_MANUAL_VERIFICATION,template_instantiation,TMPL_INTERCHANGE_TRANSFER_HI_DEVA_19
PILOT_T2_TR_002879,,SFAM_POINT_TO_POINT_ROUTE_017,FAM_POINT_TO_POINT_ROUTE_017,PARA_POINT_TO_POINT_ROUTE_16_2,T2_MEDIUM_V1,route_query,PLAN_ROUTE,Please tell: st thomas mount se alandur metro se travel kaise kare? [tarika F17] #2,hi,Latn,CS0,N0,"{""origin"": ""st thomas mount"", ""destination"": ""alandur"", ""transport_mode"": ""metro""}","{""origin_id"": ""METRO_ST__THOMAS_MOUNT"", ""destination_id"": ""METRO_ARIGNAR_ANNA_ALANDUR""}",ANSWERABLE_WITH_PROVISIONAL_DATA,template_instantiation,TMPL_POINT_TO_POINT_ROUTE_HI_LATN_16
PILOT_T2_TR_002880,,SFAM_TICKETING_AND_PASSES_017,FAM_TICKETING_AND_PASSES_017,PARA_TICKETING_AND_PASSES_16_0,T2_MEDIUM_V1,ticketing_rules,GET_TICKETING_POLICY,Please tell: What are the rules and procedure to purchase a Student Concession Card for commuters? [pass F17] #2,en,Latn,CS0,N0,"{""ticket_type"": ""student_pass"", ""transport_mode"": ""transit""}",{},ANSWERABLE_NOW,template_instantiation,TMPL_TICKETING_AND_PASSES_EN_16
PILOT_T2_TR_002881,,SFAM_ROUTE_STOP_MEMBERSHIP_010,FAM_ROUTE_STOP_MEMBERSHIP_010,PARA_ROUTE_STOP_MEMBERSHIP_9_0,T2_MEDIUM_V1,route_stops,CHECK_STOP_ON_ROUTE,Does bus route 12G make a scheduled halt at Karunguzhi? [chk F10],en,Latn,CS0,N0,"{""route_number"": ""12G"", ""stop"": ""Karunguzhi"", ""transport_mode"": ""bus""}","{""route_id"": ""GTFS_ROUTE_18750"", ""stop_id"": ""BUS_5274698920""}",ANSWERABLE_WITH_PROVISIONAL_DATA,template_instantiation,TMPL_ROUTE_STOP_MEMBERSHIP_EN_9
PILOT_T2_TR_002882,,SFAM_STATION_ACCESSIBILITY_010,FAM_STATION_ACCESSIBILITY_010,PARA_STATION_ACCESSIBILITY_9_3,T2_MEDIUM_V1,accessibility,GET_ACCESSIBILITY_INFO,Could you specify Verification of accessible passenger elevator lift support at Anna Nagar Tower metro (F10)? #3,hi-en,Latn,CS3,N0,"{""station"": ""Anna Nagar Tower"", ""accessibility_feature"": ""lift"", ""transport_mode"": ""metro""}","{""station_id"": ""METRO_ANNA_NAGAR_TOWER""}",ANSWERABLE_NOW,template_instantiation,TMPL_STATION_ACCESSIBILITY_HINGLISH_LATN_9
PILOT_T2_TR_002883,,SFAM_STATION_ACCESSIBILITY_013,FAM_STATION_ACCESSIBILITY_013,PARA_STATION_ACCESSIBILITY_12_3,T2_MEDIUM_V1,accessibility,GET_ACCESSIBILITY_INFO,Please tell: Verification of accessible wheelchair ramp support at Wimco Nagar Depot metro (F13) #2,hi-en,Latn,CS3,N0,"{""station"": ""Wimco Nagar Depot"", ""accessibility_feature"": ""wheelchair"", ""transport_mode"": ""metro""}","{""station_id"": ""METRO_WIMCO_NAGAR""}",ANSWERABLE_NOW,template_instantiation,TMPL_STATION_ACCESSIBILITY_HINGLISH_LATN_12
PILOT_T2_TR_002884,,SFAM_FARE_CALCULATION_008,FAM_FARE_CALCULATION_008,PARA_FARE_CALCULATION_7_0,T2_MEDIUM_V1,fare_query,CALCULATE_FARE,Please tell: What is the single-journey ticket fare from High Court to Little Mount on metro? [fare F8] #2,en,Latn,CS0,N0,"{""origin"": ""High Court"", ""destination"": ""Little Mount"", ""fare_type"": ""token"", ""transport_mode"": ""metro""}","{""origin_id"": ""METRO_HIGHCOURT"", ""destination_id"": ""METRO_LITTLE_MOUNT""}",ANSWERABLE_NOW,template_instantiation,TMPL_FARE_CALCULATION_EN_7
PILOT_T2_TR_002885,,SFAM_FARE_CALCULATION_007,FAM_FARE_CALCULATION_007,PARA_FARE_CALCULATION_6_1,T2_MEDIUM_V1,fare_query,CALCULATE_FARE,वडपलनी से वॉशरमैनपेट तक का मेट्रो का टोकन किराया कितना रुपया है? (किराया F7),hi,Deva,CS0,N1,"{""origin"": ""वडपलनी"", ""destination"": ""वॉशरमैनपेट"", ""fare_type"": ""टोकन"", ""transport_mode"": ""मेट्रो""}","{""origin_id"": ""METRO_VADAPALANI"", ""destination_id"": ""METRO_WASHERMENPET""}",ANSWERABLE_NOW,template_instantiation,TMPL_FARE_CALCULATION_HI_DEVA_6
PILOT_T2_TR_002886,,SFAM_OUT_OF_SCOPE_006,FAM_OUT_OF_SCOPE_006,PARA_OUT_OF_SCOPE_5_4,T2_MEDIUM_V1,out_of_scope,REJECT_OUT_OF_SCOPE,Koyambedu ke pass hotel reservation aur movie ticket booking service F6,hi-en,Deva+Latn,CS4,N0,"{""station"": ""Koyambedu""}","{""station_id"": ""METRO_KOYAMBEDU""}",OUT_OF_SCOPE,template_instantiation,TMPL_OUT_OF_SCOPE_MIXED_SCRIPT_CS_5
PILOT_T2_TR_002887,,SFAM_MODE_AVAILABILITY_012,FAM_MODE_AVAILABILITY_012,PARA_MODE_AVAILABILITY_11_0,T2_MEDIUM_V1,service_availability,CHECK_SERVICE_AVAILABILITY,"Excuse me, Are there direct public transport options from Thousand Lights to Walajabad? [avail F12] #6",en,Latn,CS0,N0,"{""origin"": ""Thousand Lights"", ""destination"": ""Walajabad"", ""transport_mode"": ""any""}","{""origin_id"": ""METRO_THOUSAND_LIGHTS"", ""destination_id"": ""BUS_261716087""}",ANSWERABLE_WITH_PROVISIONAL_DATA,template_instantiation,TMPL_MODE_AVAILABILITY_EN_11
PILOT_T2_TR_002888,,SFAM_POINT_TO_POINT_ROUTE_019,FAM_POINT_TO_POINT_ROUTE_019,PARA_POINT_TO_POINT_ROUTE_18_4,T2_MEDIUM_V1,route_query,PLAN_ROUTE,Kilpauk से Koyambedu direct metro connection bataye route plan F19,hi-en,Deva+Latn,CS4,N2,"{""origin"": ""Kilpauk"", ""destination"": ""Koyambedu"", ""transport_mode"": ""metro""}","{""origin_id"": ""METRO_KILPAUK"", ""destination_id"": ""METRO_KOYAMBEDU""}",ANSWERABLE_WITH_PROVISIONAL_DATA,template_instantiation,TMPL_POINT_TO_POINT_ROUTE_MIXED_SCRIPT_CS_18
PILOT_T2_TR_002889,,SFAM_FARE_CALCULATION_013,FAM_FARE_CALCULATION_013,PARA_FARE_CALCULATION_12_0,T2_MEDIUM_V1,fare_query,CALCULATE_FARE,Transit query: What is the single-journey ticket fare from Wimco Nagar Depot to Pachaiyappa College on metro? [fare F13] #5,en,Latn,CS0,N0,"{""origin"": ""Wimco Nagar Depot"", ""destination"": ""Pachaiyappa College"", ""fare_type"": ""token"", ""transport_mode"": ""metro""}","{""origin_id"": ""METRO_WIMCO_NAGAR"", ""destination_id"": ""METRO_PACHAIYAPPA_S_COLLEGE""}",ANSWERABLE_NOW,template_instantiation,TMPL_FARE_CALCULATION_EN_12
PILOT_T2_TR_002890,,SFAM_INTERCHANGE_TRANSFER_015,FAM_INTERCHANGE_TRANSFER_015,PARA_INTERCHANGE_TRANSFER_14_4,T2_MEDIUM_V1,interchange_query,GET_INTERCHANGE_DETAILS,Please tell: Little Mount interchange par line switch connection point details check F15 #2,hi-en,Deva+Latn,CS4,N0,"{""station"": ""Little Mount"", ""facility_type"": ""interchange""}","{""station_id"": ""METRO_LITTLE_MOUNT""}",ANSWERABLE_AFTER_MANUAL_VERIFICATION,template_instantiation,TMPL_INTERCHANGE_TRANSFER_MIXED_SCRIPT_CS_14
PILOT_T2_TR_002891,,SFAM_OUT_OF_SCOPE_020,FAM_OUT_OF_SCOPE_020,PARA_OUT_OF_SCOPE_19_0,T2_MEDIUM_V1,out_of_scope,REJECT_OUT_OF_SCOPE,"Excuse me, Book a private cab taxi ride from Pachaiyappa College to Vadapalani. [cab F20] #6",en,Latn,CS0,N0,"{""origin"": ""Pachaiyappa College"", ""destination"": ""Vadapalani""}","{""origin_id"": ""METRO_PACHAIYAPPA_S_COLLEGE"", ""destination_id"": ""METRO_VADAPALANI""}",OUT_OF_SCOPE,template_instantiation,TMPL_OUT_OF_SCOPE_EN_19
PILOT_T2_TR_002892,,SFAM_STATION_FACILITIES_015,FAM_STATION_FACILITIES_015,PARA_STATION_FACILITIES_14_3,T2_MEDIUM_V1,station_facilities,GET_STATION_FACILITY,Does Little Mount station premises include operational EV vehicle charging (F15)?,hi-en,Latn,CS3,N0,"{""station"": ""Little Mount"", ""facility_type"": ""ev_charging"", ""transport_mode"": ""metro""}","{""station_id"": ""METRO_LITTLE_MOUNT""}",ANSWERABLE_NOW,template_instantiation,TMPL_STATION_FACILITIES_HINGLISH_LATN_14
PILOT_T2_TR_002893,,SFAM_SCHEDULED_DEPARTURE_004,FAM_SCHEDULED_DEPARTURE_004,PARA_SCHEDULED_DEPARTURE_3_2,T2_MEDIUM_V1,service_timing,GET_SCHEDULED_DEPARTURES,Please tell: alandur se sham 7 baje departure timing schedule bataye. [timetable F4] #2,hi,Latn,CS0,N0,"{""origin"": ""alandur"", ""time"": ""sham 7 baje"", ""resolved_time"": ""19:00:00""}","{""origin_id"": ""METRO_ARIGNAR_ANNA_ALANDUR""}",ANSWERABLE_NOW,template_instantiation,TMPL_SCHEDULED_DEPARTURE_HI_LATN_3
PILOT_T2_TR_002894,,SFAM_INTERCHANGE_TRANSFER_020,FAM_INTERCHANGE_TRANSFER_020,PARA_INTERCHANGE_TRANSFER_19_1,T2_MEDIUM_V1,interchange_query,GET_INTERCHANGE_DETAILS,"Excuse me, पचैयप्पा कॉलेज इंटरचेंज पर दूसरी लाइन में ट्रांसफर करने का मार्ग क्या है? (बदलाव F20) #6",hi,Deva,CS0,N0,"{""station"": ""पचैयप्पा कॉलेज"", ""facility_type"": ""इंटरचेंज""}","{""station_id"": ""METRO_PACHAIYAPPA_S_COLLEGE""}",ANSWERABLE_AFTER_MANUAL_VERIFICATION,template_instantiation,TMPL_INTERCHANGE_TRANSFER_HI_DEVA_19
PILOT_T2_TR_002895,,SFAM_FIRST_AND_LAST_SERVICE_012,FAM_FIRST_AND_LAST_SERVICE_012,PARA_FIRST_AND_LAST_SERVICE_11_0,T2_MEDIUM_V1,service_timing,GET_FIRST_LAST_SERVICE,What time does the earliest and latest train depart Thousand Lights for Kilpauk? [hrs F12],en,Latn,CS0,N0,"{""origin"": ""Thousand Lights"", ""destination"": ""Kilpauk"", ""timing_type"": ""first_last"", ""transport_mode"": ""metro""}","{""origin_id"": ""METRO_THOUSAND_LIGHTS"", ""destination_id"": ""METRO_KILPAUK""}",ANSWERABLE_NOW,template_instantiation,TMPL_FIRST_AND_LAST_SERVICE_EN_11
PILOT_T2_TR_002896,,SFAM_MODE_AVAILABILITY_012,FAM_MODE_AVAILABILITY_012,PARA_MODE_AVAILABILITY_11_3,T2_MEDIUM_V1,service_availability,CHECK_SERVICE_AVAILABILITY,Transit query: Is public transit operational connecting Thousand Lights and Walajabad (F12)? #5,hi-en,Latn,CS3,N1,"{""origin"": ""Thousand Lights"", ""destination"": ""Walajabad"", ""transport_mode"": ""public transit""}","{""origin_id"": ""METRO_THOUSAND_LIGHTS"", ""destination_id"": ""BUS_261716087""}",ANSWERABLE_WITH_PROVISIONAL_DATA,template_instantiation,TMPL_MODE_AVAILABILITY_HINGLISH_LATN_11
PILOT_T2_TR_002897,,SFAM_REALTIME_STATUS_QUERY_011,FAM_REALTIME_STATUS_QUERY_011,PARA_REALTIME_STATUS_QUERY_10_3,T2_MEDIUM_V1,realtime_status_query,REJECT_UNSUPPORTED_REALTIME,"Excuse me, Live crowd density and train arrival countdown at Egmore right now (F11) #6",hi-en,Latn,CS3,N2,"{""station"": ""Egmore"", ""transport_mode"": ""metro""}","{""station_id"": ""METRO_EGMORE""}",REQUIRES_REALTIME_DATA,template_instantiation,TMPL_REALTIME_STATUS_QUERY_HINGLISH_LATN_10
PILOT_T2_TR_002898,,SFAM_FARE_CALCULATION_005,FAM_FARE_CALCULATION_005,PARA_FARE_CALCULATION_4_3,T2_MEDIUM_V1,fare_query,CALCULATE_FARE,Calculate fare for travel between CMBT and Thousand Lights stations (F5),hi-en,Latn,CS3,N0,"{""origin"": ""CMBT"", ""destination"": ""Thousand Lights"", ""transport_mode"": ""metro""}","{""origin_id"": ""METRO_PURATCHI_THALAIVI_DR_J_JAYALALITHAA_CMBT"", ""destination_id"": ""METRO_THOUSAND_LIGHTS""}",ANSWERABLE_NOW,template_instantiation,TMPL_FARE_CALCULATION_HINGLISH_LATN_4
PILOT_T2_TR_002899,,SFAM_REALTIME_STATUS_QUERY_018,FAM_REALTIME_STATUS_QUERY_018,PARA_REALTIME_STATUS_QUERY_17_1,T2_MEDIUM_V1,realtime_status_query,REJECT_UNSUPPORTED_REALTIME,क्या नेहरू पार्क से आने वाली ट्रेन अभी लेट चल रही है लाइव स्थिति बताएं? (ताज़ा F18),hi,Deva,CS0,N1,"{""origin"": ""नेहरू पार्क"", ""transport_mode"": ""ट्रेन""}","{""origin_id"": ""METRO_NEHRU_PARK""}",REQUIRES_REALTIME_DATA,template_instantiation,TMPL_REALTIME_STATUS_QUERY_HI_DEVA_17
PILOT_T2_TR_002900,,SFAM_INTERCHANGE_TRANSFER_016,FAM_INTERCHANGE_TRANSFER_016,PARA_INTERCHANGE_TRANSFER_15_3,T2_MEDIUM_V1,interchange_query,GET_INTERCHANGE_DETAILS,Quick check: Transfer walking time and directions at Saidapet multimodal terminal (F16) #4,hi-en,Latn,CS3,N0,"{""station"": ""Saidapet"", ""facility_type"": ""interchange""}","{""station_id"": ""METRO_SAIDAPET""}",ANSWERABLE_AFTER_MANUAL_VERIFICATION,template_instantiation,TMPL_INTERCHANGE_TRANSFER_HINGLISH_LATN_15
PILOT_T2_TR_002901,,SFAM_MODE_AVAILABILITY_017,FAM_MODE_AVAILABILITY_017,PARA_MODE_AVAILABILITY_16_3,T2_MEDIUM_V1,service_availability,CHECK_SERVICE_AVAILABILITY,Is public transit operational connecting St. Thomas Mount and Tambaram (F17)?,hi-en,Latn,CS3,N0,"{""origin"": ""St. Thomas Mount"", ""destination"": ""Tambaram"", ""transport_mode"": ""public transit""}","{""origin_id"": ""METRO_ST__THOMAS_MOUNT"", ""destination_id"": ""BUS_5304399879""}",ANSWERABLE_WITH_PROVISIONAL_DATA,template_instantiation,TMPL_MODE_AVAILABILITY_HINGLISH_LATN_16
PILOT_T2_TR_002902,,SFAM_MODE_AVAILABILITY_019,FAM_MODE_AVAILABILITY_019,PARA_MODE_AVAILABILITY_18_4,T2_MEDIUM_V1,service_availability,CHECK_SERVICE_AVAILABILITY,क्या Kilpauk से Adyar transport line active hai mode info F19,hi-en,Deva+Latn,CS4,N2,"{""origin"": ""Kilpauk"", ""destination"": ""Adyar"", ""transport_mode"": ""transport""}","{""origin_id"": ""METRO_KILPAUK"", ""destination_id"": ""BUS_2587520213""}",ANSWERABLE_WITH_PROVISIONAL_DATA,template_instantiation,TMPL_MODE_AVAILABILITY_MIXED_SCRIPT_CS_18
PILOT_T2_TR_002903,,SFAM_NEAREST_TRANSPORT_001,FAM_NEAREST_TRANSPORT_001,PARA_NEAREST_TRANSPORT_0_1,T2_MEDIUM_V1,nearest_transport,FIND_NEAREST_STATION,"Excuse me, मरीना बीच के सबसे निकटतम मेट्रो स्टेशन या बस स्टॉप कौन सा है? (निकट F1) #6",hi,Deva,CS0,N0,"{""landmark"": ""मरीना बीच"", ""transport_mode"": ""मेट्रो या बस""}","{""place_id"": ""OSM_POI_12137617372""}",ANSWERABLE_NOW,template_instantiation,TMPL_NEAREST_TRANSPORT_HI_DEVA_0
PILOT_T2_TR_002904,,SFAM_STATION_FACILITIES_007,FAM_STATION_FACILITIES_007,PARA_STATION_FACILITIES_6_0,T2_MEDIUM_V1,station_facilities,GET_STATION_FACILITY,Quick check: Is EV vehicle charging facility available at Vadapalani metro station? [fac F7] #4,en,Latn,CS0,N0,"{""station"": ""Vadapalani"", ""facility_type"": ""ev_charging"", ""transport_mode"": ""metro""}","{""station_id"": ""METRO_VADAPALANI""}",ANSWERABLE_NOW,template_instantiation,TMPL_STATION_FACILITIES_EN_6
PILOT_T2_TR_002905,,SFAM_TICKETING_AND_PASSES_005,FAM_TICKETING_AND_PASSES_005,PARA_TICKETING_AND_PASSES_4_0,T2_MEDIUM_V1,ticketing_rules,GET_TICKETING_POLICY,What are the rules and procedure to purchase a Student Concession Card for commuters? [pass F5],en,Latn,CS0,N0,"{""ticket_type"": ""student_pass"", ""transport_mode"": ""transit""}",{},ANSWERABLE_NOW,template_instantiation,TMPL_TICKETING_AND_PASSES_EN_4
PILOT_T2_TR_002906,,SFAM_ROUTE_STOP_MEMBERSHIP_007,FAM_ROUTE_STOP_MEMBERSHIP_007,PARA_ROUTE_STOP_MEMBERSHIP_6_3,T2_MEDIUM_V1,route_stops,CHECK_STOP_ON_ROUTE,Please tell: Verify if Thiruvanmiyur bus stop is covered by route 19B (F7) #2,hi-en,Latn,CS3,N0,"{""route_number"": ""19B"", ""stop"": ""Thiruvanmiyur"", ""transport_mode"": ""bus""}","{""route_id"": ""GTFS_ROUTE_10696"", ""stop_id"": ""BUS_3247310920""}",ANSWERABLE_WITH_PROVISIONAL_DATA,template_instantiation,TMPL_ROUTE_STOP_MEMBERSHIP_HINGLISH_LATN_6
PILOT_T2_TR_002907,,SFAM_OUT_OF_SCOPE_017,FAM_OUT_OF_SCOPE_017,PARA_OUT_OF_SCOPE_16_1,T2_MEDIUM_V1,out_of_scope,REJECT_OUT_OF_SCOPE,सेंट थॉमस माउंट के निकटतम सबसे अच्छे रेस्टोरेंट और भोजनालय की सूची दें। (बाहर F17),hi,Deva,CS0,N1,"{""station"": ""सेंट थॉमस माउंट""}","{""station_id"": ""METRO_ST__THOMAS_MOUNT""}",OUT_OF_SCOPE,template_instantiation,TMPL_OUT_OF_SCOPE_HI_DEVA_16
PILOT_T2_TR_002908,,SFAM_REALTIME_STATUS_QUERY_011,FAM_REALTIME_STATUS_QUERY_011,PARA_REALTIME_STATUS_QUERY_10_1,T2_MEDIUM_V1,realtime_status_query,REJECT_UNSUPPORTED_REALTIME,Please tell: क्या एग्मोर से आने वाली ट्रेन अभी लेट चल रही है लाइव स्थिति बताएं? (ताज़ा F11) #2,hi,Deva,CS0,N0,"{""origin"": ""एग्मोर"", ""transport_mode"": ""ट्रेन""}","{""origin_id"": ""METRO_EGMORE""}",REQUIRES_REALTIME_DATA,template_instantiation,TMPL_REALTIME_STATUS_QUERY_HI_DEVA_10
PILOT_T2_TR_002909,,SFAM_REALTIME_STATUS_QUERY_002,FAM_REALTIME_STATUS_QUERY_002,PARA_REALTIME_STATUS_QUERY_1_3,T2_MEDIUM_V1,realtime_status_query,REJECT_UNSUPPORTED_REALTIME,Please tell: Live crowd density and train arrival countdown at Chennai Central right now (F2) #2,hi-en,Latn,CS3,N0,"{""station"": ""Chennai Central"", ""transport_mode"": ""metro""}","{""station_id"": ""METRO_PURATCHI_THALAIVAR_DR__M_G_RAMACHANDRAN_CENTRAL""}",REQUIRES_REALTIME_DATA,template_instantiation,TMPL_REALTIME_STATUS_QUERY_HINGLISH_LATN_1
PILOT_T2_TR_002910,,SFAM_INTERCHANGE_TRANSFER_014,FAM_INTERCHANGE_TRANSFER_014,PARA_INTERCHANGE_TRANSFER_13_0,T2_MEDIUM_V1,interchange_query,GET_INTERCHANGE_DETAILS,Please tell: How do I switch lines to connect towards Airport at Washermenpet interchange? [xfer F14] #2,en,Latn,CS0,N0,"{""station"": ""Washermenpet"", ""destination"": ""Airport"", ""facility_type"": ""interchange""}","{""station_id"": ""METRO_WASHERMENPET"", ""destination_id"": ""METRO_CHENNAI_INTERNATIONAL_AIRPORT""}",ANSWERABLE_AFTER_MANUAL_VERIFICATION,template_instantiation,TMPL_INTERCHANGE_TRANSFER_EN_13
PILOT_T2_TR_002911,,SFAM_OUT_OF_SCOPE_013,FAM_OUT_OF_SCOPE_013,PARA_OUT_OF_SCOPE_12_2,T2_MEDIUM_V1,out_of_scope,REJECT_OUT_OF_SCOPE,wimco nagar depot airport terminal ke flight delay timings check kijiye. [bahar F13],hi,Latn,CS0,N0,"{""station"": ""wimco nagar depot""}","{""station_id"": ""METRO_WIMCO_NAGAR""}",OUT_OF_SCOPE,template_instantiation,TMPL_OUT_OF_SCOPE_HI_LATN_12
PILOT_T2_TR_002912,,SFAM_INTERCHANGE_TRANSFER_016,FAM_INTERCHANGE_TRANSFER_016,PARA_INTERCHANGE_TRANSFER_15_0,T2_MEDIUM_V1,interchange_query,GET_INTERCHANGE_DETAILS,Transit query: How do I switch lines to connect towards Guindy at Saidapet interchange? [xfer F16] #5,en,Latn,CS0,N0,"{""station"": ""Saidapet"", ""destination"": ""Guindy"", ""facility_type"": ""interchange""}","{""station_id"": ""METRO_SAIDAPET"", ""destination_id"": ""METRO_GUINDY""}",ANSWERABLE_AFTER_MANUAL_VERIFICATION,template_instantiation,TMPL_INTERCHANGE_TRANSFER_EN_15
PILOT_T2_TR_002913,,SFAM_INTERCHANGE_TRANSFER_016,FAM_INTERCHANGE_TRANSFER_016,PARA_INTERCHANGE_TRANSFER_15_3,T2_MEDIUM_V1,interchange_query,GET_INTERCHANGE_DETAILS,Transfer walking time and directions at Saidapet multimodal terminal (F16),hi-en,Latn,CS3,N0,"{""station"": ""Saidapet"", ""facility_type"": ""interchange""}","{""station_id"": ""METRO_SAIDAPET""}",ANSWERABLE_AFTER_MANUAL_VERIFICATION,template_instantiation,TMPL_INTERCHANGE_TRANSFER_HINGLISH_LATN_15
PILOT_T2_TR_002914,,SFAM_MODE_AVAILABILITY_002,FAM_MODE_AVAILABILITY_002,PARA_MODE_AVAILABILITY_1_1,T2_MEDIUM_V1,service_availability,CHECK_SERVICE_AVAILABILITY,क्या चेन्नई सेंट्रल से ब्रॉडवे के लिए कोई सार्वजनिक बस या ट्रेन उपलब्ध है? (उपलब्धता F2),hi,Deva,CS0,N0,"{""origin"": ""चेन्नई सेंट्रल"", ""destination"": ""ब्रॉडवे"", ""transport_mode"": ""सार्वजनिक बस या ट्रेन""}","{""origin_id"": ""METRO_PURATCHI_THALAIVAR_DR__M_G_RAMACHANDRAN_CENTRAL"", ""destination_id"": ""BUS_27618346""}",ANSWERABLE_WITH_PROVISIONAL_DATA,template_instantiation,TMPL_MODE_AVAILABILITY_HI_DEVA_1
PILOT_T2_TR_002915,,SFAM_OUT_OF_SCOPE_013,FAM_OUT_OF_SCOPE_013,PARA_OUT_OF_SCOPE_12_1,T2_MEDIUM_V1,out_of_scope,REJECT_OUT_OF_SCOPE,Quick check: विमको नगर के निकटतम सबसे अच्छे रेस्टोरेंट और भोजनालय की सूची दें। (बाहर F13) #4,hi,Deva,CS0,N0,"{""station"": ""विमको नगर""}","{""station_id"": ""METRO_WIMCO_NAGAR""}",OUT_OF_SCOPE,template_instantiation,TMPL_OUT_OF_SCOPE_HI_DEVA_12
PILOT_T2_TR_002916,,SFAM_MODE_AVAILABILITY_019,FAM_MODE_AVAILABILITY_019,PARA_MODE_AVAILABILITY_18_0,T2_MEDIUM_V1,service_availability,CHECK_SERVICE_AVAILABILITY,Are there direct public transport options from Kilpauk to Adyar? [avail F19],en,Latn,CS0,N0,"{""origin"": ""Kilpauk"", ""destination"": ""Adyar"", ""transport_mode"": ""any""}","{""origin_id"": ""METRO_KILPAUK"", ""destination_id"": ""BUS_2587520213""}",ANSWERABLE_WITH_PROVISIONAL_DATA,template_instantiation,TMPL_MODE_AVAILABILITY_EN_18
PILOT_T2_TR_002917,,SFAM_NEAREST_TRANSPORT_014,FAM_NEAREST_TRANSPORT_014,PARA_NEAREST_TRANSPORT_13_2,T2_MEDIUM_V1,nearest_transport,FIND_NEAREST_STATION,Please tell: maritime institute se closest walking distance metro transit point kaunsa hai? [paas F14] #2,hi,Latn,CS0,N1,"{""landmark"": ""maritime institute"", ""transport_mode"": ""metro""}","{""place_id"": ""OSM_POI_314081186""}",ANSWERABLE_NOW,template_instantiation,TMPL_NEAREST_TRANSPORT_HI_LATN_13
PILOT_T2_TR_002918,,SFAM_NEAREST_TRANSPORT_004,FAM_NEAREST_TRANSPORT_004,PARA_NEAREST_TRANSPORT_3_2,T2_MEDIUM_V1,nearest_transport,FIND_NEAREST_STATION,maritime institute se closest walking distance metro transit point kaunsa hai? [paas F4],hi,Latn,CS0,N0,"{""landmark"": ""maritime institute"", ""transport_mode"": ""metro""}","{""place_id"": ""OSM_POI_314081186""}",ANSWERABLE_NOW,template_instantiation,TMPL_NEAREST_TRANSPORT_HI_LATN_3
PILOT_T2_TR_002919,,SFAM_MULTIMODAL_ROUTE_014,FAM_MULTIMODAL_ROUTE_014,PARA_MULTIMODAL_ROUTE_13_1,T2_MEDIUM_V1,route_query,PLAN_MULTIMODAL_ROUTE,Could you specify उत्तरामेरुर से एयरपोर्ट बस और मेट्रो मिलाकर सबसे तेज़ मार्ग कौन सा है? (योजना F14)? #3,hi,Deva,CS0,N0,"{""origin"": ""उत्तरामेरुर"", ""destination"": ""एयरपोर्ट"", ""transport_mode"": ""बस और मेट्रो""}","{""origin_id"": ""BUS_4987577873"", ""destination_id"": ""METRO_CHENNAI_INTERNATIONAL_AIRPORT""}",ANSWERABLE_WITH_PROVISIONAL_DATA,template_instantiation,TMPL_MULTIMODAL_ROUTE_HI_DEVA_13
PILOT_T2_TR_002920,,SFAM_ROUTE_STOP_MEMBERSHIP_002,FAM_ROUTE_STOP_MEMBERSHIP_002,PARA_ROUTE_STOP_MEMBERSHIP_1_4,T2_MEDIUM_V1,route_stops,CHECK_STOP_ON_ROUTE,Please tell: क्या route 102 bus Broadway पर rukegi verification F2? #2,hi-en,Deva+Latn,CS4,N0,"{""route_number"": ""102"", ""stop"": ""Broadway"", ""transport_mode"": ""bus""}","{""route_id"": ""GTFS_ROUTE_16861"", ""stop_id"": ""BUS_27618346""}",ANSWERABLE_WITH_PROVISIONAL_DATA,template_instantiation,TMPL_ROUTE_STOP_MEMBERSHIP_MIXED_SCRIPT_CS_1
PILOT_T2_TR_002921,,SFAM_TICKETING_AND_PASSES_019,FAM_TICKETING_AND_PASSES_019,PARA_TICKETING_AND_PASSES_18_1,T2_MEDIUM_V1,ticketing_rules,GET_TICKETING_POLICY,Could you specify यात्रियों के लिए मासिक पास प्राप्त करने के नियम और प्रक्रिया क्या हैं? (पास F19)? #3,hi,Deva,CS0,N0,"{""ticket_type"": ""monthly_pass"", ""transport_mode"": ""पारगमन""}",{},ANSWERABLE_NOW,template_instantiation,TMPL_TICKETING_AND_PASSES_HI_DEVA_18
PILOT_T2_TR_002922,,SFAM_STATION_FACILITIES_020,FAM_STATION_FACILITIES_020,PARA_STATION_FACILITIES_19_2,T2_MEDIUM_V1,station_facilities,GET_STATION_FACILITY,Please tell: kya pachaiyappa college station par passenger cycle stand service available hai? [amenity F20] #2,hi,Latn,CS0,N1,"{""station"": ""pachaiyappa college"", ""facility_type"": ""bicycle_stand"", ""transport_mode"": ""metro""}","{""station_id"": ""METRO_PACHAIYAPPA_S_COLLEGE""}",ANSWERABLE_NOW,template_instantiation,TMPL_STATION_FACILITIES_HI_LATN_19
PILOT_T2_TR_002923,,SFAM_FIRST_AND_LAST_SERVICE_013,FAM_FIRST_AND_LAST_SERVICE_013,PARA_FIRST_AND_LAST_SERVICE_12_0,T2_MEDIUM_V1,service_timing,GET_FIRST_LAST_SERVICE,What time does the earliest and latest train depart Wimco Nagar Depot for Pachaiyappa College? [hrs F13],en,Latn,CS0,N0,"{""origin"": ""Wimco Nagar Depot"", ""destination"": ""Pachaiyappa College"", ""timing_type"": ""first_last"", ""transport_mode"": ""metro""}","{""origin_id"": ""METRO_WIMCO_NAGAR"", ""destination_id"": ""METRO_PACHAIYAPPA_S_COLLEGE""}",ANSWERABLE_NOW,template_instantiation,TMPL_FIRST_AND_LAST_SERVICE_EN_12
PILOT_T2_TR_002924,,SFAM_FARE_CALCULATION_007,FAM_FARE_CALCULATION_007,PARA_FARE_CALCULATION_6_3,T2_MEDIUM_V1,fare_query,CALCULATE_FARE,Calculate fare for travel between Vadapalani and Washermenpet stations (F7),hi-en,Latn,CS3,N0,"{""origin"": ""Vadapalani"", ""destination"": ""Washermenpet"", ""transport_mode"": ""metro""}","{""origin_id"": ""METRO_VADAPALANI"", ""destination_id"": ""METRO_WASHERMENPET""}",ANSWERABLE_NOW,template_instantiation,TMPL_FARE_CALCULATION_HINGLISH_LATN_6
PILOT_T2_TR_002925,,SFAM_ROUTE_STOP_MEMBERSHIP_006,FAM_ROUTE_STOP_MEMBERSHIP_006,PARA_ROUTE_STOP_MEMBERSHIP_5_2,T2_MEDIUM_V1,route_stops,CHECK_STOP_ON_ROUTE,kya bus 29C ka poonamallee par stoppage hai confirm kare? [check F6],hi,Latn,CS0,N1,"{""route_number"": ""29C"", ""stop"": ""poonamallee"", ""transport_mode"": ""bus""}","{""route_id"": ""GTFS_ROUTE_8631"", ""stop_id"": ""BUS_13972050953""}",ANSWERABLE_WITH_PROVISIONAL_DATA,template_instantiation,TMPL_ROUTE_STOP_MEMBERSHIP_HI_LATN_5
PILOT_T2_TR_002926,,SFAM_STATION_FACILITIES_010,FAM_STATION_FACILITIES_010,PARA_STATION_FACILITIES_9_0,T2_MEDIUM_V1,station_facilities,GET_STATION_FACILITY,Transit query: Is two-wheeler bike parking facility available at Anna Nagar Tower metro station? [fac F10] #5,en,Latn,CS0,N0,"{""station"": ""Anna Nagar Tower"", ""facility_type"": ""two_wheeler_parking"", ""transport_mode"": ""metro""}","{""station_id"": ""METRO_ANNA_NAGAR_TOWER""}",ANSWERABLE_NOW,template_instantiation,TMPL_STATION_FACILITIES_EN_9
PILOT_T2_TR_002927,,SFAM_TICKETING_AND_PASSES_007,FAM_TICKETING_AND_PASSES_007,PARA_TICKETING_AND_PASSES_6_2,T2_MEDIUM_V1,ticketing_rules,GET_TICKETING_POLICY,Please tell: monthly pass recharge karne ka guidelines aur validity rule bataye. [card F7] #2,hi,Latn,CS0,N1,"{""ticket_type"": ""monthly_pass"", ""transport_mode"": ""transit""}",{},ANSWERABLE_NOW,template_instantiation,TMPL_TICKETING_AND_PASSES_HI_LATN_6
PILOT_T2_TR_002928,,SFAM_NEAREST_TRANSPORT_005,FAM_NEAREST_TRANSPORT_005,PARA_NEAREST_TRANSPORT_4_0,T2_MEDIUM_V1,nearest_transport,FIND_NEAREST_STATION,"Hello assistant, Which is the nearest metro station or transit stop to Maruthi Hospital? [loc F5] #7",en,Latn,CS0,N1,"{""landmark"": ""Maruthi Hospital"", ""transport_mode"": ""metro""}","{""place_id"": ""OSM_POI_7820652140""}",ANSWERABLE_NOW,template_instantiation,TMPL_NEAREST_TRANSPORT_EN_4
PILOT_T2_TR_002929,,SFAM_TICKETING_AND_PASSES_011,FAM_TICKETING_AND_PASSES_011,PARA_TICKETING_AND_PASSES_10_0,T2_MEDIUM_V1,ticketing_rules,GET_TICKETING_POLICY,Could you specify What are the rules and procedure to purchase a Student Concession Card for commuters? [pass F11]? #3,en,Latn,CS0,N0,"{""ticket_type"": ""student_pass"", ""transport_mode"": ""transit""}",{},ANSWERABLE_NOW,template_instantiation,TMPL_TICKETING_AND_PASSES_EN_10
PILOT_T2_TR_002930,,SFAM_TICKETING_AND_PASSES_012,FAM_TICKETING_AND_PASSES_012,PARA_TICKETING_AND_PASSES_11_3,T2_MEDIUM_V1,ticketing_rules,GET_TICKETING_POLICY,Transit query: How can regular passengers apply for and renew National Common Mobility Card (F12)? #5,hi-en,Latn,CS3,N1,"{""ticket_type"": ""ncmc_card"", ""transport_mode"": ""transit""}",{},ANSWERABLE_NOW,template_instantiation,TMPL_TICKETING_AND_PASSES_HINGLISH_LATN_11
PILOT_T2_TR_002931,,SFAM_FARE_CALCULATION_013,FAM_FARE_CALCULATION_013,PARA_FARE_CALCULATION_12_4,T2_MEDIUM_V1,fare_query,CALCULATE_FARE,Please tell: Wimco Nagar Depot से Pachaiyappa College metro travel ka discounted smart card fare kya hai F13 #2,hi-en,Deva+Latn,CS4,N0,"{""origin"": ""Wimco Nagar Depot"", ""destination"": ""Pachaiyappa College"", ""ticket_type"": ""smart_card"", ""transport_mode"": ""metro""}","{""origin_id"": ""METRO_WIMCO_NAGAR"", ""destination_id"": ""METRO_PACHAIYAPPA_S_COLLEGE""}",ANSWERABLE_NOW,template_instantiation,TMPL_FARE_CALCULATION_MIXED_SCRIPT_CS_12
PILOT_T2_TR_002932,,SFAM_MODE_AVAILABILITY_003,FAM_MODE_AVAILABILITY_003,PARA_MODE_AVAILABILITY_2_0,T2_MEDIUM_V1,service_availability,CHECK_SERVICE_AVAILABILITY,Transit query: Are there direct public transport options from Guindy to Adyar? [avail F3] #5,en,Latn,CS0,N0,"{""origin"": ""Guindy"", ""destination"": ""Adyar"", ""transport_mode"": ""any""}","{""origin_id"": ""METRO_GUINDY"", ""destination_id"": ""BUS_2587520213""}",ANSWERABLE_WITH_PROVISIONAL_DATA,template_instantiation,TMPL_MODE_AVAILABILITY_EN_2
PILOT_T2_TR_002933,,SFAM_INTERCHANGE_TRANSFER_008,FAM_INTERCHANGE_TRANSFER_008,PARA_INTERCHANGE_TRANSFER_7_3,T2_MEDIUM_V1,interchange_query,GET_INTERCHANGE_DETAILS,Could you specify Transfer walking time and directions at High Court multimodal terminal (F8)? #3,hi-en,Latn,CS3,N0,"{""station"": ""High Court"", ""facility_type"": ""interchange""}","{""station_id"": ""METRO_HIGHCOURT""}",ANSWERABLE_AFTER_MANUAL_VERIFICATION,template_instantiation,TMPL_INTERCHANGE_TRANSFER_HINGLISH_LATN_7
PILOT_T2_TR_002934,,SFAM_TICKETING_AND_PASSES_019,FAM_TICKETING_AND_PASSES_019,PARA_TICKETING_AND_PASSES_18_1,T2_MEDIUM_V1,ticketing_rules,GET_TICKETING_POLICY,"Excuse me, यात्रियों के लिए मासिक पास प्राप्त करने के नियम और प्रक्रिया क्या हैं? (पास F19) #6",hi,Deva,CS0,N0,"{""ticket_type"": ""monthly_pass"", ""transport_mode"": ""पारगमन""}",{},ANSWERABLE_NOW,template_instantiation,TMPL_TICKETING_AND_PASSES_HI_DEVA_18
PILOT_T2_TR_002935,,SFAM_MODE_AVAILABILITY_005,FAM_MODE_AVAILABILITY_005,PARA_MODE_AVAILABILITY_4_3,T2_MEDIUM_V1,service_availability,CHECK_SERVICE_AVAILABILITY,"Hello assistant, Is public transit operational connecting CMBT and Besant Nagar (F5)? #7",hi-en,Latn,CS3,N0,"{""origin"": ""CMBT"", ""destination"": ""Besant Nagar"", ""transport_mode"": ""public transit""}","{""origin_id"": ""METRO_PURATCHI_THALAIVI_DR_J_JAYALALITHAA_CMBT"", ""destination_id"": ""BUS_417750654""}",ANSWERABLE_WITH_PROVISIONAL_DATA,template_instantiation,TMPL_MODE_AVAILABILITY_HINGLISH_LATN_4
PILOT_T2_TR_002936,,SFAM_NEAREST_TRANSPORT_012,FAM_NEAREST_TRANSPORT_012,PARA_NEAREST_TRANSPORT_11_3,T2_MEDIUM_V1,nearest_transport,FIND_NEAREST_STATION,Please tell: Find closest public transport access point near IIT Madras (F12) #2,hi-en,Latn,CS3,N0,"{""landmark"": ""IIT Madras"", ""transport_mode"": ""public transport""}","{""place_id"": ""OSM_POI_11013406019""}",ANSWERABLE_NOW,template_instantiation,TMPL_NEAREST_TRANSPORT_HINGLISH_LATN_11
PILOT_T2_TR_002937,,SFAM_ROUTE_STOP_MEMBERSHIP_010,FAM_ROUTE_STOP_MEMBERSHIP_010,PARA_ROUTE_STOP_MEMBERSHIP_9_2,T2_MEDIUM_V1,route_stops,CHECK_STOP_ON_ROUTE,Please tell: kya bus 12G ka karunguzhi par stoppage hai confirm kare? [check F10] #2,hi,Latn,CS0,N0,"{""route_number"": ""12G"", ""stop"": ""karunguzhi"", ""transport_mode"": ""bus""}","{""route_id"": ""GTFS_ROUTE_18750"", ""stop_id"": ""BUS_5274698920""}",ANSWERABLE_WITH_PROVISIONAL_DATA,template_instantiation,TMPL_ROUTE_STOP_MEMBERSHIP_HI_LATN_9
PILOT_T2_TR_002938,,SFAM_STATION_ACCESSIBILITY_010,FAM_STATION_ACCESSIBILITY_010,PARA_STATION_ACCESSIBILITY_9_0,T2_MEDIUM_V1,accessibility,GET_ACCESSIBILITY_INFO,Please tell: Are passenger elevator lift provisions available for differently abled passengers at Anna Nagar Tower? [a11y F10] #2,en,Latn,CS0,N0,"{""station"": ""Anna Nagar Tower"", ""accessibility_feature"": ""lift"", ""transport_mode"": ""metro""}","{""station_id"": ""METRO_ANNA_NAGAR_TOWER""}",ANSWERABLE_NOW,template_instantiation,TMPL_STATION_ACCESSIBILITY_EN_9
PILOT_T2_TR_002939,,SFAM_ROUTE_STOP_SEQUENCE_016,FAM_ROUTE_STOP_SEQUENCE_016,PARA_ROUTE_STOP_SEQUENCE_15_0,T2_MEDIUM_V1,route_stops,LIST_ROUTE_STOPS,List every intermediate stop along route 21G in order. [seq F16],en,Latn,CS0,N0,"{""route_number"": ""21G"", ""transport_mode"": ""bus""}","{""route_id"": ""GTFS_ROUTE_8458""}",ANSWERABLE_WITH_PROVISIONAL_DATA,template_instantiation,TMPL_ROUTE_STOP_SEQUENCE_EN_15
PILOT_T2_TR_002940,,SFAM_TICKETING_AND_PASSES_008,FAM_TICKETING_AND_PASSES_008,PARA_TICKETING_AND_PASSES_7_1,T2_MEDIUM_V1,ticketing_rules,GET_TICKETING_POLICY,Could you specify यात्रियों के लिए स्मार्ट कार्ड प्राप्त करने के नियम और प्रक्रिया क्या हैं? (पास F8)? #3,hi,Deva,CS0,N0,"{""ticket_type"": ""smart_card"", ""transport_mode"": ""पारगमन""}",{},ANSWERABLE_NOW,template_instantiation,TMPL_TICKETING_AND_PASSES_HI_DEVA_7
PILOT_T2_TR_002941,,SFAM_ROUTE_STOP_SEQUENCE_012,FAM_ROUTE_STOP_SEQUENCE_012,PARA_ROUTE_STOP_SEQUENCE_11_2,T2_MEDIUM_V1,route_stops,LIST_ROUTE_STOPS,Please tell: Route 22 CT bus ke sare consecutive stops ki list check kare. [line F12] #2,hi,Latn,CS0,N0,"{""route_number"": ""22 CT"", ""transport_mode"": ""bus""}","{""route_id"": ""GTFS_ROUTE_18753""}",ANSWERABLE_WITH_PROVISIONAL_DATA,template_instantiation,TMPL_ROUTE_STOP_SEQUENCE_HI_LATN_11
PILOT_T2_TR_002942,,SFAM_INTERCHANGE_TRANSFER_015,FAM_INTERCHANGE_TRANSFER_015,PARA_INTERCHANGE_TRANSFER_14_2,T2_MEDIUM_V1,interchange_query,GET_INTERCHANGE_DETAILS,Could you specify little mount hub par metro line change karke chennai central kaise jaye? [platform F15]? #3,hi,Latn,CS0,N0,"{""station"": ""little mount"", ""destination"": ""chennai central"", ""facility_type"": ""interchange""}","{""station_id"": ""METRO_LITTLE_MOUNT"", ""destination_id"": ""METRO_PURATCHI_THALAIVAR_DR__M_G_RAMACHANDRAN_CENTRAL""}",ANSWERABLE_AFTER_MANUAL_VERIFICATION,template_instantiation,TMPL_INTERCHANGE_TRANSFER_HI_LATN_14
PILOT_T2_TR_002943,,SFAM_OUT_OF_SCOPE_003,FAM_OUT_OF_SCOPE_003,PARA_OUT_OF_SCOPE_2_0,T2_MEDIUM_V1,out_of_scope,REJECT_OUT_OF_SCOPE,Book a private cab taxi ride from Guindy to Anna Nagar Tower. [cab F3],en,Latn,CS0,N0,"{""origin"": ""Guindy"", ""destination"": ""Anna Nagar Tower""}","{""origin_id"": ""METRO_GUINDY"", ""destination_id"": ""METRO_ANNA_NAGAR_TOWER""}",OUT_OF_SCOPE,template_instantiation,TMPL_OUT_OF_SCOPE_EN_2
PILOT_T2_TR_002944,,SFAM_FARE_CALCULATION_012,FAM_FARE_CALCULATION_012,PARA_FARE_CALCULATION_11_3,T2_MEDIUM_V1,fare_query,CALCULATE_FARE,Please tell: Calculate fare for travel between Thousand Lights and Kilpauk stations (F12) #2,hi-en,Latn,CS3,N0,"{""origin"": ""Thousand Lights"", ""destination"": ""Kilpauk"", ""transport_mode"": ""metro""}","{""origin_id"": ""METRO_THOUSAND_LIGHTS"", ""destination_id"": ""METRO_KILPAUK""}",ANSWERABLE_NOW,template_instantiation,TMPL_FARE_CALCULATION_HINGLISH_LATN_11
PILOT_T2_TR_002945,,SFAM_STATION_FACILITIES_010,FAM_STATION_FACILITIES_010,PARA_STATION_FACILITIES_9_1,T2_MEDIUM_V1,station_facilities,GET_STATION_FACILITY,Quick check: क्या अन्ना नगर टावर मेट्रो स्टेशन पर बाइक पार्किंग की व्यवस्था उपलब्ध है? (सुविधा F10) #4,hi,Deva,CS0,N0,"{""station"": ""अन्ना नगर टावर"", ""facility_type"": ""two_wheeler_parking"", ""transport_mode"": ""मेट्रो""}","{""station_id"": ""METRO_ANNA_NAGAR_TOWER""}",ANSWERABLE_NOW,template_instantiation,TMPL_STATION_FACILITIES_HI_DEVA_9
PILOT_T2_TR_002946,,SFAM_POINT_TO_POINT_ROUTE_004,FAM_POINT_TO_POINT_ROUTE_004,PARA_POINT_TO_POINT_ROUTE_3_4,T2_MEDIUM_V1,route_query,PLAN_ROUTE,Alandur से Egmore direct metro connection bataye route plan F4,hi-en,Deva+Latn,CS4,N0,"{""origin"": ""Alandur"", ""destination"": ""Egmore"", ""transport_mode"": ""metro""}","{""origin_id"": ""METRO_ARIGNAR_ANNA_ALANDUR"", ""destination_id"": ""METRO_EGMORE""}",ANSWERABLE_WITH_PROVISIONAL_DATA,template_instantiation,TMPL_POINT_TO_POINT_ROUTE_MIXED_SCRIPT_CS_3
PILOT_T2_TR_002947,,SFAM_STATION_FACILITIES_010,FAM_STATION_FACILITIES_010,PARA_STATION_FACILITIES_9_0,T2_MEDIUM_V1,station_facilities,GET_STATION_FACILITY,Quick check: Is two-wheeler bike parking facility available at Anna Nagar Tower metro station? [fac F10] #4,en,Latn,CS0,N0,"{""station"": ""Anna Nagar Tower"", ""facility_type"": ""two_wheeler_parking"", ""transport_mode"": ""metro""}","{""station_id"": ""METRO_ANNA_NAGAR_TOWER""}",ANSWERABLE_NOW,template_instantiation,TMPL_STATION_FACILITIES_EN_9
PILOT_T2_TR_002948,,SFAM_MODE_AVAILABILITY_009,FAM_MODE_AVAILABILITY_009,PARA_MODE_AVAILABILITY_8_4,T2_MEDIUM_V1,service_availability,CHECK_SERVICE_AVAILABILITY,Please tell: क्या Thirumangalam से Madurantakam transport line active hai mode info F9 #2,hi-en,Deva+Latn,CS4,N0,"{""origin"": ""Thirumangalam"", ""destination"": ""Madurantakam"", ""transport_mode"": ""transport""}","{""origin_id"": ""METRO_THIRUMANGALAM"", ""destination_id"": ""BUS_5306412986""}",ANSWERABLE_WITH_PROVISIONAL_DATA,template_instantiation,TMPL_MODE_AVAILABILITY_MIXED_SCRIPT_CS_8
PILOT_T2_TR_002949,,SFAM_ROUTE_STOP_MEMBERSHIP_012,FAM_ROUTE_STOP_MEMBERSHIP_012,PARA_ROUTE_STOP_MEMBERSHIP_11_0,T2_MEDIUM_V1,route_stops,CHECK_STOP_ON_ROUTE,Please tell: Does bus route 22 CT make a scheduled halt at Walajabad? [chk F12] #2,en,Latn,CS0,N0,"{""route_number"": ""22 CT"", ""stop"": ""Walajabad"", ""transport_mode"": ""bus""}","{""route_id"": ""GTFS_ROUTE_18753"", ""stop_id"": ""BUS_261716087""}",ANSWERABLE_WITH_PROVISIONAL_DATA,template_instantiation,TMPL_ROUTE_STOP_MEMBERSHIP_EN_11
PILOT_T2_TR_002950,,SFAM_INTERCHANGE_TRANSFER_009,FAM_INTERCHANGE_TRANSFER_009,PARA_INTERCHANGE_TRANSFER_8_1,T2_MEDIUM_V1,interchange_query,GET_INTERCHANGE_DETAILS,"Excuse me, तिरुमंगलम इंटरचेंज पर दूसरी लाइन में ट्रांसफर करने का मार्ग क्या है? (बदलाव F9) #6",hi,Deva,CS0,N0,"{""station"": ""तिरुमंगलम"", ""facility_type"": ""इंटरचेंज""}","{""station_id"": ""METRO_THIRUMANGALAM""}",ANSWERABLE_AFTER_MANUAL_VERIFICATION,template_instantiation,TMPL_INTERCHANGE_TRANSFER_HI_DEVA_8
PILOT_T2_TR_002951,,SFAM_OUT_OF_SCOPE_011,FAM_OUT_OF_SCOPE_011,PARA_OUT_OF_SCOPE_10_1,T2_MEDIUM_V1,out_of_scope,REJECT_OUT_OF_SCOPE,Please tell: एग्मोर के निकटतम सबसे अच्छे रेस्टोरेंट और भोजनालय की सूची दें। (बाहर F11) #2,hi,Deva,CS0,N0,"{""station"": ""एग्मोर""}","{""station_id"": ""METRO_EGMORE""}",OUT_OF_SCOPE,template_instantiation,TMPL_OUT_OF_SCOPE_HI_DEVA_10
PILOT_T2_TR_002952,,SFAM_STATION_ACCESSIBILITY_003,FAM_STATION_ACCESSIBILITY_003,PARA_STATION_ACCESSIBILITY_2_0,T2_MEDIUM_V1,accessibility,GET_ACCESSIBILITY_INFO,Are tactile floor paths provisions available for differently abled passengers at Guindy? [a11y F3],en,Latn,CS0,N0,"{""station"": ""Guindy"", ""accessibility_feature"": ""tactile_path"", ""transport_mode"": ""metro""}","{""station_id"": ""METRO_GUINDY""}",ANSWERABLE_NOW,template_instantiation,TMPL_STATION_ACCESSIBILITY_EN_2
PILOT_T2_TR_002953,,SFAM_STATION_ACCESSIBILITY_006,FAM_STATION_ACCESSIBILITY_006,PARA_STATION_ACCESSIBILITY_5_0,T2_MEDIUM_V1,accessibility,GET_ACCESSIBILITY_INFO,Quick check: Are passenger elevator lift provisions available for differently abled passengers at Koyambedu? [a11y F6] #4,en,Latn,CS0,N0,"{""station"": ""Koyambedu"", ""accessibility_feature"": ""lift"", ""transport_mode"": ""metro""}","{""station_id"": ""METRO_KOYAMBEDU""}",ANSWERABLE_NOW,template_instantiation,TMPL_STATION_ACCESSIBILITY_EN_5
PILOT_T2_TR_002954,,SFAM_NEAREST_TRANSPORT_013,FAM_NEAREST_TRANSPORT_013,PARA_NEAREST_TRANSPORT_12_0,T2_MEDIUM_V1,nearest_transport,FIND_NEAREST_STATION,Which is the nearest metro station or transit stop to Great Lakes Institute? [loc F13],en,Latn,CS0,N0,"{""landmark"": ""Great Lakes Institute"", ""transport_mode"": ""metro""}","{""place_id"": ""OSM_POI_577328882""}",ANSWERABLE_NOW,template_instantiation,TMPL_NEAREST_TRANSPORT_EN_12
PILOT_T2_TR_002955,,SFAM_NEAREST_TRANSPORT_018,FAM_NEAREST_TRANSPORT_018,PARA_NEAREST_TRANSPORT_17_4,T2_MEDIUM_V1,nearest_transport,FIND_NEAREST_STATION,Please tell: Madhuranthagam Hospital ke pass nearest metro stop connection distance bataye F18 #2,hi-en,Deva+Latn,CS4,N0,"{""landmark"": ""Madhuranthagam Hospital"", ""transport_mode"": ""metro""}","{""place_id"": ""OSM_POI_7257518777""}",ANSWERABLE_NOW,template_instantiation,TMPL_NEAREST_TRANSPORT_MIXED_SCRIPT_CS_17
PILOT_T2_TR_002956,,SFAM_TICKETING_AND_PASSES_015,FAM_TICKETING_AND_PASSES_015,PARA_TICKETING_AND_PASSES_14_0,T2_MEDIUM_V1,ticketing_rules,GET_TICKETING_POLICY,"Excuse me, What are the rules and procedure to purchase a WhatsApp QR Ticket for commuters? [pass F15] #6",en,Latn,CS0,N0,"{""ticket_type"": ""qr_ticket"", ""transport_mode"": ""transit""}",{},ANSWERABLE_NOW,template_instantiation,TMPL_TICKETING_AND_PASSES_EN_14
PILOT_T2_TR_002957,,SFAM_INTERCHANGE_TRANSFER_007,FAM_INTERCHANGE_TRANSFER_007,PARA_INTERCHANGE_TRANSFER_6_2,T2_MEDIUM_V1,interchange_query,GET_INTERCHANGE_DETAILS,Could you specify vadapalani hub par metro line change karke washermenpet kaise jaye? [platform F7]? #3,hi,Latn,CS0,N0,"{""station"": ""vadapalani"", ""destination"": ""washermenpet"", ""facility_type"": ""interchange""}","{""station_id"": ""METRO_VADAPALANI"", ""destination_id"": ""METRO_WASHERMENPET""}",ANSWERABLE_AFTER_MANUAL_VERIFICATION,template_instantiation,TMPL_INTERCHANGE_TRANSFER_HI_LATN_6
PILOT_T2_TR_002958,,SFAM_OUT_OF_SCOPE_003,FAM_OUT_OF_SCOPE_003,PARA_OUT_OF_SCOPE_2_4,T2_MEDIUM_V1,out_of_scope,REJECT_OUT_OF_SCOPE,Please tell: Guindy ke pass hotel reservation aur movie ticket booking service F3 #2,hi-en,Deva+Latn,CS4,N0,"{""station"": ""Guindy""}","{""station_id"": ""METRO_GUINDY""}",OUT_OF_SCOPE,template_instantiation,TMPL_OUT_OF_SCOPE_MIXED_SCRIPT_CS_2
PILOT_T2_TR_002959,,SFAM_MODE_AVAILABILITY_005,FAM_MODE_AVAILABILITY_005,PARA_MODE_AVAILABILITY_4_1,T2_MEDIUM_V1,service_availability,CHECK_SERVICE_AVAILABILITY,Please tell: क्या सीएमबीटी से बेसेंट नगर के लिए कोई सार्वजनिक बस या ट्रेन उपलब्ध है? (उपलब्धता F5) #2,hi,Deva,CS0,N0,"{""origin"": ""सीएमबीटी"", ""destination"": ""बेसेंट नगर"", ""transport_mode"": ""सार्वजनिक बस या ट्रेन""}","{""origin_id"": ""METRO_PURATCHI_THALAIVI_DR_J_JAYALALITHAA_CMBT"", ""destination_id"": ""BUS_417750654""}",ANSWERABLE_WITH_PROVISIONAL_DATA,template_instantiation,TMPL_MODE_AVAILABILITY_HI_DEVA_4
PILOT_T2_TR_002960,,SFAM_REALTIME_STATUS_QUERY_019,FAM_REALTIME_STATUS_QUERY_019,PARA_REALTIME_STATUS_QUERY_18_2,T2_MEDIUM_V1,realtime_status_query,REJECT_UNSUPPORTED_REALTIME,Please tell: Bus 570 ka real time current gps location update kahan pahuncha? [track F19] #2,hi,Latn,CS0,N1,"{""route_number"": ""570"", ""transport_mode"": ""bus""}","{""route_id"": ""GTFS_ROUTE_17967""}",REQUIRES_REALTIME_DATA,template_instantiation,TMPL_REALTIME_STATUS_QUERY_HI_LATN_18
PILOT_T2_TR_002961,,SFAM_STATION_FACILITIES_009,FAM_STATION_FACILITIES_009,PARA_STATION_FACILITIES_8_3,T2_MEDIUM_V1,station_facilities,GET_STATION_FACILITY,"Excuse me, Does Thirumangalam station premises include operational car parking (F9)? #6",hi-en,Latn,CS3,N2,"{""station"": ""Thirumangalam"", ""facility_type"": ""parking"", ""transport_mode"": ""metro""}","{""station_id"": ""METRO_THIRUMANGALAM""}",ANSWERABLE_NOW,template_instantiation,TMPL_STATION_FACILITIES_HINGLISH_LATN_8
PILOT_T2_TR_002962,,SFAM_MODE_AVAILABILITY_002,FAM_MODE_AVAILABILITY_002,PARA_MODE_AVAILABILITY_1_0,T2_MEDIUM_V1,service_availability,CHECK_SERVICE_AVAILABILITY,"Hello assistant, Are there direct public transport options from Chennai Central to Broadway? [avail F2] #7",en,Latn,CS0,N1,"{""origin"": ""Chennai Central"", ""destination"": ""Broadway"", ""transport_mode"": ""any""}","{""origin_id"": ""METRO_PURATCHI_THALAIVAR_DR__M_G_RAMACHANDRAN_CENTRAL"", ""destination_id"": ""BUS_27618346""}",ANSWERABLE_WITH_PROVISIONAL_DATA,template_instantiation,TMPL_MODE_AVAILABILITY_EN_1
PILOT_T2_TR_002963,,SFAM_OUT_OF_SCOPE_018,FAM_OUT_OF_SCOPE_018,PARA_OUT_OF_SCOPE_17_1,T2_MEDIUM_V1,out_of_scope,REJECT_OUT_OF_SCOPE,Could you specify नेहरू पार्क के निकटतम सबसे अच्छे रेस्टोरेंट और भोजनालय की सूची दें। (बाहर F18)? #3,hi,Deva,CS0,N0,"{""station"": ""नेहरू पार्क""}","{""station_id"": ""METRO_NEHRU_PARK""}",OUT_OF_SCOPE,template_instantiation,TMPL_OUT_OF_SCOPE_HI_DEVA_17
PILOT_T2_TR_002964,,SFAM_MULTIMODAL_ROUTE_007,FAM_MULTIMODAL_ROUTE_007,PARA_MULTIMODAL_ROUTE_6_1,T2_MEDIUM_V1,route_query,PLAN_MULTIMODAL_ROUTE,तिरुवान्मियूर से वॉशरमैनपेट बस और मेट्रो मिलाकर सबसे तेज़ मार्ग कौन सा है? (योजना F7),hi,Deva,CS0,N0,"{""origin"": ""तिरुवान्मियूर"", ""destination"": ""वॉशरमैनपेट"", ""transport_mode"": ""बस और मेट्रो""}","{""origin_id"": ""BUS_3247310920"", ""destination_id"": ""METRO_WASHERMENPET""}",ANSWERABLE_WITH_PROVISIONAL_DATA,template_instantiation,TMPL_MULTIMODAL_ROUTE_HI_DEVA_6
PILOT_T2_TR_002965,,SFAM_TICKETING_AND_PASSES_004,FAM_TICKETING_AND_PASSES_004,PARA_TICKETING_AND_PASSES_3_1,T2_MEDIUM_V1,ticketing_rules,GET_TICKETING_POLICY,Could you specify यात्रियों के लिए टूरिस्ट कार्ड प्राप्त करने के नियम और प्रक्रिया क्या हैं? (पास F4)? #3,hi,Deva,CS0,N0,"{""ticket_type"": ""tourist_card"", ""transport_mode"": ""पारगमन""}",{},ANSWERABLE_NOW,template_instantiation,TMPL_TICKETING_AND_PASSES_HI_DEVA_3
PILOT_T2_TR_002966,,SFAM_OUT_OF_SCOPE_013,FAM_OUT_OF_SCOPE_013,PARA_OUT_OF_SCOPE_12_2,T2_MEDIUM_V1,out_of_scope,REJECT_OUT_OF_SCOPE,Please tell: wimco nagar depot airport terminal ke flight delay timings check kijiye. [bahar F13] #2,hi,Latn,CS0,N1,"{""station"": ""wimco nagar depot""}","{""station_id"": ""METRO_WIMCO_NAGAR""}",OUT_OF_SCOPE,template_instantiation,TMPL_OUT_OF_SCOPE_HI_LATN_12
PILOT_T2_TR_002967,,SFAM_TICKETING_AND_PASSES_017,FAM_TICKETING_AND_PASSES_017,PARA_TICKETING_AND_PASSES_16_2,T2_MEDIUM_V1,ticketing_rules,GET_TICKETING_POLICY,Could you specify student pass recharge karne ka guidelines aur validity rule bataye. [card F17]? #3,hi,Latn,CS0,N0,"{""ticket_type"": ""student_pass"", ""transport_mode"": ""transit""}",{},ANSWERABLE_NOW,template_instantiation,TMPL_TICKETING_AND_PASSES_HI_LATN_16
PILOT_T2_TR_002968,,SFAM_STATION_ACCESSIBILITY_005,FAM_STATION_ACCESSIBILITY_005,PARA_STATION_ACCESSIBILITY_4_0,T2_MEDIUM_V1,accessibility,GET_ACCESSIBILITY_INFO,Please tell: Are wheelchair ramp provisions available for differently abled passengers at CMBT? [a11y F5] #2,en,Latn,CS0,N0,"{""station"": ""CMBT"", ""accessibility_feature"": ""wheelchair"", ""transport_mode"": ""metro""}","{""station_id"": ""METRO_PURATCHI_THALAIVI_DR_J_JAYALALITHAA_CMBT""}",ANSWERABLE_NOW,template_instantiation,TMPL_STATION_ACCESSIBILITY_EN_4
PILOT_T2_TR_002969,,SFAM_FARE_CALCULATION_003,FAM_FARE_CALCULATION_003,PARA_FARE_CALCULATION_2_1,T2_MEDIUM_V1,fare_query,CALCULATE_FARE,Quick check: गिंडी से अन्ना नगर टावर तक का मेट्रो का टोकन किराया कितना रुपया है? (किराया F3) #4,hi,Deva,CS0,N2,"{""origin"": ""गिंडी"", ""destination"": ""अन्ना नगर टावर"", ""fare_type"": ""टोकन"", ""transport_mode"": ""मेट्रो""}","{""origin_id"": ""METRO_GUINDY"", ""destination_id"": ""METRO_ANNA_NAGAR_TOWER""}",ANSWERABLE_NOW,template_instantiation,TMPL_FARE_CALCULATION_HI_DEVA_2
PILOT_T2_TR_002970,,SFAM_STATION_FACILITIES_001,FAM_STATION_FACILITIES_001,PARA_STATION_FACILITIES_0_0,T2_MEDIUM_V1,station_facilities,GET_STATION_FACILITY,Transit query: Is car parking facility available at Airport metro station? [fac F1] #5,en,Latn,CS0,N0,"{""station"": ""Airport"", ""facility_type"": ""parking"", ""transport_mode"": ""metro""}","{""station_id"": ""METRO_CHENNAI_INTERNATIONAL_AIRPORT""}",ANSWERABLE_NOW,template_instantiation,TMPL_STATION_FACILITIES_EN_0
PILOT_T2_TR_002971,,SFAM_FIRST_AND_LAST_SERVICE_010,FAM_FIRST_AND_LAST_SERVICE_010,PARA_FIRST_AND_LAST_SERVICE_9_2,T2_MEDIUM_V1,service_timing,GET_FIRST_LAST_SERVICE,anna nagar tower se st thomas mount first morning aur last night metro departure timing batao [samay F10],hi,Latn,CS0,N0,"{""origin"": ""anna nagar tower"", ""destination"": ""st thomas mount"", ""timing_type"": ""first_last"", ""transport_mode"": ""metro""}","{""origin_id"": ""METRO_ANNA_NAGAR_TOWER"", ""destination_id"": ""METRO_ST__THOMAS_MOUNT""}",ANSWERABLE_NOW,template_instantiation,TMPL_FIRST_AND_LAST_SERVICE_HI_LATN_9
PILOT_T2_TR_002972,,SFAM_MULTIMODAL_ROUTE_008,FAM_MULTIMODAL_ROUTE_008,PARA_MULTIMODAL_ROUTE_7_0,T2_MEDIUM_V1,route_query,PLAN_MULTIMODAL_ROUTE,Could you specify What is the combined bus and metro route from Mylapore to Little Mount? [plan F8]? #3,en,Latn,CS0,N0,"{""origin"": ""Mylapore"", ""destination"": ""Little Mount"", ""transport_mode"": ""multimodal""}","{""origin_id"": ""BUS_410614381"", ""destination_id"": ""METRO_LITTLE_MOUNT""}",ANSWERABLE_WITH_PROVISIONAL_DATA,template_instantiation,TMPL_MULTIMODAL_ROUTE_EN_7
PILOT_T2_TR_002973,,SFAM_FARE_CALCULATION_013,FAM_FARE_CALCULATION_013,PARA_FARE_CALCULATION_12_2,T2_MEDIUM_V1,fare_query,CALCULATE_FARE,Could you specify wimco nagar depot se pachaiyappa college metro ride ka standard ticket cost kitna hoga? [kiraya F13]? #3,hi,Latn,CS0,N0,"{""origin"": ""wimco nagar depot"", ""destination"": ""pachaiyappa college"", ""transport_mode"": ""metro""}","{""origin_id"": ""METRO_WIMCO_NAGAR"", ""destination_id"": ""METRO_PACHAIYAPPA_S_COLLEGE""}",ANSWERABLE_NOW,template_instantiation,TMPL_FARE_CALCULATION_HI_LATN_12
PILOT_T2_TR_002974,,SFAM_TICKETING_AND_PASSES_008,FAM_TICKETING_AND_PASSES_008,PARA_TICKETING_AND_PASSES_7_1,T2_MEDIUM_V1,ticketing_rules,GET_TICKETING_POLICY,Transit query: यात्रियों के लिए स्मार्ट कार्ड प्राप्त करने के नियम और प्रक्रिया क्या हैं? (पास F8) #5,hi,Deva,CS0,N2,"{""ticket_type"": ""smart_card"", ""transport_mode"": ""पारगमन""}",{},ANSWERABLE_NOW,template_instantiation,TMPL_TICKETING_AND_PASSES_HI_DEVA_7
PILOT_T2_TR_002975,,SFAM_NEAREST_TRANSPORT_014,FAM_NEAREST_TRANSPORT_014,PARA_NEAREST_TRANSPORT_13_1,T2_MEDIUM_V1,nearest_transport,FIND_NEAREST_STATION,Transit query: मैरीटाइम संस्थान के सबसे निकटतम मेट्रो स्टेशन या बस स्टॉप कौन सा है? (निकट F14) #5,hi,Deva,CS0,N2,"{""landmark"": ""मैरीटाइम संस्थान"", ""transport_mode"": ""मेट्रो या बस""}","{""place_id"": ""OSM_POI_314081186""}",ANSWERABLE_NOW,template_instantiation,TMPL_NEAREST_TRANSPORT_HI_DEVA_13
PILOT_T2_TR_002976,,SFAM_STATION_ACCESSIBILITY_011,FAM_STATION_ACCESSIBILITY_011,PARA_STATION_ACCESSIBILITY_10_3,T2_MEDIUM_V1,accessibility,GET_ACCESSIBILITY_INFO,Verification of accessible tactile floor paths support at Egmore metro (F11),hi-en,Latn,CS3,N0,"{""station"": ""Egmore"", ""accessibility_feature"": ""tactile_path"", ""transport_mode"": ""metro""}","{""station_id"": ""METRO_EGMORE""}",ANSWERABLE_NOW,template_instantiation,TMPL_STATION_ACCESSIBILITY_HINGLISH_LATN_10
PILOT_T2_TR_002977,,SFAM_POINT_TO_POINT_ROUTE_001,FAM_POINT_TO_POINT_ROUTE_001,PARA_POINT_TO_POINT_ROUTE_0_1,T2_MEDIUM_V1,route_query,PLAN_ROUTE,एयरपोर्ट से हाई कोर्ट मेट्रो से जाने का रास्ता क्या है? (प्रारूप F1),hi,Deva,CS0,N0,"{""origin"": ""एयरपोर्ट"", ""destination"": ""हाई कोर्ट"", ""transport_mode"": ""मेट्रो""}","{""origin_id"": ""METRO_CHENNAI_INTERNATIONAL_AIRPORT"", ""destination_id"": ""METRO_HIGHCOURT""}",ANSWERABLE_WITH_PROVISIONAL_DATA,template_instantiation,TMPL_POINT_TO_POINT_ROUTE_HI_DEVA_0
PILOT_T2_TR_002978,,SFAM_TICKETING_AND_PASSES_020,FAM_TICKETING_AND_PASSES_020,PARA_TICKETING_AND_PASSES_19_1,T2_MEDIUM_V1,ticketing_rules,GET_TICKETING_POLICY,"Excuse me, यात्रियों के लिए स्मार्ट कार्ड प्राप्त करने के नियम और प्रक्रिया क्या हैं? (पास F20) #6",hi,Deva,CS0,N0,"{""ticket_type"": ""smart_card"", ""transport_mode"": ""पारगमन""}",{},ANSWERABLE_NOW,template_instantiation,TMPL_TICKETING_AND_PASSES_HI_DEVA_19
PILOT_T2_TR_002979,,SFAM_FARE_CALCULATION_012,FAM_FARE_CALCULATION_012,PARA_FARE_CALCULATION_11_0,T2_MEDIUM_V1,fare_query,CALCULATE_FARE,Please tell: What is the single-journey ticket fare from Thousand Lights to Kilpauk on metro? [fare F12] #2,en,Latn,CS0,N0,"{""origin"": ""Thousand Lights"", ""destination"": ""Kilpauk"", ""fare_type"": ""token"", ""transport_mode"": ""metro""}","{""origin_id"": ""METRO_THOUSAND_LIGHTS"", ""destination_id"": ""METRO_KILPAUK""}",ANSWERABLE_NOW,template_instantiation,TMPL_FARE_CALCULATION_EN_11
PILOT_T2_TR_002980,,SFAM_ROUTE_STOP_SEQUENCE_014,FAM_ROUTE_STOP_SEQUENCE_014,PARA_ROUTE_STOP_SEQUENCE_13_1,T2_MEDIUM_V1,route_stops,LIST_ROUTE_STOPS,Could you specify बस रूट Blue Line के सभी ठहरावों की क्रमबद्ध सूची दिखाएं। (क्रम F14)? #3,hi,Deva,CS0,N0,"{""route_number"": ""Blue Line"", ""transport_mode"": ""बस""}","{""route_id"": ""CMRL_BLUE_CORRIDOR_1""}",ANSWERABLE_WITH_PROVISIONAL_DATA,template_instantiation,TMPL_ROUTE_STOP_SEQUENCE_HI_DEVA_13
PILOT_T2_TR_002981,,SFAM_MODE_AVAILABILITY_013,FAM_MODE_AVAILABILITY_013,PARA_MODE_AVAILABILITY_12_0,T2_MEDIUM_V1,service_availability,CHECK_SERVICE_AVAILABILITY,Could you specify Are there direct public transport options from Wimco Nagar Depot to Nelvoy? [avail F13]? #3,en,Latn,CS0,N0,"{""origin"": ""Wimco Nagar Depot"", ""destination"": ""Nelvoy"", ""transport_mode"": ""any""}","{""origin_id"": ""METRO_WIMCO_NAGAR"", ""destination_id"": ""BUS_469106564""}",ANSWERABLE_WITH_PROVISIONAL_DATA,template_instantiation,TMPL_MODE_AVAILABILITY_EN_12
PILOT_T2_TR_002982,,SFAM_NEAREST_TRANSPORT_011,FAM_NEAREST_TRANSPORT_011,PARA_NEAREST_TRANSPORT_10_1,T2_MEDIUM_V1,nearest_transport,FIND_NEAREST_STATION,Transit query: मरीना बीच के सबसे निकटतम मेट्रो स्टेशन या बस स्टॉप कौन सा है? (निकट F11) #5,hi,Deva,CS0,N2,"{""landmark"": ""मरीना बीच"", ""transport_mode"": ""मेट्रो या बस""}","{""place_id"": ""OSM_POI_12137617372""}",ANSWERABLE_NOW,template_instantiation,TMPL_NEAREST_TRANSPORT_HI_DEVA_10
PILOT_T2_TR_002983,,SFAM_MODE_AVAILABILITY_011,FAM_MODE_AVAILABILITY_011,PARA_MODE_AVAILABILITY_10_2,T2_MEDIUM_V1,service_availability,CHECK_SERVICE_AVAILABILITY,Could you specify egmore se kalpakkam tak direct transit options available hain kya? [suvidha F11]? #3,hi,Latn,CS0,N0,"{""origin"": ""egmore"", ""destination"": ""kalpakkam"", ""transport_mode"": ""any""}","{""origin_id"": ""METRO_EGMORE"", ""destination_id"": ""BUS_30143150""}",ANSWERABLE_WITH_PROVISIONAL_DATA,template_instantiation,TMPL_MODE_AVAILABILITY_HI_LATN_10
PILOT_T2_TR_002984,,SFAM_ROUTE_STOP_SEQUENCE_001,FAM_ROUTE_STOP_SEQUENCE_001,PARA_ROUTE_STOP_SEQUENCE_0_3,T2_MEDIUM_V1,route_stops,LIST_ROUTE_STOPS,Full stop order details for bus number 21G please provide (F1),hi-en,Latn,CS3,N2,"{""route_number"": ""21G"", ""transport_mode"": ""bus""}","{""route_id"": ""GTFS_ROUTE_8458""}",ANSWERABLE_WITH_PROVISIONAL_DATA,template_instantiation,TMPL_ROUTE_STOP_SEQUENCE_HINGLISH_LATN_0
PILOT_T2_TR_002985,,SFAM_NEAREST_TRANSPORT_011,FAM_NEAREST_TRANSPORT_011,PARA_NEAREST_TRANSPORT_10_3,T2_MEDIUM_V1,nearest_transport,FIND_NEAREST_STATION,Could you specify Find closest public transport access point near Marina Beach (F11)? #3,hi-en,Latn,CS3,N0,"{""landmark"": ""Marina Beach"", ""transport_mode"": ""public transport""}","{""place_id"": ""OSM_POI_12137617372""}",ANSWERABLE_NOW,template_instantiation,TMPL_NEAREST_TRANSPORT_HINGLISH_LATN_10
PILOT_T2_TR_002986,,SFAM_POINT_TO_POINT_ROUTE_017,FAM_POINT_TO_POINT_ROUTE_017,PARA_POINT_TO_POINT_ROUTE_16_2,T2_MEDIUM_V1,route_query,PLAN_ROUTE,st thomas mount se alandur metro se travel kaise kare? [tarika F17],hi,Latn,CS0,N1,"{""origin"": ""st thomas mount"", ""destination"": ""alandur"", ""transport_mode"": ""metro""}","{""origin_id"": ""METRO_ST__THOMAS_MOUNT"", ""destination_id"": ""METRO_ARIGNAR_ANNA_ALANDUR""}",ANSWERABLE_WITH_PROVISIONAL_DATA,template_instantiation,TMPL_POINT_TO_POINT_ROUTE_HI_LATN_16
PILOT_T2_TR_002987,,SFAM_OUT_OF_SCOPE_020,FAM_OUT_OF_SCOPE_020,PARA_OUT_OF_SCOPE_19_3,T2_MEDIUM_V1,out_of_scope,REJECT_OUT_OF_SCOPE,"Excuse me, What is the general weather rain forecast in Chennai near Padalam Hospital today (F20)? #6",hi-en,Latn,CS3,N1,"{""landmark"": ""Padalam Hospital""}","{""place_id"": ""OSM_POI_7257518724""}",OUT_OF_SCOPE,template_instantiation,TMPL_OUT_OF_SCOPE_HINGLISH_LATN_19
PILOT_T2_TR_002988,,SFAM_FARE_CALCULATION_011,FAM_FARE_CALCULATION_011,PARA_FARE_CALCULATION_10_1,T2_MEDIUM_V1,fare_query,CALCULATE_FARE,Transit query: एग्मोर से नेहरू पार्क तक का मेट्रो का टोकन किराया कितना रुपया है? (किराया F11) #5,hi,Deva,CS0,N2,"{""origin"": ""एग्मोर"", ""destination"": ""नेहरू पार्क"", ""fare_type"": ""टोकन"", ""transport_mode"": ""मेट्रो""}","{""origin_id"": ""METRO_EGMORE"", ""destination_id"": ""METRO_NEHRU_PARK""}",ANSWERABLE_NOW,template_instantiation,TMPL_FARE_CALCULATION_HI_DEVA_10
PILOT_T2_TR_002989,,SFAM_STATION_ACCESSIBILITY_013,FAM_STATION_ACCESSIBILITY_013,PARA_STATION_ACCESSIBILITY_12_2,T2_MEDIUM_V1,accessibility,GET_ACCESSIBILITY_INFO,kya wimco nagar depot metro station me wheelchair disabled ke liye wheelchair accessibility hai? [barrier-free F13],hi,Latn,CS0,N0,"{""station"": ""wimco nagar depot"", ""accessibility_feature"": ""wheelchair"", ""transport_mode"": ""metro""}","{""station_id"": ""METRO_WIMCO_NAGAR""}",ANSWERABLE_NOW,template_instantiation,TMPL_STATION_ACCESSIBILITY_HI_LATN_12
PILOT_T2_TR_002990,,SFAM_INTERCHANGE_TRANSFER_016,FAM_INTERCHANGE_TRANSFER_016,PARA_INTERCHANGE_TRANSFER_15_1,T2_MEDIUM_V1,interchange_query,GET_INTERCHANGE_DETAILS,साइदापेट इंटरचेंज पर दूसरी लाइन में ट्रांसफर करने का मार्ग क्या है? (बदलाव F16),hi,Deva,CS0,N1,"{""station"": ""साइदापेट"", ""facility_type"": ""इंटरचेंज""}","{""station_id"": ""METRO_SAIDAPET""}",ANSWERABLE_AFTER_MANUAL_VERIFICATION,template_instantiation,TMPL_INTERCHANGE_TRANSFER_HI_DEVA_15
PILOT_T2_TR_002991,,SFAM_TICKETING_AND_PASSES_017,FAM_TICKETING_AND_PASSES_017,PARA_TICKETING_AND_PASSES_16_0,T2_MEDIUM_V1,ticketing_rules,GET_TICKETING_POLICY,Could you specify What are the rules and procedure to purchase a Student Concession Card for commuters? [pass F17]? #3,en,Latn,CS0,N0,"{""ticket_type"": ""student_pass"", ""transport_mode"": ""transit""}",{},ANSWERABLE_NOW,template_instantiation,TMPL_TICKETING_AND_PASSES_EN_16
PILOT_T2_TR_002992,,SFAM_INTERCHANGE_TRANSFER_003,FAM_INTERCHANGE_TRANSFER_003,PARA_INTERCHANGE_TRANSFER_2_3,T2_MEDIUM_V1,interchange_query,GET_INTERCHANGE_DETAILS,"Excuse me, Transfer walking time and directions at Guindy multimodal terminal (F3) #6",hi-en,Latn,CS3,N0,"{""station"": ""Guindy"", ""facility_type"": ""interchange""}","{""station_id"": ""METRO_GUINDY""}",ANSWERABLE_AFTER_MANUAL_VERIFICATION,template_instantiation,TMPL_INTERCHANGE_TRANSFER_HINGLISH_LATN_2
PILOT_T2_TR_002993,,SFAM_REALTIME_STATUS_QUERY_012,FAM_REALTIME_STATUS_QUERY_012,PARA_REALTIME_STATUS_QUERY_11_2,T2_MEDIUM_V1,realtime_status_query,REJECT_UNSUPPORTED_REALTIME,Bus 22 CT ka real time current gps location update kahan pahuncha? [track F12],hi,Latn,CS0,N0,"{""route_number"": ""22 CT"", ""transport_mode"": ""bus""}","{""route_id"": ""GTFS_ROUTE_18753""}",REQUIRES_REALTIME_DATA,template_instantiation,TMPL_REALTIME_STATUS_QUERY_HI_LATN_11
PILOT_T2_TR_002994,,SFAM_MODE_AVAILABILITY_017,FAM_MODE_AVAILABILITY_017,PARA_MODE_AVAILABILITY_16_0,T2_MEDIUM_V1,service_availability,CHECK_SERVICE_AVAILABILITY,Transit query: Are there direct public transport options from St. Thomas Mount to Tambaram? [avail F17] #5,en,Latn,CS0,N0,"{""origin"": ""St. Thomas Mount"", ""destination"": ""Tambaram"", ""transport_mode"": ""any""}","{""origin_id"": ""METRO_ST__THOMAS_MOUNT"", ""destination_id"": ""BUS_5304399879""}",ANSWERABLE_WITH_PROVISIONAL_DATA,template_instantiation,TMPL_MODE_AVAILABILITY_EN_16
PILOT_T2_TR_002995,,SFAM_ROUTE_STOP_MEMBERSHIP_012,FAM_ROUTE_STOP_MEMBERSHIP_012,PARA_ROUTE_STOP_MEMBERSHIP_11_4,T2_MEDIUM_V1,route_stops,CHECK_STOP_ON_ROUTE,क्या route 22 CT bus Walajabad पर rukegi verification F12?,hi-en,Deva+Latn,CS4,N0,"{""route_number"": ""22 CT"", ""stop"": ""Walajabad"", ""transport_mode"": ""bus""}","{""route_id"": ""GTFS_ROUTE_18753"", ""stop_id"": ""BUS_261716087""}",ANSWERABLE_WITH_PROVISIONAL_DATA,template_instantiation,TMPL_ROUTE_STOP_MEMBERSHIP_MIXED_SCRIPT_CS_11
PILOT_T2_TR_002996,,SFAM_ROUTE_STOP_SEQUENCE_009,FAM_ROUTE_STOP_SEQUENCE_009,PARA_ROUTE_STOP_SEQUENCE_8_2,T2_MEDIUM_V1,route_stops,LIST_ROUTE_STOPS,Please tell: Route 29A bus ke sare consecutive stops ki list check kare. [line F9] #2,hi,Latn,CS0,N0,"{""route_number"": ""29A"", ""transport_mode"": ""bus""}","{""route_id"": ""GTFS_ROUTE_18751""}",ANSWERABLE_WITH_PROVISIONAL_DATA,template_instantiation,TMPL_ROUTE_STOP_SEQUENCE_HI_LATN_8
PILOT_T2_TR_002997,,SFAM_STATION_ACCESSIBILITY_014,FAM_STATION_ACCESSIBILITY_014,PARA_STATION_ACCESSIBILITY_13_3,T2_MEDIUM_V1,accessibility,GET_ACCESSIBILITY_INFO,Quick check: Verification of accessible passenger elevator lift support at Washermenpet metro (F14) #4,hi-en,Latn,CS3,N0,"{""station"": ""Washermenpet"", ""accessibility_feature"": ""lift"", ""transport_mode"": ""metro""}","{""station_id"": ""METRO_WASHERMENPET""}",ANSWERABLE_NOW,template_instantiation,TMPL_STATION_ACCESSIBILITY_HINGLISH_LATN_13
PILOT_T2_TR_002998,,SFAM_MODE_AVAILABILITY_012,FAM_MODE_AVAILABILITY_012,PARA_MODE_AVAILABILITY_11_3,T2_MEDIUM_V1,service_availability,CHECK_SERVICE_AVAILABILITY,Please tell: Is public transit operational connecting Thousand Lights and Walajabad (F12)? #2,hi-en,Latn,CS3,N0,"{""origin"": ""Thousand Lights"", ""destination"": ""Walajabad"", ""transport_mode"": ""public transit""}","{""origin_id"": ""METRO_THOUSAND_LIGHTS"", ""destination_id"": ""BUS_261716087""}",ANSWERABLE_WITH_PROVISIONAL_DATA,template_instantiation,TMPL_MODE_AVAILABILITY_HINGLISH_LATN_11
PILOT_T2_TR_002999,,SFAM_MODE_AVAILABILITY_017,FAM_MODE_AVAILABILITY_017,PARA_MODE_AVAILABILITY_16_3,T2_MEDIUM_V1,service_availability,CHECK_SERVICE_AVAILABILITY,Transit query: Is public transit operational connecting St. Thomas Mount and Tambaram (F17)? #5,hi-en,Latn,CS3,N0,"{""origin"": ""St. Thomas Mount"", ""destination"": ""Tambaram"", ""transport_mode"": ""public transit""}","{""origin_id"": ""METRO_ST__THOMAS_MOUNT"", ""destination_id"": ""BUS_5304399879""}",ANSWERABLE_WITH_PROVISIONAL_DATA,template_instantiation,TMPL_MODE_AVAILABILITY_HINGLISH_LATN_16
PILOT_T2_TR_003000,,SFAM_REALTIME_STATUS_QUERY_003,FAM_REALTIME_STATUS_QUERY_003,PARA_REALTIME_STATUS_QUERY_2_2,T2_MEDIUM_V1,realtime_status_query,REJECT_UNSUPPORTED_REALTIME,Quick check: Bus 102A ka real time current gps location update kahan pahuncha? [track F3] #4,hi,Latn,CS0,N0,"{""route_number"": ""102A"", ""transport_mode"": ""bus""}","{""route_id"": ""GTFS_ROUTE_10248""}",REQUIRES_REALTIME_DATA,template_instantiation,TMPL_REALTIME_STATUS_QUERY_HI_LATN_2
PILOT_T2_TR_003001,,SFAM_FARE_CALCULATION_001,FAM_FARE_CALCULATION_001,PARA_FARE_CALCULATION_0_1,T2_MEDIUM_V1,fare_query,CALCULATE_FARE,Quick check: एयरपोर्ट से हाई कोर्ट तक का मेट्रो का टोकन किराया कितना रुपया है? (किराया F1) #4,hi,Deva,CS0,N2,"{""origin"": ""एयरपोर्ट"", ""destination"": ""हाई कोर्ट"", ""fare_type"": ""टोकन"", ""transport_mode"": ""मेट्रो""}","{""origin_id"": ""METRO_CHENNAI_INTERNATIONAL_AIRPORT"", ""destination_id"": ""METRO_HIGHCOURT""}",ANSWERABLE_NOW,template_instantiation,TMPL_FARE_CALCULATION_HI_DEVA_0
PILOT_T2_TR_003002,,SFAM_TICKETING_AND_PASSES_009,FAM_TICKETING_AND_PASSES_009,PARA_TICKETING_AND_PASSES_8_3,T2_MEDIUM_V1,ticketing_rules,GET_TICKETING_POLICY,Could you specify How can regular passengers apply for and renew WhatsApp QR Ticket (F9)?? #3,hi-en,Latn,CS3,N0,"{""ticket_type"": ""qr_ticket"", ""transport_mode"": ""transit""}",{},ANSWERABLE_NOW,template_instantiation,TMPL_TICKETING_AND_PASSES_HINGLISH_LATN_8
PILOT_T2_TR_003003,,SFAM_ROUTE_STOP_SEQUENCE_002,FAM_ROUTE_STOP_SEQUENCE_002,PARA_ROUTE_STOP_SEQUENCE_1_1,T2_MEDIUM_V1,route_stops,LIST_ROUTE_STOPS,Quick check: बस रूट 102 के सभी ठहरावों की क्रमबद्ध सूची दिखाएं। (क्रम F2) #4,hi,Deva,CS0,N0,"{""route_number"": ""102"", ""transport_mode"": ""बस""}","{""route_id"": ""GTFS_ROUTE_16861""}",ANSWERABLE_WITH_PROVISIONAL_DATA,template_instantiation,TMPL_ROUTE_STOP_SEQUENCE_HI_DEVA_1
PILOT_T2_TR_003004,,SFAM_OUT_OF_SCOPE_014,FAM_OUT_OF_SCOPE_014,PARA_OUT_OF_SCOPE_13_2,T2_MEDIUM_V1,out_of_scope,REJECT_OUT_OF_SCOPE,Quick check: washermenpet airport terminal ke flight delay timings check kijiye. [bahar F14] #4,hi,Latn,CS0,N0,"{""station"": ""washermenpet""}","{""station_id"": ""METRO_WASHERMENPET""}",OUT_OF_SCOPE,template_instantiation,TMPL_OUT_OF_SCOPE_HI_LATN_13
PILOT_T2_TR_003005,,SFAM_STATION_ACCESSIBILITY_006,FAM_STATION_ACCESSIBILITY_006,PARA_STATION_ACCESSIBILITY_5_4,T2_MEDIUM_V1,accessibility,GET_ACCESSIBILITY_INFO,Please tell: Koyambedu station par handicapped passengers ke liye passenger elevator lift support status F6 #2,hi-en,Deva+Latn,CS4,N0,"{""station"": ""Koyambedu"", ""accessibility_feature"": ""lift"", ""transport_mode"": ""metro""}","{""station_id"": ""METRO_KOYAMBEDU""}",ANSWERABLE_NOW,template_instantiation,TMPL_STATION_ACCESSIBILITY_MIXED_SCRIPT_CS_5
PILOT_T2_TR_003006,,SFAM_NEAREST_TRANSPORT_013,FAM_NEAREST_TRANSPORT_013,PARA_NEAREST_TRANSPORT_12_0,T2_MEDIUM_V1,nearest_transport,FIND_NEAREST_STATION,Could you specify Which is the nearest metro station or transit stop to Great Lakes Institute? [loc F13]? #3,en,Latn,CS0,N0,"{""landmark"": ""Great Lakes Institute"", ""transport_mode"": ""metro""}","{""place_id"": ""OSM_POI_577328882""}",ANSWERABLE_NOW,template_instantiation,TMPL_NEAREST_TRANSPORT_EN_12
PILOT_T2_TR_003007,,SFAM_STATION_FACILITIES_018,FAM_STATION_FACILITIES_018,PARA_STATION_FACILITIES_17_0,T2_MEDIUM_V1,station_facilities,GET_STATION_FACILITY,Please tell: Is two-wheeler bike parking facility available at Nehru Park metro station? [fac F18] #2,en,Latn,CS0,N0,"{""station"": ""Nehru Park"", ""facility_type"": ""two_wheeler_parking"", ""transport_mode"": ""metro""}","{""station_id"": ""METRO_NEHRU_PARK""}",ANSWERABLE_NOW,template_instantiation,TMPL_STATION_FACILITIES_EN_17
PILOT_T2_TR_003008,,SFAM_FIRST_AND_LAST_SERVICE_005,FAM_FIRST_AND_LAST_SERVICE_005,PARA_FIRST_AND_LAST_SERVICE_4_2,T2_MEDIUM_V1,service_timing,GET_FIRST_LAST_SERVICE,cmbt se thousand lights first morning aur last night metro departure timing batao [samay F5],hi,Latn,CS0,N0,"{""origin"": ""cmbt"", ""destination"": ""thousand lights"", ""timing_type"": ""first_last"", ""transport_mode"": ""metro""}","{""origin_id"": ""METRO_PURATCHI_THALAIVI_DR_J_JAYALALITHAA_CMBT"", ""destination_id"": ""METRO_THOUSAND_LIGHTS""}",ANSWERABLE_NOW,template_instantiation,TMPL_FIRST_AND_LAST_SERVICE_HI_LATN_4
PILOT_T2_TR_003009,,SFAM_NEAREST_TRANSPORT_011,FAM_NEAREST_TRANSPORT_011,PARA_NEAREST_TRANSPORT_10_2,T2_MEDIUM_V1,nearest_transport,FIND_NEAREST_STATION,Please tell: marina beach se closest walking distance metro transit point kaunsa hai? [paas F11] #2,hi,Latn,CS0,N1,"{""landmark"": ""marina beach"", ""transport_mode"": ""metro""}","{""place_id"": ""OSM_POI_12137617372""}",ANSWERABLE_NOW,template_instantiation,TMPL_NEAREST_TRANSPORT_HI_LATN_10
PILOT_T2_TR_003010,,SFAM_REALTIME_STATUS_QUERY_002,FAM_REALTIME_STATUS_QUERY_002,PARA_REALTIME_STATUS_QUERY_1_1,T2_MEDIUM_V1,realtime_status_query,REJECT_UNSUPPORTED_REALTIME,"Hello assistant, क्या चेन्नई सेंट्रल से आने वाली ट्रेन अभी लेट चल रही है लाइव स्थिति बताएं? (ताज़ा F2) #7",hi,Deva,CS0,N1,"{""origin"": ""चेन्नई सेंट्रल"", ""transport_mode"": ""ट्रेन""}","{""origin_id"": ""METRO_PURATCHI_THALAIVAR_DR__M_G_RAMACHANDRAN_CENTRAL""}",REQUIRES_REALTIME_DATA,template_instantiation,TMPL_REALTIME_STATUS_QUERY_HI_DEVA_1
PILOT_T2_TR_003011,,SFAM_STATION_ACCESSIBILITY_010,FAM_STATION_ACCESSIBILITY_010,PARA_STATION_ACCESSIBILITY_9_3,T2_MEDIUM_V1,accessibility,GET_ACCESSIBILITY_INFO,Verification of accessible passenger elevator lift support at Anna Nagar Tower metro (F10),hi-en,Latn,CS3,N0,"{""station"": ""Anna Nagar Tower"", ""accessibility_feature"": ""lift"", ""transport_mode"": ""metro""}","{""station_id"": ""METRO_ANNA_NAGAR_TOWER""}",ANSWERABLE_NOW,template_instantiation,TMPL_STATION_ACCESSIBILITY_HINGLISH_LATN_9
PILOT_T2_TR_003012,,SFAM_STATION_FACILITIES_001,FAM_STATION_FACILITIES_001,PARA_STATION_FACILITIES_0_0,T2_MEDIUM_V1,station_facilities,GET_STATION_FACILITY,"Hello assistant, Is car parking facility available at Airport metro station? [fac F1] #7",en,Latn,CS0,N1,"{""station"": ""Airport"", ""facility_type"": ""parking"", ""transport_mode"": ""metro""}","{""station_id"": ""METRO_CHENNAI_INTERNATIONAL_AIRPORT""}",ANSWERABLE_NOW,template_instantiation,TMPL_STATION_FACILITIES_EN_0
PILOT_T2_TR_003013,,SFAM_REALTIME_STATUS_QUERY_011,FAM_REALTIME_STATUS_QUERY_011,PARA_REALTIME_STATUS_QUERY_10_3,T2_MEDIUM_V1,realtime_status_query,REJECT_UNSUPPORTED_REALTIME,Transit query: Live crowd density and train arrival countdown at Egmore right now (F11) #5,hi-en,Latn,CS3,N1,"{""station"": ""Egmore"", ""transport_mode"": ""metro""}","{""station_id"": ""METRO_EGMORE""}",REQUIRES_REALTIME_DATA,template_instantiation,TMPL_REALTIME_STATUS_QUERY_HINGLISH_LATN_10
PILOT_T2_TR_003014,,SFAM_FIRST_AND_LAST_SERVICE_001,FAM_FIRST_AND_LAST_SERVICE_001,PARA_FIRST_AND_LAST_SERVICE_0_4,T2_MEDIUM_V1,service_timing,GET_FIRST_LAST_SERVICE,Airport से High Court ki last service aur first train timing information F1,hi-en,Deva+Latn,CS4,N0,"{""origin"": ""Airport"", ""destination"": ""High Court"", ""timing_type"": ""first_last"", ""transport_mode"": ""train""}","{""origin_id"": ""METRO_CHENNAI_INTERNATIONAL_AIRPORT"", ""destination_id"": ""METRO_HIGHCOURT""}",ANSWERABLE_NOW,template_instantiation,TMPL_FIRST_AND_LAST_SERVICE_MIXED_SCRIPT_CS_0
PILOT_T2_TR_003015,,SFAM_OUT_OF_SCOPE_010,FAM_OUT_OF_SCOPE_010,PARA_OUT_OF_SCOPE_9_4,T2_MEDIUM_V1,out_of_scope,REJECT_OUT_OF_SCOPE,Anna Nagar Tower ke pass hotel reservation aur movie ticket booking service F10,hi-en,Deva+Latn,CS4,N0,"{""station"": ""Anna Nagar Tower""}","{""station_id"": ""METRO_ANNA_NAGAR_TOWER""}",OUT_OF_SCOPE,template_instantiation,TMPL_OUT_OF_SCOPE_MIXED_SCRIPT_CS_9
PILOT_T2_TR_003016,,SFAM_OUT_OF_SCOPE_008,FAM_OUT_OF_SCOPE_008,PARA_OUT_OF_SCOPE_7_0,T2_MEDIUM_V1,out_of_scope,REJECT_OUT_OF_SCOPE,Please tell: Book a private cab taxi ride from High Court to Little Mount. [cab F8] #2,en,Latn,CS0,N0,"{""origin"": ""High Court"", ""destination"": ""Little Mount""}","{""origin_id"": ""METRO_HIGHCOURT"", ""destination_id"": ""METRO_LITTLE_MOUNT""}",OUT_OF_SCOPE,template_instantiation,TMPL_OUT_OF_SCOPE_EN_7
PILOT_T2_TR_003017,,SFAM_MODE_AVAILABILITY_002,FAM_MODE_AVAILABILITY_002,PARA_MODE_AVAILABILITY_1_2,T2_MEDIUM_V1,service_availability,CHECK_SERVICE_AVAILABILITY,Could you specify chennai central se broadway tak direct transit options available hain kya? [suvidha F2]? #3,hi,Latn,CS0,N0,"{""origin"": ""chennai central"", ""destination"": ""broadway"", ""transport_mode"": ""any""}","{""origin_id"": ""METRO_PURATCHI_THALAIVAR_DR__M_G_RAMACHANDRAN_CENTRAL"", ""destination_id"": ""BUS_27618346""}",ANSWERABLE_WITH_PROVISIONAL_DATA,template_instantiation,TMPL_MODE_AVAILABILITY_HI_LATN_1
PILOT_T2_TR_003018,,SFAM_STATION_ACCESSIBILITY_016,FAM_STATION_ACCESSIBILITY_016,PARA_STATION_ACCESSIBILITY_15_0,T2_MEDIUM_V1,accessibility,GET_ACCESSIBILITY_INFO,Transit query: Are escalator stairs provisions available for differently abled passengers at Saidapet? [a11y F16] #5,en,Latn,CS0,N0,"{""station"": ""Saidapet"", ""accessibility_feature"": ""escalator"", ""transport_mode"": ""metro""}","{""station_id"": ""METRO_SAIDAPET""}",ANSWERABLE_NOW,template_instantiation,TMPL_STATION_ACCESSIBILITY_EN_15
PILOT_T2_TR_003019,,SFAM_POINT_TO_POINT_ROUTE_007,FAM_POINT_TO_POINT_ROUTE_007,PARA_POINT_TO_POINT_ROUTE_6_0,T2_MEDIUM_V1,route_query,PLAN_ROUTE,How do I commute from Vadapalani to Washermenpet by metro? [pattern F7],en,Latn,CS0,N0,"{""origin"": ""Vadapalani"", ""destination"": ""Washermenpet"", ""transport_mode"": ""metro""}","{""origin_id"": ""METRO_VADAPALANI"", ""destination_id"": ""METRO_WASHERMENPET""}",ANSWERABLE_WITH_PROVISIONAL_DATA,template_instantiation,TMPL_POINT_TO_POINT_ROUTE_EN_6
PILOT_T2_TR_003020,,SFAM_STATION_FACILITIES_018,FAM_STATION_FACILITIES_018,PARA_STATION_FACILITIES_17_1,T2_MEDIUM_V1,station_facilities,GET_STATION_FACILITY,Could you specify क्या नेहरू पार्क मेट्रो स्टेशन पर बाइक पार्किंग की व्यवस्था उपलब्ध है? (सुविधा F18)? #3,hi,Deva,CS0,N0,"{""station"": ""नेहरू पार्क"", ""facility_type"": ""two_wheeler_parking"", ""transport_mode"": ""मेट्रो""}","{""station_id"": ""METRO_NEHRU_PARK""}",ANSWERABLE_NOW,template_instantiation,TMPL_STATION_FACILITIES_HI_DEVA_17
PILOT_T2_TR_003021,,SFAM_STATION_FACILITIES_016,FAM_STATION_FACILITIES_016,PARA_STATION_FACILITIES_15_1,T2_MEDIUM_V1,station_facilities,GET_STATION_FACILITY,क्या साइदापेट मेट्रो स्टेशन पर साइकिल स्टैंड की व्यवस्था उपलब्ध है? (सुविधा F16),hi,Deva,CS0,N1,"{""station"": ""साइदापेट"", ""facility_type"": ""bicycle_stand"", ""transport_mode"": ""मेट्रो""}","{""station_id"": ""METRO_SAIDAPET""}",ANSWERABLE_NOW,template_instantiation,TMPL_STATION_FACILITIES_HI_DEVA_15
PILOT_T2_TR_003022,,SFAM_STATION_ACCESSIBILITY_016,FAM_STATION_ACCESSIBILITY_016,PARA_STATION_ACCESSIBILITY_15_2,T2_MEDIUM_V1,accessibility,GET_ACCESSIBILITY_INFO,kya saidapet metro station me wheelchair disabled ke liye escalator hai? [barrier-free F16],hi,Latn,CS0,N0,"{""station"": ""saidapet"", ""accessibility_feature"": ""escalator"", ""transport_mode"": ""metro""}","{""station_id"": ""METRO_SAIDAPET""}",ANSWERABLE_NOW,template_instantiation,TMPL_STATION_ACCESSIBILITY_HI_LATN_15
PILOT_T2_TR_003023,,SFAM_OUT_OF_SCOPE_008,FAM_OUT_OF_SCOPE_008,PARA_OUT_OF_SCOPE_7_3,T2_MEDIUM_V1,out_of_scope,REJECT_OUT_OF_SCOPE,Transit query: What is the general weather rain forecast in Chennai near Madhuranthagam Hospital today (F8)? #5,hi-en,Latn,CS3,N1,"{""landmark"": ""Madhuranthagam Hospital""}","{""place_id"": ""OSM_POI_7257518777""}",OUT_OF_SCOPE,template_instantiation,TMPL_OUT_OF_SCOPE_HINGLISH_LATN_7
PILOT_T2_TR_003024,,SFAM_ROUTE_STOP_SEQUENCE_002,FAM_ROUTE_STOP_SEQUENCE_002,PARA_ROUTE_STOP_SEQUENCE_1_2,T2_MEDIUM_V1,route_stops,LIST_ROUTE_STOPS,Route 102 bus ke sare consecutive stops ki list check kare. [line F2],hi,Latn,CS0,N0,"{""route_number"": ""102"", ""transport_mode"": ""bus""}","{""route_id"": ""GTFS_ROUTE_16861""}",ANSWERABLE_WITH_PROVISIONAL_DATA,template_instantiation,TMPL_ROUTE_STOP_SEQUENCE_HI_LATN_1
PILOT_T2_TR_003025,,SFAM_NEAREST_TRANSPORT_009,FAM_NEAREST_TRANSPORT_009,PARA_NEAREST_TRANSPORT_8_3,T2_MEDIUM_V1,nearest_transport,FIND_NEAREST_STATION,Find closest public transport access point near Karpaga Institute (F9),hi-en,Latn,CS3,N0,"{""landmark"": ""Karpaga Institute"", ""transport_mode"": ""public transport""}","{""place_id"": ""OSM_POI_3082849503""}",ANSWERABLE_NOW,template_instantiation,TMPL_NEAREST_TRANSPORT_HINGLISH_LATN_8
PILOT_T2_TR_003026,,SFAM_SCHEDULED_DEPARTURE_014,FAM_SCHEDULED_DEPARTURE_014,PARA_SCHEDULED_DEPARTURE_13_1,T2_MEDIUM_V1,service_timing,GET_SCHEDULED_DEPARTURES,वॉशरमैनपेट से सुबह 8 बजे छूटने वाली गाड़ियों की समय सारणी दिखाएं। (समय F14),hi,Deva,CS0,N0,"{""origin"": ""वॉशरमैनपेट"", ""time"": ""सुबह 8 बजे"", ""resolved_time"": ""08:00:00""}","{""origin_id"": ""METRO_WASHERMENPET""}",ANSWERABLE_NOW,template_instantiation,TMPL_SCHEDULED_DEPARTURE_HI_DEVA_13
PILOT_T2_TR_003027,,SFAM_STATION_ACCESSIBILITY_002,FAM_STATION_ACCESSIBILITY_002,PARA_STATION_ACCESSIBILITY_1_1,T2_MEDIUM_V1,accessibility,GET_ACCESSIBILITY_INFO,क्या चेन्नई सेंट्रल स्टेशन पर दिव्यांग यात्रियों के लिए यात्री लिफ्ट उपलब्ध है? (सुलभता F2),hi,Deva,CS0,N0,"{""station"": ""चेन्नई सेंट्रल"", ""accessibility_feature"": ""lift"", ""transport_mode"": ""मेट्रो""}","{""station_id"": ""METRO_PURATCHI_THALAIVAR_DR__M_G_RAMACHANDRAN_CENTRAL""}",ANSWERABLE_NOW,template_instantiation,TMPL_STATION_ACCESSIBILITY_HI_DEVA_1
PILOT_T2_TR_003028,,SFAM_NEAREST_TRANSPORT_005,FAM_NEAREST_TRANSPORT_005,PARA_NEAREST_TRANSPORT_4_1,T2_MEDIUM_V1,nearest_transport,FIND_NEAREST_STATION,Transit query: मारुति अस्पताल के सबसे निकटतम मेट्रो स्टेशन या बस स्टॉप कौन सा है? (निकट F5) #5,hi,Deva,CS0,N0,"{""landmark"": ""मारुति अस्पताल"", ""transport_mode"": ""मेट्रो या बस""}","{""place_id"": ""OSM_POI_7820652140""}",ANSWERABLE_NOW,template_instantiation,TMPL_NEAREST_TRANSPORT_HI_DEVA_4
PILOT_T2_TR_003029,,SFAM_INTERCHANGE_TRANSFER_013,FAM_INTERCHANGE_TRANSFER_013,PARA_INTERCHANGE_TRANSFER_12_2,T2_MEDIUM_V1,interchange_query,GET_INTERCHANGE_DETAILS,Could you specify wimco nagar depot hub par metro line change karke pachaiyappa college kaise jaye? [platform F13]? #3,hi,Latn,CS0,N0,"{""station"": ""wimco nagar depot"", ""destination"": ""pachaiyappa college"", ""facility_type"": ""interchange""}","{""station_id"": ""METRO_WIMCO_NAGAR"", ""destination_id"": ""METRO_PACHAIYAPPA_S_COLLEGE""}",ANSWERABLE_AFTER_MANUAL_VERIFICATION,template_instantiation,TMPL_INTERCHANGE_TRANSFER_HI_LATN_12
PILOT_T2_TR_003030,,SFAM_FARE_CALCULATION_017,FAM_FARE_CALCULATION_017,PARA_FARE_CALCULATION_16_3,T2_MEDIUM_V1,fare_query,CALCULATE_FARE,Transit query: Calculate fare for travel between St. Thomas Mount and Alandur stations (F17) #5,hi-en,Latn,CS3,N0,"{""origin"": ""St. Thomas Mount"", ""destination"": ""Alandur"", ""transport_mode"": ""metro""}","{""origin_id"": ""METRO_ST__THOMAS_MOUNT"", ""destination_id"": ""METRO_ARIGNAR_ANNA_ALANDUR""}",ANSWERABLE_NOW,template_instantiation,TMPL_FARE_CALCULATION_HINGLISH_LATN_16
PILOT_T2_TR_003031,,SFAM_REALTIME_STATUS_QUERY_013,FAM_REALTIME_STATUS_QUERY_013,PARA_REALTIME_STATUS_QUERY_12_3,T2_MEDIUM_V1,realtime_status_query,REJECT_UNSUPPORTED_REALTIME,Could you specify Live crowd density and train arrival countdown at Wimco Nagar Depot right now (F13)? #3,hi-en,Latn,CS3,N0,"{""station"": ""Wimco Nagar Depot"", ""transport_mode"": ""metro""}","{""station_id"": ""METRO_WIMCO_NAGAR""}",REQUIRES_REALTIME_DATA,template_instantiation,TMPL_REALTIME_STATUS_QUERY_HINGLISH_LATN_12
PILOT_T2_TR_003032,,SFAM_STATION_FACILITIES_020,FAM_STATION_FACILITIES_020,PARA_STATION_FACILITIES_19_1,T2_MEDIUM_V1,station_facilities,GET_STATION_FACILITY,Please tell: क्या पचैयप्पा कॉलेज मेट्रो स्टेशन पर साइकिल स्टैंड की व्यवस्था उपलब्ध है? (सुविधा F20) #2,hi,Deva,CS0,N0,"{""station"": ""पचैयप्पा कॉलेज"", ""facility_type"": ""bicycle_stand"", ""transport_mode"": ""मेट्रो""}","{""station_id"": ""METRO_PACHAIYAPPA_S_COLLEGE""}",ANSWERABLE_NOW,template_instantiation,TMPL_STATION_FACILITIES_HI_DEVA_19
PILOT_T2_TR_003033,,SFAM_MULTIMODAL_ROUTE_019,FAM_MULTIMODAL_ROUTE_019,PARA_MULTIMODAL_ROUTE_18_0,T2_MEDIUM_V1,route_query,PLAN_MULTIMODAL_ROUTE,Please tell: What is the combined bus and metro route from Adyar to Koyambedu? [plan F19] #2,en,Latn,CS0,N0,"{""origin"": ""Adyar"", ""destination"": ""Koyambedu"", ""transport_mode"": ""multimodal""}","{""origin_id"": ""BUS_2587520213"", ""destination_id"": ""METRO_KOYAMBEDU""}",ANSWERABLE_WITH_PROVISIONAL_DATA,template_instantiation,TMPL_MULTIMODAL_ROUTE_EN_18
PILOT_T2_TR_003034,,SFAM_TICKETING_AND_PASSES_003,FAM_TICKETING_AND_PASSES_003,PARA_TICKETING_AND_PASSES_2_3,T2_MEDIUM_V1,ticketing_rules,GET_TICKETING_POLICY,Could you specify How can regular passengers apply for and renew WhatsApp QR Ticket (F3)?? #3,hi-en,Latn,CS3,N1,"{""ticket_type"": ""qr_ticket"", ""transport_mode"": ""transit""}",{},ANSWERABLE_NOW,template_instantiation,TMPL_TICKETING_AND_PASSES_HINGLISH_LATN_2
PILOT_T2_TR_003035,,SFAM_TICKETING_AND_PASSES_016,FAM_TICKETING_AND_PASSES_016,PARA_TICKETING_AND_PASSES_15_3,T2_MEDIUM_V1,ticketing_rules,GET_TICKETING_POLICY,Quick check: How can regular passengers apply for and renew Tourist One-Day Pass (F16)? #4,hi-en,Latn,CS3,N0,"{""ticket_type"": ""tourist_card"", ""transport_mode"": ""transit""}",{},ANSWERABLE_NOW,template_instantiation,TMPL_TICKETING_AND_PASSES_HINGLISH_LATN_15
PILOT_T2_TR_003036,,SFAM_OUT_OF_SCOPE_017,FAM_OUT_OF_SCOPE_017,PARA_OUT_OF_SCOPE_16_0,T2_MEDIUM_V1,out_of_scope,REJECT_OUT_OF_SCOPE,Could you specify Book a private cab taxi ride from St. Thomas Mount to Alandur. [cab F17]? #3,en,Latn,CS0,N0,"{""origin"": ""St. Thomas Mount"", ""destination"": ""Alandur""}","{""origin_id"": ""METRO_ST__THOMAS_MOUNT"", ""destination_id"": ""METRO_ARIGNAR_ANNA_ALANDUR""}",OUT_OF_SCOPE,template_instantiation,TMPL_OUT_OF_SCOPE_EN_16
PILOT_T2_TR_003037,,SFAM_TICKETING_AND_PASSES_017,FAM_TICKETING_AND_PASSES_017,PARA_TICKETING_AND_PASSES_16_4,T2_MEDIUM_V1,ticketing_rules,GET_TICKETING_POLICY,Please tell: Commuter Student Concession Card ke application aur terms ki complete details F17 #2,hi-en,Deva+Latn,CS4,N0,"{""ticket_type"": ""student_pass"", ""transport_mode"": ""transit""}",{},ANSWERABLE_NOW,template_instantiation,TMPL_TICKETING_AND_PASSES_MIXED_SCRIPT_CS_16
PILOT_T2_TR_003038,,SFAM_REALTIME_STATUS_QUERY_017,FAM_REALTIME_STATUS_QUERY_017,PARA_REALTIME_STATUS_QUERY_16_1,T2_MEDIUM_V1,realtime_status_query,REJECT_UNSUPPORTED_REALTIME,क्या सेंट थॉमस माउंट से आने वाली ट्रेन अभी लेट चल रही है लाइव स्थिति बताएं? (ताज़ा F17),hi,Deva,CS0,N1,"{""origin"": ""सेंट थॉमस माउंट"", ""transport_mode"": ""ट्रेन""}","{""origin_id"": ""METRO_ST__THOMAS_MOUNT""}",REQUIRES_REALTIME_DATA,template_instantiation,TMPL_REALTIME_STATUS_QUERY_HI_DEVA_16
PILOT_T2_TR_003039,,SFAM_OUT_OF_SCOPE_005,FAM_OUT_OF_SCOPE_005,PARA_OUT_OF_SCOPE_4_1,T2_MEDIUM_V1,out_of_scope,REJECT_OUT_OF_SCOPE,"Hello assistant, सीएमबीटी के निकटतम सबसे अच्छे रेस्टोरेंट और भोजनालय की सूची दें। (बाहर F5) #7",hi,Deva,CS0,N1,"{""station"": ""सीएमबीटी""}","{""station_id"": ""METRO_PURATCHI_THALAIVI_DR_J_JAYALALITHAA_CMBT""}",OUT_OF_SCOPE,template_instantiation,TMPL_OUT_OF_SCOPE_HI_DEVA_4
PILOT_T2_TR_003040,,SFAM_INTERCHANGE_TRANSFER_007,FAM_INTERCHANGE_TRANSFER_007,PARA_INTERCHANGE_TRANSFER_6_3,T2_MEDIUM_V1,interchange_query,GET_INTERCHANGE_DETAILS,Transit query: Transfer walking time and directions at Vadapalani multimodal terminal (F7) #5,hi-en,Latn,CS3,N1,"{""station"": ""Vadapalani"", ""facility_type"": ""interchange""}","{""station_id"": ""METRO_VADAPALANI""}",ANSWERABLE_AFTER_MANUAL_VERIFICATION,template_instantiation,TMPL_INTERCHANGE_TRANSFER_HINGLISH_LATN_6
PILOT_T2_TR_003041,,SFAM_MODE_AVAILABILITY_008,FAM_MODE_AVAILABILITY_008,PARA_MODE_AVAILABILITY_7_3,T2_MEDIUM_V1,service_availability,CHECK_SERVICE_AVAILABILITY,"Excuse me, Is public transit operational connecting High Court and Mylapore (F8)? #6",hi-en,Latn,CS3,N2,"{""origin"": ""High Court"", ""destination"": ""Mylapore"", ""transport_mode"": ""public transit""}","{""origin_id"": ""METRO_HIGHCOURT"", ""destination_id"": ""BUS_410614381""}",ANSWERABLE_WITH_PROVISIONAL_DATA,template_instantiation,TMPL_MODE_AVAILABILITY_HINGLISH_LATN_7
PILOT_T2_TR_003042,,SFAM_INTERCHANGE_TRANSFER_003,FAM_INTERCHANGE_TRANSFER_003,PARA_INTERCHANGE_TRANSFER_2_0,T2_MEDIUM_V1,interchange_query,GET_INTERCHANGE_DETAILS,Could you specify How do I switch lines to connect towards Anna Nagar Tower at Guindy interchange? [xfer F3]? #3,en,Latn,CS0,N0,"{""station"": ""Guindy"", ""destination"": ""Anna Nagar Tower"", ""facility_type"": ""interchange""}","{""station_id"": ""METRO_GUINDY"", ""destination_id"": ""METRO_ANNA_NAGAR_TOWER""}",ANSWERABLE_AFTER_MANUAL_VERIFICATION,template_instantiation,TMPL_INTERCHANGE_TRANSFER_EN_2
PILOT_T2_TR_003043,,SFAM_TICKETING_AND_PASSES_009,FAM_TICKETING_AND_PASSES_009,PARA_TICKETING_AND_PASSES_8_2,T2_MEDIUM_V1,ticketing_rules,GET_TICKETING_POLICY,qr ticket recharge karne ka guidelines aur validity rule bataye. [card F9],hi,Latn,CS0,N0,"{""ticket_type"": ""qr_ticket"", ""transport_mode"": ""transit""}",{},ANSWERABLE_NOW,template_instantiation,TMPL_TICKETING_AND_PASSES_HI_LATN_8
PILOT_T2_TR_003044,,SFAM_ROUTE_STOP_SEQUENCE_018,FAM_ROUTE_STOP_SEQUENCE_018,PARA_ROUTE_STOP_SEQUENCE_17_1,T2_MEDIUM_V1,route_stops,LIST_ROUTE_STOPS,Please tell: बस रूट 102A के सभी ठहरावों की क्रमबद्ध सूची दिखाएं। (क्रम F18) #2,hi,Deva,CS0,N0,"{""route_number"": ""102A"", ""transport_mode"": ""बस""}","{""route_id"": ""GTFS_ROUTE_10248""}",ANSWERABLE_WITH_PROVISIONAL_DATA,template_instantiation,TMPL_ROUTE_STOP_SEQUENCE_HI_DEVA_17
PILOT_T2_TR_003045,,SFAM_TICKETING_AND_PASSES_003,FAM_TICKETING_AND_PASSES_003,PARA_TICKETING_AND_PASSES_2_4,T2_MEDIUM_V1,ticketing_rules,GET_TICKETING_POLICY,Commuter WhatsApp QR Ticket ke application aur terms ki complete details F3,hi-en,Deva+Latn,CS4,N0,"{""ticket_type"": ""qr_ticket"", ""transport_mode"": ""transit""}",{},ANSWERABLE_NOW,template_instantiation,TMPL_TICKETING_AND_PASSES_MIXED_SCRIPT_CS_2
PILOT_T2_TR_003046,,SFAM_MODE_AVAILABILITY_005,FAM_MODE_AVAILABILITY_005,PARA_MODE_AVAILABILITY_4_1,T2_MEDIUM_V1,service_availability,CHECK_SERVICE_AVAILABILITY,Transit query: क्या सीएमबीटी से बेसेंट नगर के लिए कोई सार्वजनिक बस या ट्रेन उपलब्ध है? (उपलब्धता F5) #5,hi,Deva,CS0,N0,"{""origin"": ""सीएमबीटी"", ""destination"": ""बेसेंट नगर"", ""transport_mode"": ""सार्वजनिक बस या ट्रेन""}","{""origin_id"": ""METRO_PURATCHI_THALAIVI_DR_J_JAYALALITHAA_CMBT"", ""destination_id"": ""BUS_417750654""}",ANSWERABLE_WITH_PROVISIONAL_DATA,template_instantiation,TMPL_MODE_AVAILABILITY_HI_DEVA_4
PILOT_T2_TR_003047,,SFAM_REALTIME_STATUS_QUERY_011,FAM_REALTIME_STATUS_QUERY_011,PARA_REALTIME_STATUS_QUERY_10_1,T2_MEDIUM_V1,realtime_status_query,REJECT_UNSUPPORTED_REALTIME,"Excuse me, क्या एग्मोर से आने वाली ट्रेन अभी लेट चल रही है लाइव स्थिति बताएं? (ताज़ा F11) #6",hi,Deva,CS0,N0,"{""origin"": ""एग्मोर"", ""transport_mode"": ""ट्रेन""}","{""origin_id"": ""METRO_EGMORE""}",REQUIRES_REALTIME_DATA,template_instantiation,TMPL_REALTIME_STATUS_QUERY_HI_DEVA_10
PILOT_T2_TR_003048,,SFAM_REALTIME_STATUS_QUERY_020,FAM_REALTIME_STATUS_QUERY_020,PARA_REALTIME_STATUS_QUERY_19_3,T2_MEDIUM_V1,realtime_status_query,REJECT_UNSUPPORTED_REALTIME,"Excuse me, Live crowd density and train arrival countdown at Pachaiyappa College right now (F20) #6",hi-en,Latn,CS3,N1,"{""station"": ""Pachaiyappa College"", ""transport_mode"": ""metro""}","{""station_id"": ""METRO_PACHAIYAPPA_S_COLLEGE""}",REQUIRES_REALTIME_DATA,template_instantiation,TMPL_REALTIME_STATUS_QUERY_HINGLISH_LATN_19
PILOT_T2_TR_003049,,SFAM_OUT_OF_SCOPE_011,FAM_OUT_OF_SCOPE_011,PARA_OUT_OF_SCOPE_10_1,T2_MEDIUM_V1,out_of_scope,REJECT_OUT_OF_SCOPE,Could you specify एग्मोर के निकटतम सबसे अच्छे रेस्टोरेंट और भोजनालय की सूची दें। (बाहर F11)? #3,hi,Deva,CS0,N0,"{""station"": ""एग्मोर""}","{""station_id"": ""METRO_EGMORE""}",OUT_OF_SCOPE,template_instantiation,TMPL_OUT_OF_SCOPE_HI_DEVA_10
PILOT_T2_TR_003050,,SFAM_ROUTE_STOP_MEMBERSHIP_015,FAM_ROUTE_STOP_MEMBERSHIP_015,PARA_ROUTE_STOP_MEMBERSHIP_14_3,T2_MEDIUM_V1,route_stops,CHECK_STOP_ON_ROUTE,Verify if Bus stand bus stop is covered by route Green Line (F15),hi-en,Latn,CS3,N0,"{""route_number"": ""Green Line"", ""stop"": ""Bus stand"", ""transport_mode"": ""bus""}","{""route_id"": ""CMRL_GREEN_CORRIDOR_2"", ""stop_id"": ""BUS_5300484122""}",ANSWERABLE_WITH_PROVISIONAL_DATA,template_instantiation,TMPL_ROUTE_STOP_MEMBERSHIP_HINGLISH_LATN_14
PILOT_T2_TR_003051,,SFAM_OUT_OF_SCOPE_020,FAM_OUT_OF_SCOPE_020,PARA_OUT_OF_SCOPE_19_2,T2_MEDIUM_V1,out_of_scope,REJECT_OUT_OF_SCOPE,pachaiyappa college airport terminal ke flight delay timings check kijiye. [bahar F20],hi,Latn,CS0,N0,"{""station"": ""pachaiyappa college""}","{""station_id"": ""METRO_PACHAIYAPPA_S_COLLEGE""}",OUT_OF_SCOPE,template_instantiation,TMPL_OUT_OF_SCOPE_HI_LATN_19
PILOT_T2_TR_003052,,SFAM_MULTIMODAL_ROUTE_015,FAM_MULTIMODAL_ROUTE_015,PARA_MULTIMODAL_ROUTE_14_0,T2_MEDIUM_V1,route_query,PLAN_MULTIMODAL_ROUTE,What is the combined bus and metro route from Bus stand to Chennai Central? [plan F15],en,Latn,CS0,N0,"{""origin"": ""Bus stand"", ""destination"": ""Chennai Central"", ""transport_mode"": ""multimodal""}","{""origin_id"": ""BUS_5300484122"", ""destination_id"": ""METRO_PURATCHI_THALAIVAR_DR__M_G_RAMACHANDRAN_CENTRAL""}",ANSWERABLE_WITH_PROVISIONAL_DATA,template_instantiation,TMPL_MULTIMODAL_ROUTE_EN_14
PILOT_T2_TR_003053,,SFAM_ROUTE_STOP_MEMBERSHIP_005,FAM_ROUTE_STOP_MEMBERSHIP_005,PARA_ROUTE_STOP_MEMBERSHIP_4_3,T2_MEDIUM_V1,route_stops,CHECK_STOP_ON_ROUTE,Please tell: Verify if Besant Nagar bus stop is covered by route 23C (F5) #2,hi-en,Latn,CS3,N0,"{""route_number"": ""23C"", ""stop"": ""Besant Nagar"", ""transport_mode"": ""bus""}","{""route_id"": ""GTFS_ROUTE_10214"", ""stop_id"": ""BUS_417750654""}",ANSWERABLE_WITH_PROVISIONAL_DATA,template_instantiation,TMPL_ROUTE_STOP_MEMBERSHIP_HINGLISH_LATN_4
PILOT_T2_TR_003054,,SFAM_MODE_AVAILABILITY_002,FAM_MODE_AVAILABILITY_002,PARA_MODE_AVAILABILITY_1_0,T2_MEDIUM_V1,service_availability,CHECK_SERVICE_AVAILABILITY,Please tell: Are there direct public transport options from Chennai Central to Broadway? [avail F2] #2,en,Latn,CS0,N0,"{""origin"": ""Chennai Central"", ""destination"": ""Broadway"", ""transport_mode"": ""any""}","{""origin_id"": ""METRO_PURATCHI_THALAIVAR_DR__M_G_RAMACHANDRAN_CENTRAL"", ""destination_id"": ""BUS_27618346""}",ANSWERABLE_WITH_PROVISIONAL_DATA,template_instantiation,TMPL_MODE_AVAILABILITY_EN_1
PILOT_T2_TR_003055,,SFAM_REALTIME_STATUS_QUERY_014,FAM_REALTIME_STATUS_QUERY_014,PARA_REALTIME_STATUS_QUERY_13_1,T2_MEDIUM_V1,realtime_status_query,REJECT_UNSUPPORTED_REALTIME,Transit query: क्या वॉशरमैनपेट से आने वाली ट्रेन अभी लेट चल रही है लाइव स्थिति बताएं? (ताज़ा F14) #5,hi,Deva,CS0,N2,"{""origin"": ""वॉशरमैनपेट"", ""transport_mode"": ""ट्रेन""}","{""origin_id"": ""METRO_WASHERMENPET""}",REQUIRES_REALTIME_DATA,template_instantiation,TMPL_REALTIME_STATUS_QUERY_HI_DEVA_13
PILOT_T2_TR_003056,,SFAM_NEAREST_TRANSPORT_007,FAM_NEAREST_TRANSPORT_007,PARA_NEAREST_TRANSPORT_6_1,T2_MEDIUM_V1,nearest_transport,FIND_NEAREST_STATION,Transit query: मातृ शिशु अस्पताल के सबसे निकटतम मेट्रो स्टेशन या बस स्टॉप कौन सा है? (निकट F7) #5,hi,Deva,CS0,N2,"{""landmark"": ""मातृ शिशु अस्पताल"", ""transport_mode"": ""मेट्रो या बस""}","{""place_id"": ""OSM_POI_7257518731""}",ANSWERABLE_NOW,template_instantiation,TMPL_NEAREST_TRANSPORT_HI_DEVA_6
PILOT_T2_TR_003057,,SFAM_OUT_OF_SCOPE_005,FAM_OUT_OF_SCOPE_005,PARA_OUT_OF_SCOPE_4_1,T2_MEDIUM_V1,out_of_scope,REJECT_OUT_OF_SCOPE,Please tell: सीएमबीटी के निकटतम सबसे अच्छे रेस्टोरेंट और भोजनालय की सूची दें। (बाहर F5) #2,hi,Deva,CS0,N0,"{""station"": ""सीएमबीटी""}","{""station_id"": ""METRO_PURATCHI_THALAIVI_DR_J_JAYALALITHAA_CMBT""}",OUT_OF_SCOPE,template_instantiation,TMPL_OUT_OF_SCOPE_HI_DEVA_4
PILOT_T2_TR_003058,,SFAM_STATION_FACILITIES_009,FAM_STATION_FACILITIES_009,PARA_STATION_FACILITIES_8_0,T2_MEDIUM_V1,station_facilities,GET_STATION_FACILITY,Could you specify Is car parking facility available at Thirumangalam metro station? [fac F9]? #3,en,Latn,CS0,N0,"{""station"": ""Thirumangalam"", ""facility_type"": ""parking"", ""transport_mode"": ""metro""}","{""station_id"": ""METRO_THIRUMANGALAM""}",ANSWERABLE_NOW,template_instantiation,TMPL_STATION_FACILITIES_EN_8
PILOT_T2_TR_003059,,SFAM_ROUTE_STOP_SEQUENCE_014,FAM_ROUTE_STOP_SEQUENCE_014,PARA_ROUTE_STOP_SEQUENCE_13_0,T2_MEDIUM_V1,route_stops,LIST_ROUTE_STOPS,Please tell: List every intermediate stop along route Blue Line in order. [seq F14] #2,en,Latn,CS0,N0,"{""route_number"": ""Blue Line"", ""transport_mode"": ""bus""}","{""route_id"": ""CMRL_BLUE_CORRIDOR_1""}",ANSWERABLE_WITH_PROVISIONAL_DATA,template_instantiation,TMPL_ROUTE_STOP_SEQUENCE_EN_13
PILOT_T2_TR_003060,,SFAM_NEAREST_TRANSPORT_020,FAM_NEAREST_TRANSPORT_020,PARA_NEAREST_TRANSPORT_19_1,T2_MEDIUM_V1,nearest_transport,FIND_NEAREST_STATION,Transit query: पडलम अस्पताल के सबसे निकटतम मेट्रो स्टेशन या बस स्टॉप कौन सा है? (निकट F20) #5,hi,Deva,CS0,N2,"{""landmark"": ""पडलम अस्पताल"", ""transport_mode"": ""मेट्रो या बस""}","{""place_id"": ""OSM_POI_7257518724""}",ANSWERABLE_NOW,template_instantiation,TMPL_NEAREST_TRANSPORT_HI_DEVA_19
PILOT_T2_TR_003061,,SFAM_FIRST_AND_LAST_SERVICE_017,FAM_FIRST_AND_LAST_SERVICE_017,PARA_FIRST_AND_LAST_SERVICE_16_3,T2_MEDIUM_V1,service_timing,GET_FIRST_LAST_SERVICE,Please tell: First train and last train operational hours between St. Thomas Mount and Alandur (F17) #2,hi-en,Latn,CS3,N1,"{""origin"": ""St. Thomas Mount"", ""destination"": ""Alandur"", ""timing_type"": ""first_last"", ""transport_mode"": ""train""}","{""origin_id"": ""METRO_ST__THOMAS_MOUNT"", ""destination_id"": ""METRO_ARIGNAR_ANNA_ALANDUR""}",ANSWERABLE_NOW,template_instantiation,TMPL_FIRST_AND_LAST_SERVICE_HINGLISH_LATN_16
PILOT_T2_TR_003062,,SFAM_STATION_ACCESSIBILITY_013,FAM_STATION_ACCESSIBILITY_013,PARA_STATION_ACCESSIBILITY_12_1,T2_MEDIUM_V1,accessibility,GET_ACCESSIBILITY_INFO,Please tell: क्या विमको नगर स्टेशन पर दिव्यांग यात्रियों के लिए व्हीलचेयर रैंप उपलब्ध है? (सुलभता F13) #2,hi,Deva,CS0,N0,"{""station"": ""विमको नगर"", ""accessibility_feature"": ""wheelchair"", ""transport_mode"": ""मेट्रो""}","{""station_id"": ""METRO_WIMCO_NAGAR""}",ANSWERABLE_NOW,template_instantiation,TMPL_STATION_ACCESSIBILITY_HI_DEVA_12
PILOT_T2_TR_003063,,SFAM_STATION_FACILITIES_018,FAM_STATION_FACILITIES_018,PARA_STATION_FACILITIES_17_3,T2_MEDIUM_V1,station_facilities,GET_STATION_FACILITY,Transit query: Does Nehru Park station premises include operational two-wheeler bike parking (F18)? #5,hi-en,Latn,CS3,N0,"{""station"": ""Nehru Park"", ""facility_type"": ""two_wheeler_parking"", ""transport_mode"": ""metro""}","{""station_id"": ""METRO_NEHRU_PARK""}",ANSWERABLE_NOW,template_instantiation,TMPL_STATION_FACILITIES_HINGLISH_LATN_17
PILOT_T2_TR_003064,,SFAM_STATION_ACCESSIBILITY_005,FAM_STATION_ACCESSIBILITY_005,PARA_STATION_ACCESSIBILITY_4_1,T2_MEDIUM_V1,accessibility,GET_ACCESSIBILITY_INFO,Transit query: क्या सीएमबीटी स्टेशन पर दिव्यांग यात्रियों के लिए व्हीलचेयर रैंप उपलब्ध है? (सुलभता F5) #5,hi,Deva,CS0,N0,"{""station"": ""सीएमबीटी"", ""accessibility_feature"": ""wheelchair"", ""transport_mode"": ""मेट्रो""}","{""station_id"": ""METRO_PURATCHI_THALAIVI_DR_J_JAYALALITHAA_CMBT""}",ANSWERABLE_NOW,template_instantiation,TMPL_STATION_ACCESSIBILITY_HI_DEVA_4
PILOT_T2_TR_003065,,SFAM_INTERCHANGE_TRANSFER_018,FAM_INTERCHANGE_TRANSFER_018,PARA_INTERCHANGE_TRANSFER_17_0,T2_MEDIUM_V1,interchange_query,GET_INTERCHANGE_DETAILS,Please tell: How do I switch lines to connect towards CMBT at Nehru Park interchange? [xfer F18] #2,en,Latn,CS0,N0,"{""station"": ""Nehru Park"", ""destination"": ""CMBT"", ""facility_type"": ""interchange""}","{""station_id"": ""METRO_NEHRU_PARK"", ""destination_id"": ""METRO_PURATCHI_THALAIVI_DR_J_JAYALALITHAA_CMBT""}",ANSWERABLE_AFTER_MANUAL_VERIFICATION,template_instantiation,TMPL_INTERCHANGE_TRANSFER_EN_17
PILOT_T2_TR_003066,,SFAM_SCHEDULED_DEPARTURE_002,FAM_SCHEDULED_DEPARTURE_002,PARA_SCHEDULED_DEPARTURE_1_1,T2_MEDIUM_V1,service_timing,GET_SCHEDULED_DEPARTURES,Please tell: चेन्नई सेंट्रल से सुबह 8 बजे छूटने वाली गाड़ियों की समय सारणी दिखाएं। (समय F2) #2,hi,Deva,CS0,N0,"{""origin"": ""चेन्नई सेंट्रल"", ""time"": ""सुबह 8 बजे"", ""resolved_time"": ""08:00:00""}","{""origin_id"": ""METRO_PURATCHI_THALAIVAR_DR__M_G_RAMACHANDRAN_CENTRAL""}",ANSWERABLE_NOW,template_instantiation,TMPL_SCHEDULED_DEPARTURE_HI_DEVA_1
PILOT_T2_TR_003067,,SFAM_OUT_OF_SCOPE_011,FAM_OUT_OF_SCOPE_011,PARA_OUT_OF_SCOPE_10_3,T2_MEDIUM_V1,out_of_scope,REJECT_OUT_OF_SCOPE,"Excuse me, What is the general weather rain forecast in Chennai near Marina Beach today (F11)? #6",hi-en,Latn,CS3,N2,"{""landmark"": ""Marina Beach""}","{""place_id"": ""OSM_POI_12137617372""}",OUT_OF_SCOPE,template_instantiation,TMPL_OUT_OF_SCOPE_HINGLISH_LATN_10
PILOT_T2_TR_003068,,SFAM_MULTIMODAL_ROUTE_014,FAM_MULTIMODAL_ROUTE_014,PARA_MULTIMODAL_ROUTE_13_4,T2_MEDIUM_V1,route_query,PLAN_MULTIMODAL_ROUTE,Uttiramerur से Airport multimodal transit connection kaise le plan F14,hi-en,Deva+Latn,CS4,N0,"{""origin"": ""Uttiramerur"", ""destination"": ""Airport"", ""transport_mode"": ""multimodal""}","{""origin_id"": ""BUS_4987577873"", ""destination_id"": ""METRO_CHENNAI_INTERNATIONAL_AIRPORT""}",ANSWERABLE_WITH_PROVISIONAL_DATA,template_instantiation,TMPL_MULTIMODAL_ROUTE_MIXED_SCRIPT_CS_13
PILOT_T2_TR_003069,,SFAM_TICKETING_AND_PASSES_007,FAM_TICKETING_AND_PASSES_007,PARA_TICKETING_AND_PASSES_6_0,T2_MEDIUM_V1,ticketing_rules,GET_TICKETING_POLICY,Could you specify What are the rules and procedure to purchase a Monthly Season Pass for commuters? [pass F7]? #3,en,Latn,CS0,N0,"{""ticket_type"": ""monthly_pass"", ""transport_mode"": ""transit""}",{},ANSWERABLE_NOW,template_instantiation,TMPL_TICKETING_AND_PASSES_EN_6
PILOT_T2_TR_003070,,SFAM_INTERCHANGE_TRANSFER_008,FAM_INTERCHANGE_TRANSFER_008,PARA_INTERCHANGE_TRANSFER_7_1,T2_MEDIUM_V1,interchange_query,GET_INTERCHANGE_DETAILS,Could you specify हाई कोर्ट इंटरचेंज पर दूसरी लाइन में ट्रांसफर करने का मार्ग क्या है? (बदलाव F8)? #3,hi,Deva,CS0,N0,"{""station"": ""हाई कोर्ट"", ""facility_type"": ""इंटरचेंज""}","{""station_id"": ""METRO_HIGHCOURT""}",ANSWERABLE_AFTER_MANUAL_VERIFICATION,template_instantiation,TMPL_INTERCHANGE_TRANSFER_HI_DEVA_7
PILOT_T2_TR_003071,,SFAM_MODE_AVAILABILITY_004,FAM_MODE_AVAILABILITY_004,PARA_MODE_AVAILABILITY_3_2,T2_MEDIUM_V1,service_availability,CHECK_SERVICE_AVAILABILITY,Please tell: alandur se velachery tak direct transit options available hain kya? [suvidha F4] #2,hi,Latn,CS0,N0,"{""origin"": ""alandur"", ""destination"": ""velachery"", ""transport_mode"": ""any""}","{""origin_id"": ""METRO_ARIGNAR_ANNA_ALANDUR"", ""destination_id"": ""BUS_1764308008""}",ANSWERABLE_WITH_PROVISIONAL_DATA,template_instantiation,TMPL_MODE_AVAILABILITY_HI_LATN_3
PILOT_T2_TR_003072,,SFAM_INTERCHANGE_TRANSFER_008,FAM_INTERCHANGE_TRANSFER_008,PARA_INTERCHANGE_TRANSFER_7_4,T2_MEDIUM_V1,interchange_query,GET_INTERCHANGE_DETAILS,Could you specify High Court interchange par line switch connection point details check F8? #3,hi-en,Deva+Latn,CS4,N0,"{""station"": ""High Court"", ""facility_type"": ""interchange""}","{""station_id"": ""METRO_HIGHCOURT""}",ANSWERABLE_AFTER_MANUAL_VERIFICATION,template_instantiation,TMPL_INTERCHANGE_TRANSFER_MIXED_SCRIPT_CS_7
PILOT_T2_TR_003073,,SFAM_MODE_AVAILABILITY_005,FAM_MODE_AVAILABILITY_005,PARA_MODE_AVAILABILITY_4_1,T2_MEDIUM_V1,service_availability,CHECK_SERVICE_AVAILABILITY,Could you specify क्या सीएमबीटी से बेसेंट नगर के लिए कोई सार्वजनिक बस या ट्रेन उपलब्ध है? (उपलब्धता F5)? #3,hi,Deva,CS0,N0,"{""origin"": ""सीएमबीटी"", ""destination"": ""बेसेंट नगर"", ""transport_mode"": ""सार्वजनिक बस या ट्रेन""}","{""origin_id"": ""METRO_PURATCHI_THALAIVI_DR_J_JAYALALITHAA_CMBT"", ""destination_id"": ""BUS_417750654""}",ANSWERABLE_WITH_PROVISIONAL_DATA,template_instantiation,TMPL_MODE_AVAILABILITY_HI_DEVA_4
PILOT_T2_TR_003074,,SFAM_SCHEDULED_DEPARTURE_001,FAM_SCHEDULED_DEPARTURE_001,PARA_SCHEDULED_DEPARTURE_0_3,T2_MEDIUM_V1,service_timing,GET_SCHEDULED_DEPARTURES,Airport station se kal 8 baje train schedule kya hoga (F1),hi-en,Latn,CS3,N0,"{""origin"": ""Airport"", ""temporal_relative"": ""kal"", ""resolved_temporal_offset"": ""UNRESOLVED_TEMPORAL_AMBIGUITY"", ""time"": ""8 baje"", ""temporal_ambiguity"": true, ""dual_candidates"": [""08:00:00"", ""20:00:00""]}","{""origin_id"": ""METRO_CHENNAI_INTERNATIONAL_AIRPORT""}",ANSWERABLE_NOW,template_instantiation,TMPL_SCHEDULED_DEPARTURE_HINGLISH_LATN_0
PILOT_T2_TR_003075,,SFAM_POINT_TO_POINT_ROUTE_015,FAM_POINT_TO_POINT_ROUTE_015,PARA_POINT_TO_POINT_ROUTE_14_0,T2_MEDIUM_V1,route_query,PLAN_ROUTE,Please tell: How do I commute from Little Mount to Chennai Central by metro? [pattern F15] #2,en,Latn,CS0,N0,"{""origin"": ""Little Mount"", ""destination"": ""Chennai Central"", ""transport_mode"": ""metro""}","{""origin_id"": ""METRO_LITTLE_MOUNT"", ""destination_id"": ""METRO_PURATCHI_THALAIVAR_DR__M_G_RAMACHANDRAN_CENTRAL""}",ANSWERABLE_WITH_PROVISIONAL_DATA,template_instantiation,TMPL_POINT_TO_POINT_ROUTE_EN_14
PILOT_T2_TR_003076,,SFAM_MODE_AVAILABILITY_005,FAM_MODE_AVAILABILITY_005,PARA_MODE_AVAILABILITY_4_3,T2_MEDIUM_V1,service_availability,CHECK_SERVICE_AVAILABILITY,Quick check: Is public transit operational connecting CMBT and Besant Nagar (F5)? #4,hi-en,Latn,CS3,N2,"{""origin"": ""CMBT"", ""destination"": ""Besant Nagar"", ""transport_mode"": ""public transit""}","{""origin_id"": ""METRO_PURATCHI_THALAIVI_DR_J_JAYALALITHAA_CMBT"", ""destination_id"": ""BUS_417750654""}",ANSWERABLE_WITH_PROVISIONAL_DATA,template_instantiation,TMPL_MODE_AVAILABILITY_HINGLISH_LATN_4
PILOT_T2_TR_003077,,SFAM_TICKETING_AND_PASSES_009,FAM_TICKETING_AND_PASSES_009,PARA_TICKETING_AND_PASSES_8_3,T2_MEDIUM_V1,ticketing_rules,GET_TICKETING_POLICY,Please tell: How can regular passengers apply for and renew WhatsApp QR Ticket (F9)? #2,hi-en,Latn,CS3,N0,"{""ticket_type"": ""qr_ticket"", ""transport_mode"": ""transit""}",{},ANSWERABLE_NOW,template_instantiation,TMPL_TICKETING_AND_PASSES_HINGLISH_LATN_8
PILOT_T2_TR_003078,,SFAM_STATION_FACILITIES_019,FAM_STATION_FACILITIES_019,PARA_STATION_FACILITIES_18_2,T2_MEDIUM_V1,station_facilities,GET_STATION_FACILITY,Please tell: kya kilpauk station par passenger ev charging station service available hai? [amenity F19] #2,hi,Latn,CS0,N1,"{""station"": ""kilpauk"", ""facility_type"": ""ev_charging"", ""transport_mode"": ""metro""}","{""station_id"": ""METRO_KILPAUK""}",ANSWERABLE_NOW,template_instantiation,TMPL_STATION_FACILITIES_HI_LATN_18
PILOT_T2_TR_003079,,SFAM_INTERCHANGE_TRANSFER_003,FAM_INTERCHANGE_TRANSFER_003,PARA_INTERCHANGE_TRANSFER_2_0,T2_MEDIUM_V1,interchange_query,GET_INTERCHANGE_DETAILS,"Excuse me, How do I switch lines to connect towards Anna Nagar Tower at Guindy interchange? [xfer F3] #6",en,Latn,CS0,N0,"{""station"": ""Guindy"", ""destination"": ""Anna Nagar Tower"", ""facility_type"": ""interchange""}","{""station_id"": ""METRO_GUINDY"", ""destination_id"": ""METRO_ANNA_NAGAR_TOWER""}",ANSWERABLE_AFTER_MANUAL_VERIFICATION,template_instantiation,TMPL_INTERCHANGE_TRANSFER_EN_2
PILOT_T2_TR_003080,,SFAM_NEAREST_TRANSPORT_004,FAM_NEAREST_TRANSPORT_004,PARA_NEAREST_TRANSPORT_3_0,T2_MEDIUM_V1,nearest_transport,FIND_NEAREST_STATION,Quick check: Which is the nearest metro station or transit stop to Maritime Institute? [loc F4] #4,en,Latn,CS0,N0,"{""landmark"": ""Maritime Institute"", ""transport_mode"": ""metro""}","{""place_id"": ""OSM_POI_314081186""}",ANSWERABLE_NOW,template_instantiation,TMPL_NEAREST_TRANSPORT_EN_3
PILOT_T2_TR_003081,,SFAM_FARE_CALCULATION_012,FAM_FARE_CALCULATION_012,PARA_FARE_CALCULATION_11_3,T2_MEDIUM_V1,fare_query,CALCULATE_FARE,Quick check: Calculate fare for travel between Thousand Lights and Kilpauk stations (F12) #4,hi-en,Latn,CS3,N0,"{""origin"": ""Thousand Lights"", ""destination"": ""Kilpauk"", ""transport_mode"": ""metro""}","{""origin_id"": ""METRO_THOUSAND_LIGHTS"", ""destination_id"": ""METRO_KILPAUK""}",ANSWERABLE_NOW,template_instantiation,TMPL_FARE_CALCULATION_HINGLISH_LATN_11
PILOT_T2_TR_003082,,SFAM_POINT_TO_POINT_ROUTE_001,FAM_POINT_TO_POINT_ROUTE_001,PARA_POINT_TO_POINT_ROUTE_0_3,T2_MEDIUM_V1,route_query,PLAN_ROUTE,Airport to High Court metro ride ka best direct route bataiye (F1),hi-en,Latn,CS3,N2,"{""origin"": ""Airport"", ""destination"": ""High Court"", ""transport_mode"": ""metro""}","{""origin_id"": ""METRO_CHENNAI_INTERNATIONAL_AIRPORT"", ""destination_id"": ""METRO_HIGHCOURT""}",ANSWERABLE_WITH_PROVISIONAL_DATA,template_instantiation,TMPL_POINT_TO_POINT_ROUTE_HINGLISH_LATN_0
PILOT_T2_TR_003083,,SFAM_ROUTE_STOP_MEMBERSHIP_011,FAM_ROUTE_STOP_MEMBERSHIP_011,PARA_ROUTE_STOP_MEMBERSHIP_10_2,T2_MEDIUM_V1,route_stops,CHECK_STOP_ON_ROUTE,kya bus 11 R ka kalpakkam par stoppage hai confirm kare? [check F11],hi,Latn,CS0,N1,"{""route_number"": ""11 R"", ""stop"": ""kalpakkam"", ""transport_mode"": ""bus""}","{""route_id"": ""GTFS_ROUTE_23728"", ""stop_id"": ""BUS_30143150""}",ANSWERABLE_WITH_PROVISIONAL_DATA,template_instantiation,TMPL_ROUTE_STOP_MEMBERSHIP_HI_LATN_10
PILOT_T2_TR_003084,,SFAM_MULTIMODAL_ROUTE_016,FAM_MULTIMODAL_ROUTE_016,PARA_MULTIMODAL_ROUTE_15_1,T2_MEDIUM_V1,route_query,PLAN_MULTIMODAL_ROUTE,पुदुपट्टिनम से गिंडी बस और मेट्रो मिलाकर सबसे तेज़ मार्ग कौन सा है? (योजना F16),hi,Deva,CS0,N0,"{""origin"": ""पुदुपट्टिनम"", ""destination"": ""गिंडी"", ""transport_mode"": ""बस और मेट्रो""}","{""origin_id"": ""BUS_3616510666"", ""destination_id"": ""METRO_GUINDY""}",ANSWERABLE_WITH_PROVISIONAL_DATA,template_instantiation,TMPL_MULTIMODAL_ROUTE_HI_DEVA_15
PILOT_T2_TR_003085,,SFAM_STATION_FACILITIES_010,FAM_STATION_FACILITIES_010,PARA_STATION_FACILITIES_9_1,T2_MEDIUM_V1,station_facilities,GET_STATION_FACILITY,Please tell: क्या अन्ना नगर टावर मेट्रो स्टेशन पर बाइक पार्किंग की व्यवस्था उपलब्ध है? (सुविधा F10) #2,hi,Deva,CS0,N0,"{""station"": ""अन्ना नगर टावर"", ""facility_type"": ""two_wheeler_parking"", ""transport_mode"": ""मेट्रो""}","{""station_id"": ""METRO_ANNA_NAGAR_TOWER""}",ANSWERABLE_NOW,template_instantiation,TMPL_STATION_FACILITIES_HI_DEVA_9
PILOT_T2_TR_003086,,SFAM_FIRST_AND_LAST_SERVICE_001,FAM_FIRST_AND_LAST_SERVICE_001,PARA_FIRST_AND_LAST_SERVICE_0_1,T2_MEDIUM_V1,service_timing,GET_FIRST_LAST_SERVICE,Could you specify एयरपोर्ट से हाई कोर्ट के लिए पहली और आखिरी ट्रेन का समय क्या है? (समय F1)? #3,hi,Deva,CS0,N0,"{""origin"": ""एयरपोर्ट"", ""destination"": ""हाई कोर्ट"", ""timing_type"": ""first_last"", ""transport_mode"": ""ट्रेन""}","{""origin_id"": ""METRO_CHENNAI_INTERNATIONAL_AIRPORT"", ""destination_id"": ""METRO_HIGHCOURT""}",ANSWERABLE_NOW,template_instantiation,TMPL_FIRST_AND_LAST_SERVICE_HI_DEVA_0
PILOT_T2_TR_003087,,SFAM_SCHEDULED_DEPARTURE_005,FAM_SCHEDULED_DEPARTURE_005,PARA_SCHEDULED_DEPARTURE_4_0,T2_MEDIUM_V1,service_timing,GET_SCHEDULED_DEPARTURES,Show metro departure timetable at bare 8 o'clock from CMBT [sched F5],en,Latn,CS0,N0,"{""origin"": ""CMBT"", ""time"": ""8 o'clock"", ""temporal_ambiguity"": true, ""dual_candidates"": [""08:00:00"", ""20:00:00""]}","{""origin_id"": ""METRO_PURATCHI_THALAIVI_DR_J_JAYALALITHAA_CMBT""}",ANSWERABLE_NOW,template_instantiation,TMPL_SCHEDULED_DEPARTURE_EN_4
PILOT_T2_TR_003088,,SFAM_ROUTE_STOP_MEMBERSHIP_011,FAM_ROUTE_STOP_MEMBERSHIP_011,PARA_ROUTE_STOP_MEMBERSHIP_10_3,T2_MEDIUM_V1,route_stops,CHECK_STOP_ON_ROUTE,Verify if Kalpakkam bus stop is covered by route 11 R (F11),hi-en,Latn,CS3,N0,"{""route_number"": ""11 R"", ""stop"": ""Kalpakkam"", ""transport_mode"": ""bus""}","{""route_id"": ""GTFS_ROUTE_23728"", ""stop_id"": ""BUS_30143150""}",ANSWERABLE_WITH_PROVISIONAL_DATA,template_instantiation,TMPL_ROUTE_STOP_MEMBERSHIP_HINGLISH_LATN_10
PILOT_T2_TR_003089,,SFAM_MULTIMODAL_ROUTE_019,FAM_MULTIMODAL_ROUTE_019,PARA_MULTIMODAL_ROUTE_18_1,T2_MEDIUM_V1,route_query,PLAN_MULTIMODAL_ROUTE,Please tell: अडयार से कोयम्बेडु बस और मेट्रो मिलाकर सबसे तेज़ मार्ग कौन सा है? (योजना F19) #2,hi,Deva,CS0,N0,"{""origin"": ""अडयार"", ""destination"": ""कोयम्बेडु"", ""transport_mode"": ""बस और मेट्रो""}","{""origin_id"": ""BUS_2587520213"", ""destination_id"": ""METRO_KOYAMBEDU""}",ANSWERABLE_WITH_PROVISIONAL_DATA,template_instantiation,TMPL_MULTIMODAL_ROUTE_HI_DEVA_18
PILOT_T2_TR_003090,,SFAM_STATION_ACCESSIBILITY_013,FAM_STATION_ACCESSIBILITY_013,PARA_STATION_ACCESSIBILITY_12_0,T2_MEDIUM_V1,accessibility,GET_ACCESSIBILITY_INFO,Transit query: Are wheelchair ramp provisions available for differently abled passengers at Wimco Nagar Depot? [a11y F13] #5,en,Latn,CS0,N0,"{""station"": ""Wimco Nagar Depot"", ""accessibility_feature"": ""wheelchair"", ""transport_mode"": ""metro""}","{""station_id"": ""METRO_WIMCO_NAGAR""}",ANSWERABLE_NOW,template_instantiation,TMPL_STATION_ACCESSIBILITY_EN_12
PILOT_T2_TR_003091,,SFAM_REALTIME_STATUS_QUERY_017,FAM_REALTIME_STATUS_QUERY_017,PARA_REALTIME_STATUS_QUERY_16_2,T2_MEDIUM_V1,realtime_status_query,REJECT_UNSUPPORTED_REALTIME,Please tell: Bus 102 ka real time current gps location update kahan pahuncha? [track F17] #2,hi,Latn,CS0,N1,"{""route_number"": ""102"", ""transport_mode"": ""bus""}","{""route_id"": ""GTFS_ROUTE_16861""}",REQUIRES_REALTIME_DATA,template_instantiation,TMPL_REALTIME_STATUS_QUERY_HI_LATN_16
PILOT_T2_TR_003092,,SFAM_SERVICE_FREQUENCY_008,FAM_SERVICE_FREQUENCY_008,PARA_SERVICE_FREQUENCY_7_0,T2_MEDIUM_V1,service_timing,GET_SERVICE_FREQUENCY,How many minutes between trains on the line connecting High Court and Little Mount? [freq F8],en,Latn,CS0,N0,"{""origin"": ""High Court"", ""destination"": ""Little Mount"", ""timing_type"": ""frequency"", ""transport_mode"": ""metro""}","{""origin_id"": ""METRO_HIGHCOURT"", ""destination_id"": ""METRO_LITTLE_MOUNT""}",ANSWERABLE_NOW,template_instantiation,TMPL_SERVICE_FREQUENCY_EN_7
PILOT_T2_TR_003093,,SFAM_STATION_ACCESSIBILITY_005,FAM_STATION_ACCESSIBILITY_005,PARA_STATION_ACCESSIBILITY_4_1,T2_MEDIUM_V1,accessibility,GET_ACCESSIBILITY_INFO,"Hello assistant, क्या सीएमबीटी स्टेशन पर दिव्यांग यात्रियों के लिए व्हीलचेयर रैंप उपलब्ध है? (सुलभता F5) #7",hi,Deva,CS0,N1,"{""station"": ""सीएमबीटी"", ""accessibility_feature"": ""wheelchair"", ""transport_mode"": ""मेट्रो""}","{""station_id"": ""METRO_PURATCHI_THALAIVI_DR_J_JAYALALITHAA_CMBT""}",ANSWERABLE_NOW,template_instantiation,TMPL_STATION_ACCESSIBILITY_HI_DEVA_4
PILOT_T2_TR_003094,,SFAM_SERVICE_FREQUENCY_004,FAM_SERVICE_FREQUENCY_004,PARA_SERVICE_FREQUENCY_3_2,T2_MEDIUM_V1,service_timing,GET_SERVICE_FREQUENCY,Please tell: alandur to egmore metro service ka regular interval headway kya hai? [interval F4] #2,hi,Latn,CS0,N0,"{""origin"": ""alandur"", ""destination"": ""egmore"", ""timing_type"": ""frequency"", ""transport_mode"": ""metro""}","{""origin_id"": ""METRO_ARIGNAR_ANNA_ALANDUR"", ""destination_id"": ""METRO_EGMORE""}",ANSWERABLE_NOW,template_instantiation,TMPL_SERVICE_FREQUENCY_HI_LATN_3
PILOT_T2_TR_003095,,SFAM_ROUTE_STOP_SEQUENCE_004,FAM_ROUTE_STOP_SEQUENCE_004,PARA_ROUTE_STOP_SEQUENCE_3_4,T2_MEDIUM_V1,route_stops,LIST_ROUTE_STOPS,Route 570 bus के सभी stops ka sequence display karein data F4,hi-en,Deva+Latn,CS4,N0,"{""route_number"": ""570"", ""transport_mode"": ""bus""}","{""route_id"": ""GTFS_ROUTE_17967""}",ANSWERABLE_WITH_PROVISIONAL_DATA,template_instantiation,TMPL_ROUTE_STOP_SEQUENCE_MIXED_SCRIPT_CS_3
PILOT_T2_TR_003096,,SFAM_INTERCHANGE_TRANSFER_014,FAM_INTERCHANGE_TRANSFER_014,PARA_INTERCHANGE_TRANSFER_13_2,T2_MEDIUM_V1,interchange_query,GET_INTERCHANGE_DETAILS,Please tell: washermenpet hub par metro line change karke airport kaise jaye? [platform F14] #2,hi,Latn,CS0,N1,"{""station"": ""washermenpet"", ""destination"": ""airport"", ""facility_type"": ""interchange""}","{""station_id"": ""METRO_WASHERMENPET"", ""destination_id"": ""METRO_CHENNAI_INTERNATIONAL_AIRPORT""}",ANSWERABLE_AFTER_MANUAL_VERIFICATION,template_instantiation,TMPL_INTERCHANGE_TRANSFER_HI_LATN_13
PILOT_T2_TR_003097,,SFAM_STATION_ACCESSIBILITY_003,FAM_STATION_ACCESSIBILITY_003,PARA_STATION_ACCESSIBILITY_2_0,T2_MEDIUM_V1,accessibility,GET_ACCESSIBILITY_INFO,Transit query: Are tactile floor paths provisions available for differently abled passengers at Guindy? [a11y F3] #5,en,Latn,CS0,N0,"{""station"": ""Guindy"", ""accessibility_feature"": ""tactile_path"", ""transport_mode"": ""metro""}","{""station_id"": ""METRO_GUINDY""}",ANSWERABLE_NOW,template_instantiation,TMPL_STATION_ACCESSIBILITY_EN_2
PILOT_T2_TR_003098,,SFAM_MULTIMODAL_ROUTE_010,FAM_MULTIMODAL_ROUTE_010,PARA_MULTIMODAL_ROUTE_9_0,T2_MEDIUM_V1,route_query,PLAN_MULTIMODAL_ROUTE,Could you specify What is the combined bus and metro route from Karunguzhi to St. Thomas Mount? [plan F10]? #3,en,Latn,CS0,N0,"{""origin"": ""Karunguzhi"", ""destination"": ""St. Thomas Mount"", ""transport_mode"": ""multimodal""}","{""origin_id"": ""BUS_5274698920"", ""destination_id"": ""METRO_ST__THOMAS_MOUNT""}",ANSWERABLE_WITH_PROVISIONAL_DATA,template_instantiation,TMPL_MULTIMODAL_ROUTE_EN_9
PILOT_T2_TR_003099,,SFAM_STATION_ACCESSIBILITY_004,FAM_STATION_ACCESSIBILITY_004,PARA_STATION_ACCESSIBILITY_3_3,T2_MEDIUM_V1,accessibility,GET_ACCESSIBILITY_INFO,Transit query: Verification of accessible escalator stairs support at Alandur metro (F4) #5,hi-en,Latn,CS3,N0,"{""station"": ""Alandur"", ""accessibility_feature"": ""escalator"", ""transport_mode"": ""metro""}","{""station_id"": ""METRO_ARIGNAR_ANNA_ALANDUR""}",ANSWERABLE_NOW,template_instantiation,TMPL_STATION_ACCESSIBILITY_HINGLISH_LATN_3
PILOT_T2_TR_003100,,SFAM_STATION_FACILITIES_015,FAM_STATION_FACILITIES_015,PARA_STATION_FACILITIES_14_0,T2_MEDIUM_V1,station_facilities,GET_STATION_FACILITY,Quick check: Is EV vehicle charging facility available at Little Mount metro station? [fac F15] #4,en,Latn,CS0,N0,"{""station"": ""Little Mount"", ""facility_type"": ""ev_charging"", ""transport_mode"": ""metro""}","{""station_id"": ""METRO_LITTLE_MOUNT""}",ANSWERABLE_NOW,template_instantiation,TMPL_STATION_FACILITIES_EN_14
PILOT_T2_TR_003101,,SFAM_REALTIME_STATUS_QUERY_011,FAM_REALTIME_STATUS_QUERY_011,PARA_REALTIME_STATUS_QUERY_10_2,T2_MEDIUM_V1,realtime_status_query,REJECT_UNSUPPORTED_REALTIME,Could you specify Bus 11 R ka real time current gps location update kahan pahuncha? [track F11]? #3,hi,Latn,CS0,N0,"{""route_number"": ""11 R"", ""transport_mode"": ""bus""}","{""route_id"": ""GTFS_ROUTE_23728""}",REQUIRES_REALTIME_DATA,template_instantiation,TMPL_REALTIME_STATUS_QUERY_HI_LATN_10
PILOT_T2_TR_003102,,SFAM_FARE_CALCULATION_017,FAM_FARE_CALCULATION_017,PARA_FARE_CALCULATION_16_1,T2_MEDIUM_V1,fare_query,CALCULATE_FARE,सेंट थॉमस माउंट से आलंदूर तक का मेट्रो का टोकन किराया कितना रुपया है? (किराया F17),hi,Deva,CS0,N1,"{""origin"": ""सेंट थॉमस माउंट"", ""destination"": ""आलंदूर"", ""fare_type"": ""टोकन"", ""transport_mode"": ""मेट्रो""}","{""origin_id"": ""METRO_ST__THOMAS_MOUNT"", ""destination_id"": ""METRO_ARIGNAR_ANNA_ALANDUR""}",ANSWERABLE_NOW,template_instantiation,TMPL_FARE_CALCULATION_HI_DEVA_16
PILOT_T2_TR_003103,,SFAM_OUT_OF_SCOPE_009,FAM_OUT_OF_SCOPE_009,PARA_OUT_OF_SCOPE_8_0,T2_MEDIUM_V1,out_of_scope,REJECT_OUT_OF_SCOPE,Could you specify Book a private cab taxi ride from Thirumangalam to Saidapet. [cab F9]? #3,en,Latn,CS0,N0,"{""origin"": ""Thirumangalam"", ""destination"": ""Saidapet""}","{""origin_id"": ""METRO_THIRUMANGALAM"", ""destination_id"": ""METRO_SAIDAPET""}",OUT_OF_SCOPE,template_instantiation,TMPL_OUT_OF_SCOPE_EN_8
PILOT_T2_TR_003104,,SFAM_MODE_AVAILABILITY_007,FAM_MODE_AVAILABILITY_007,PARA_MODE_AVAILABILITY_6_3,T2_MEDIUM_V1,service_availability,CHECK_SERVICE_AVAILABILITY,Could you specify Is public transit operational connecting Vadapalani and Thiruvanmiyur (F7)?? #3,hi-en,Latn,CS3,N0,"{""origin"": ""Vadapalani"", ""destination"": ""Thiruvanmiyur"", ""transport_mode"": ""public transit""}","{""origin_id"": ""METRO_VADAPALANI"", ""destination_id"": ""BUS_3247310920""}",ANSWERABLE_WITH_PROVISIONAL_DATA,template_instantiation,TMPL_MODE_AVAILABILITY_HINGLISH_LATN_6
PILOT_T2_TR_003105,,SFAM_TICKETING_AND_PASSES_004,FAM_TICKETING_AND_PASSES_004,PARA_TICKETING_AND_PASSES_3_1,T2_MEDIUM_V1,ticketing_rules,GET_TICKETING_POLICY,"Excuse me, यात्रियों के लिए टूरिस्ट कार्ड प्राप्त करने के नियम और प्रक्रिया क्या हैं? (पास F4) #6",hi,Deva,CS0,N0,"{""ticket_type"": ""tourist_card"", ""transport_mode"": ""पारगमन""}",{},ANSWERABLE_NOW,template_instantiation,TMPL_TICKETING_AND_PASSES_HI_DEVA_3
PILOT_T2_TR_003106,,SFAM_TICKETING_AND_PASSES_005,FAM_TICKETING_AND_PASSES_005,PARA_TICKETING_AND_PASSES_4_2,T2_MEDIUM_V1,ticketing_rules,GET_TICKETING_POLICY,Could you specify student pass recharge karne ka guidelines aur validity rule bataye. [card F5]? #3,hi,Latn,CS0,N0,"{""ticket_type"": ""student_pass"", ""transport_mode"": ""transit""}",{},ANSWERABLE_NOW,template_instantiation,TMPL_TICKETING_AND_PASSES_HI_LATN_4
PILOT_T2_TR_003107,,SFAM_NEAREST_TRANSPORT_013,FAM_NEAREST_TRANSPORT_013,PARA_NEAREST_TRANSPORT_12_3,T2_MEDIUM_V1,nearest_transport,FIND_NEAREST_STATION,Transit query: Find closest public transport access point near Great Lakes Institute (F13) #5,hi-en,Latn,CS3,N1,"{""landmark"": ""Great Lakes Institute"", ""transport_mode"": ""public transport""}","{""place_id"": ""OSM_POI_577328882""}",ANSWERABLE_NOW,template_instantiation,TMPL_NEAREST_TRANSPORT_HINGLISH_LATN_12
PILOT_T2_TR_003108,,SFAM_STATION_FACILITIES_001,FAM_STATION_FACILITIES_001,PARA_STATION_FACILITIES_0_3,T2_MEDIUM_V1,station_facilities,GET_STATION_FACILITY,Quick check: Does Airport station premises include operational car parking (F1)? #4,hi-en,Latn,CS3,N2,"{""station"": ""Airport"", ""facility_type"": ""parking"", ""transport_mode"": ""metro""}","{""station_id"": ""METRO_CHENNAI_INTERNATIONAL_AIRPORT""}",ANSWERABLE_NOW,template_instantiation,TMPL_STATION_FACILITIES_HINGLISH_LATN_0
PILOT_T2_TR_003109,,SFAM_SERVICE_FREQUENCY_018,FAM_SERVICE_FREQUENCY_018,PARA_SERVICE_FREQUENCY_17_3,T2_MEDIUM_V1,service_timing,GET_SERVICE_FREQUENCY,Peak hour frequency and normal headway between Nehru Park and CMBT (F18),hi-en,Latn,CS3,N0,"{""origin"": ""Nehru Park"", ""destination"": ""CMBT"", ""timing_type"": ""frequency"", ""transport_mode"": ""metro""}","{""origin_id"": ""METRO_NEHRU_PARK"", ""destination_id"": ""METRO_PURATCHI_THALAIVI_DR_J_JAYALALITHAA_CMBT""}",ANSWERABLE_NOW,template_instantiation,TMPL_SERVICE_FREQUENCY_HINGLISH_LATN_17
PILOT_T2_TR_003110,,SFAM_STATION_ACCESSIBILITY_004,FAM_STATION_ACCESSIBILITY_004,PARA_STATION_ACCESSIBILITY_3_1,T2_MEDIUM_V1,accessibility,GET_ACCESSIBILITY_INFO,"Excuse me, क्या आलंदूर स्टेशन पर दिव्यांग यात्रियों के लिए एस्केलेटर उपलब्ध है? (सुलभता F4) #6",hi,Deva,CS0,N0,"{""station"": ""आलंदूर"", ""accessibility_feature"": ""escalator"", ""transport_mode"": ""मेट्रो""}","{""station_id"": ""METRO_ARIGNAR_ANNA_ALANDUR""}",ANSWERABLE_NOW,template_instantiation,TMPL_STATION_ACCESSIBILITY_HI_DEVA_3
PILOT_T2_TR_003111,,SFAM_NEAREST_TRANSPORT_004,FAM_NEAREST_TRANSPORT_004,PARA_NEAREST_TRANSPORT_3_2,T2_MEDIUM_V1,nearest_transport,FIND_NEAREST_STATION,Could you specify maritime institute se closest walking distance metro transit point kaunsa hai? [paas F4]? #3,hi,Latn,CS0,N0,"{""landmark"": ""maritime institute"", ""transport_mode"": ""metro""}","{""place_id"": ""OSM_POI_314081186""}",ANSWERABLE_NOW,template_instantiation,TMPL_NEAREST_TRANSPORT_HI_LATN_3
PILOT_T2_TR_003112,,SFAM_REALTIME_STATUS_QUERY_008,FAM_REALTIME_STATUS_QUERY_008,PARA_REALTIME_STATUS_QUERY_7_4,T2_MEDIUM_V1,realtime_status_query,REJECT_UNSUPPORTED_REALTIME,Could you specify High Court se metro live delay status aur real time position tracking F8? #3,hi-en,Deva+Latn,CS4,N0,"{""origin"": ""High Court"", ""transport_mode"": ""metro""}","{""origin_id"": ""METRO_HIGHCOURT""}",REQUIRES_REALTIME_DATA,template_instantiation,TMPL_REALTIME_STATUS_QUERY_MIXED_SCRIPT_CS_7
PILOT_T2_TR_003113,,SFAM_FARE_CALCULATION_014,FAM_FARE_CALCULATION_014,PARA_FARE_CALCULATION_13_0,T2_MEDIUM_V1,fare_query,CALCULATE_FARE,Could you specify What is the single-journey ticket fare from Washermenpet to Airport on metro? [fare F14]? #3,en,Latn,CS0,N0,"{""origin"": ""Washermenpet"", ""destination"": ""Airport"", ""fare_type"": ""token"", ""transport_mode"": ""metro""}","{""origin_id"": ""METRO_WASHERMENPET"", ""destination_id"": ""METRO_CHENNAI_INTERNATIONAL_AIRPORT""}",ANSWERABLE_NOW,template_instantiation,TMPL_FARE_CALCULATION_EN_13
PILOT_T2_TR_003114,,SFAM_STATION_FACILITIES_013,FAM_STATION_FACILITIES_013,PARA_STATION_FACILITIES_12_1,T2_MEDIUM_V1,station_facilities,GET_STATION_FACILITY,Please tell: क्या विमको नगर मेट्रो स्टेशन पर कार पार्किंग की व्यवस्था उपलब्ध है? (सुविधा F13) #2,hi,Deva,CS0,N0,"{""station"": ""विमको नगर"", ""facility_type"": ""parking"", ""transport_mode"": ""मेट्रो""}","{""station_id"": ""METRO_WIMCO_NAGAR""}",ANSWERABLE_NOW,template_instantiation,TMPL_STATION_FACILITIES_HI_DEVA_12
PILOT_T2_TR_003115,,SFAM_ROUTE_STOP_SEQUENCE_016,FAM_ROUTE_STOP_SEQUENCE_016,PARA_ROUTE_STOP_SEQUENCE_15_1,T2_MEDIUM_V1,route_stops,LIST_ROUTE_STOPS,Please tell: बस रूट 21G के सभी ठहरावों की क्रमबद्ध सूची दिखाएं। (क्रम F16) #2,hi,Deva,CS0,N0,"{""route_number"": ""21G"", ""transport_mode"": ""बस""}","{""route_id"": ""GTFS_ROUTE_8458""}",ANSWERABLE_WITH_PROVISIONAL_DATA,template_instantiation,TMPL_ROUTE_STOP_SEQUENCE_HI_DEVA_15
PILOT_T2_TR_003116,,SFAM_REALTIME_STATUS_QUERY_012,FAM_REALTIME_STATUS_QUERY_012,PARA_REALTIME_STATUS_QUERY_11_1,T2_MEDIUM_V1,realtime_status_query,REJECT_UNSUPPORTED_REALTIME,क्या थाउजेंड लाइट्स से आने वाली ट्रेन अभी लेट चल रही है लाइव स्थिति बताएं? (ताज़ा F12),hi,Deva,CS0,N1,"{""origin"": ""थाउजेंड लाइट्स"", ""transport_mode"": ""ट्रेन""}","{""origin_id"": ""METRO_THOUSAND_LIGHTS""}",REQUIRES_REALTIME_DATA,template_instantiation,TMPL_REALTIME_STATUS_QUERY_HI_DEVA_11
PILOT_T2_TR_003117,,SFAM_MULTIMODAL_ROUTE_020,FAM_MULTIMODAL_ROUTE_020,PARA_MULTIMODAL_ROUTE_19_3,T2_MEDIUM_V1,route_query,PLAN_MULTIMODAL_ROUTE,Could you specify Can you give combined bus and train route from Velachery to Vadapalani (F20)?? #3,hi-en,Latn,CS3,N0,"{""origin"": ""Velachery"", ""destination"": ""Vadapalani"", ""transport_mode"": ""bus and train""}","{""origin_id"": ""BUS_1764308008"", ""destination_id"": ""METRO_VADAPALANI""}",ANSWERABLE_WITH_PROVISIONAL_DATA,template_instantiation,TMPL_MULTIMODAL_ROUTE_HINGLISH_LATN_19
PILOT_T2_TR_003118,,SFAM_REALTIME_STATUS_QUERY_002,FAM_REALTIME_STATUS_QUERY_002,PARA_REALTIME_STATUS_QUERY_1_3,T2_MEDIUM_V1,realtime_status_query,REJECT_UNSUPPORTED_REALTIME,"Hello assistant, Live crowd density and train arrival countdown at Chennai Central right now (F2) #7",hi-en,Latn,CS3,N0,"{""station"": ""Chennai Central"", ""transport_mode"": ""metro""}","{""station_id"": ""METRO_PURATCHI_THALAIVAR_DR__M_G_RAMACHANDRAN_CENTRAL""}",REQUIRES_REALTIME_DATA,template_instantiation,TMPL_REALTIME_STATUS_QUERY_HINGLISH_LATN_1
PILOT_T2_TR_003119,,SFAM_STATION_FACILITIES_014,FAM_STATION_FACILITIES_014,PARA_STATION_FACILITIES_13_0,T2_MEDIUM_V1,station_facilities,GET_STATION_FACILITY,Quick check: Is two-wheeler bike parking facility available at Washermenpet metro station? [fac F14] #4,en,Latn,CS0,N0,"{""station"": ""Washermenpet"", ""facility_type"": ""two_wheeler_parking"", ""transport_mode"": ""metro""}","{""station_id"": ""METRO_WASHERMENPET""}",ANSWERABLE_NOW,template_instantiation,TMPL_STATION_FACILITIES_EN_13
PILOT_T2_TR_003120,,SFAM_ROUTE_STOP_MEMBERSHIP_009,FAM_ROUTE_STOP_MEMBERSHIP_009,PARA_ROUTE_STOP_MEMBERSHIP_8_0,T2_MEDIUM_V1,route_stops,CHECK_STOP_ON_ROUTE,Does bus route 29A make a scheduled halt at Madurantakam? [chk F9],en,Latn,CS0,N0,"{""route_number"": ""29A"", ""stop"": ""Madurantakam"", ""transport_mode"": ""bus""}","{""route_id"": ""GTFS_ROUTE_18751"", ""stop_id"": ""BUS_5306412986""}",ANSWERABLE_WITH_PROVISIONAL_DATA,template_instantiation,TMPL_ROUTE_STOP_MEMBERSHIP_EN_8
PILOT_T2_TR_003121,,SFAM_ROUTE_STOP_MEMBERSHIP_009,FAM_ROUTE_STOP_MEMBERSHIP_009,PARA_ROUTE_STOP_MEMBERSHIP_8_3,T2_MEDIUM_V1,route_stops,CHECK_STOP_ON_ROUTE,Could you specify Verify if Madurantakam bus stop is covered by route 29A (F9)? #3,hi-en,Latn,CS3,N2,"{""route_number"": ""29A"", ""stop"": ""Madurantakam"", ""transport_mode"": ""bus""}","{""route_id"": ""GTFS_ROUTE_18751"", ""stop_id"": ""BUS_5306412986""}",ANSWERABLE_WITH_PROVISIONAL_DATA,template_instantiation,TMPL_ROUTE_STOP_MEMBERSHIP_HINGLISH_LATN_8
PILOT_T2_TR_003122,,SFAM_MULTIMODAL_ROUTE_007,FAM_MULTIMODAL_ROUTE_007,PARA_MULTIMODAL_ROUTE_6_4,T2_MEDIUM_V1,route_query,PLAN_MULTIMODAL_ROUTE,Thiruvanmiyur से Washermenpet multimodal transit connection kaise le plan F7,hi-en,Deva+Latn,CS4,N0,"{""origin"": ""Thiruvanmiyur"", ""destination"": ""Washermenpet"", ""transport_mode"": ""multimodal""}","{""origin_id"": ""BUS_3247310920"", ""destination_id"": ""METRO_WASHERMENPET""}",ANSWERABLE_WITH_PROVISIONAL_DATA,template_instantiation,TMPL_MULTIMODAL_ROUTE_MIXED_SCRIPT_CS_6
PILOT_T2_TR_003123,,SFAM_STATION_ACCESSIBILITY_020,FAM_STATION_ACCESSIBILITY_020,PARA_STATION_ACCESSIBILITY_19_3,T2_MEDIUM_V1,accessibility,GET_ACCESSIBILITY_INFO,Please tell: Verification of accessible escalator stairs support at Pachaiyappa College metro (F20) #2,hi-en,Latn,CS3,N0,"{""station"": ""Pachaiyappa College"", ""accessibility_feature"": ""escalator"", ""transport_mode"": ""metro""}","{""station_id"": ""METRO_PACHAIYAPPA_S_COLLEGE""}",ANSWERABLE_NOW,template_instantiation,TMPL_STATION_ACCESSIBILITY_HINGLISH_LATN_19
PILOT_T2_TR_003124,,SFAM_STATION_ACCESSIBILITY_006,FAM_STATION_ACCESSIBILITY_006,PARA_STATION_ACCESSIBILITY_5_0,T2_MEDIUM_V1,accessibility,GET_ACCESSIBILITY_INFO,Please tell: Are passenger elevator lift provisions available for differently abled passengers at Koyambedu? [a11y F6] #2,en,Latn,CS0,N0,"{""station"": ""Koyambedu"", ""accessibility_feature"": ""lift"", ""transport_mode"": ""metro""}","{""station_id"": ""METRO_KOYAMBEDU""}",ANSWERABLE_NOW,template_instantiation,TMPL_STATION_ACCESSIBILITY_EN_5
PILOT_T2_TR_003125,,SFAM_STATION_FACILITIES_016,FAM_STATION_FACILITIES_016,PARA_STATION_FACILITIES_15_2,T2_MEDIUM_V1,station_facilities,GET_STATION_FACILITY,Please tell: kya saidapet station par passenger cycle stand service available hai? [amenity F16] #2,hi,Latn,CS0,N1,"{""station"": ""saidapet"", ""facility_type"": ""bicycle_stand"", ""transport_mode"": ""metro""}","{""station_id"": ""METRO_SAIDAPET""}",ANSWERABLE_NOW,template_instantiation,TMPL_STATION_FACILITIES_HI_LATN_15
PILOT_T2_TR_003126,,SFAM_MULTIMODAL_ROUTE_015,FAM_MULTIMODAL_ROUTE_015,PARA_MULTIMODAL_ROUTE_14_4,T2_MEDIUM_V1,route_query,PLAN_MULTIMODAL_ROUTE,Bus stand से Chennai Central multimodal transit connection kaise le plan F15,hi-en,Deva+Latn,CS4,N0,"{""origin"": ""Bus stand"", ""destination"": ""Chennai Central"", ""transport_mode"": ""multimodal""}","{""origin_id"": ""BUS_5300484122"", ""destination_id"": ""METRO_PURATCHI_THALAIVAR_DR__M_G_RAMACHANDRAN_CENTRAL""}",ANSWERABLE_WITH_PROVISIONAL_DATA,template_instantiation,TMPL_MULTIMODAL_ROUTE_MIXED_SCRIPT_CS_14
PILOT_T2_TR_003127,,SFAM_TICKETING_AND_PASSES_016,FAM_TICKETING_AND_PASSES_016,PARA_TICKETING_AND_PASSES_15_1,T2_MEDIUM_V1,ticketing_rules,GET_TICKETING_POLICY,Transit query: यात्रियों के लिए टूरिस्ट कार्ड प्राप्त करने के नियम और प्रक्रिया क्या हैं? (पास F16) #5,hi,Deva,CS0,N2,"{""ticket_type"": ""tourist_card"", ""transport_mode"": ""पारगमन""}",{},ANSWERABLE_NOW,template_instantiation,TMPL_TICKETING_AND_PASSES_HI_DEVA_15
PILOT_T2_TR_003128,,SFAM_FARE_CALCULATION_011,FAM_FARE_CALCULATION_011,PARA_FARE_CALCULATION_10_1,T2_MEDIUM_V1,fare_query,CALCULATE_FARE,"Excuse me, एग्मोर से नेहरू पार्क तक का मेट्रो का टोकन किराया कितना रुपया है? (किराया F11) #6",hi,Deva,CS0,N0,"{""origin"": ""एग्मोर"", ""destination"": ""नेहरू पार्क"", ""fare_type"": ""टोकन"", ""transport_mode"": ""मेट्रो""}","{""origin_id"": ""METRO_EGMORE"", ""destination_id"": ""METRO_NEHRU_PARK""}",ANSWERABLE_NOW,template_instantiation,TMPL_FARE_CALCULATION_HI_DEVA_10
PILOT_T2_TR_003129,,SFAM_MULTIMODAL_ROUTE_011,FAM_MULTIMODAL_ROUTE_011,PARA_MULTIMODAL_ROUTE_10_4,T2_MEDIUM_V1,route_query,PLAN_MULTIMODAL_ROUTE,Kalpakkam से Nehru Park multimodal transit connection kaise le plan F11,hi-en,Deva+Latn,CS4,N0,"{""origin"": ""Kalpakkam"", ""destination"": ""Nehru Park"", ""transport_mode"": ""multimodal""}","{""origin_id"": ""BUS_30143150"", ""destination_id"": ""METRO_NEHRU_PARK""}",ANSWERABLE_WITH_PROVISIONAL_DATA,template_instantiation,TMPL_MULTIMODAL_ROUTE_MIXED_SCRIPT_CS_10
PILOT_T2_TR_003130,,SFAM_ROUTE_STOP_SEQUENCE_012,FAM_ROUTE_STOP_SEQUENCE_012,PARA_ROUTE_STOP_SEQUENCE_11_3,T2_MEDIUM_V1,route_stops,LIST_ROUTE_STOPS,Could you specify Full stop order details for bus number 22 CT please provide (F12)? #3,hi-en,Latn,CS3,N2,"{""route_number"": ""22 CT"", ""transport_mode"": ""bus""}","{""route_id"": ""GTFS_ROUTE_18753""}",ANSWERABLE_WITH_PROVISIONAL_DATA,template_instantiation,TMPL_ROUTE_STOP_SEQUENCE_HINGLISH_LATN_11
PILOT_T2_TR_003131,,SFAM_TICKETING_AND_PASSES_012,FAM_TICKETING_AND_PASSES_012,PARA_TICKETING_AND_PASSES_11_0,T2_MEDIUM_V1,ticketing_rules,GET_TICKETING_POLICY,What are the rules and procedure to purchase a National Common Mobility Card for commuters? [pass F12],en,Latn,CS0,N0,"{""ticket_type"": ""ncmc_card"", ""transport_mode"": ""transit""}",{},ANSWERABLE_NOW,template_instantiation,TMPL_TICKETING_AND_PASSES_EN_11
PILOT_T2_TR_003132,,SFAM_SCHEDULED_DEPARTURE_016,FAM_SCHEDULED_DEPARTURE_016,PARA_SCHEDULED_DEPARTURE_15_1,T2_MEDIUM_V1,service_timing,GET_SCHEDULED_DEPARTURES,Please tell: साइदापेट से सुबह 8 बजे छूटने वाली गाड़ियों की समय सारणी दिखाएं। (समय F16) #2,hi,Deva,CS0,N0,"{""origin"": ""साइदापेट"", ""time"": ""सुबह 8 बजे"", ""resolved_time"": ""08:00:00""}","{""origin_id"": ""METRO_SAIDAPET""}",ANSWERABLE_NOW,template_instantiation,TMPL_SCHEDULED_DEPARTURE_HI_DEVA_15
PILOT_T2_TR_003133,,SFAM_MULTIMODAL_ROUTE_007,FAM_MULTIMODAL_ROUTE_007,PARA_MULTIMODAL_ROUTE_6_0,T2_MEDIUM_V1,route_query,PLAN_MULTIMODAL_ROUTE,Could you specify What is the combined bus and metro route from Thiruvanmiyur to Washermenpet? [plan F7]? #3,en,Latn,CS0,N0,"{""origin"": ""Thiruvanmiyur"", ""destination"": ""Washermenpet"", ""transport_mode"": ""multimodal""}","{""origin_id"": ""BUS_3247310920"", ""destination_id"": ""METRO_WASHERMENPET""}",ANSWERABLE_WITH_PROVISIONAL_DATA,template_instantiation,TMPL_MULTIMODAL_ROUTE_EN_6
PILOT_T2_TR_003134,,SFAM_FIRST_AND_LAST_SERVICE_006,FAM_FIRST_AND_LAST_SERVICE_006,PARA_FIRST_AND_LAST_SERVICE_5_4,T2_MEDIUM_V1,service_timing,GET_FIRST_LAST_SERVICE,Koyambedu से Wimco Nagar Depot ki last service aur first train timing information F6,hi-en,Deva+Latn,CS4,N0,"{""origin"": ""Koyambedu"", ""destination"": ""Wimco Nagar Depot"", ""timing_type"": ""first_last"", ""transport_mode"": ""train""}","{""origin_id"": ""METRO_KOYAMBEDU"", ""destination_id"": ""METRO_WIMCO_NAGAR""}",ANSWERABLE_NOW,template_instantiation,TMPL_FIRST_AND_LAST_SERVICE_MIXED_SCRIPT_CS_5
PILOT_T2_TR_003135,,SFAM_MODE_AVAILABILITY_019,FAM_MODE_AVAILABILITY_019,PARA_MODE_AVAILABILITY_18_0,T2_MEDIUM_V1,service_availability,CHECK_SERVICE_AVAILABILITY,Quick check: Are there direct public transport options from Kilpauk to Adyar? [avail F19] #4,en,Latn,CS0,N0,"{""origin"": ""Kilpauk"", ""destination"": ""Adyar"", ""transport_mode"": ""any""}","{""origin_id"": ""METRO_KILPAUK"", ""destination_id"": ""BUS_2587520213""}",ANSWERABLE_WITH_PROVISIONAL_DATA,template_instantiation,TMPL_MODE_AVAILABILITY_EN_18
PILOT_T2_TR_003136,,SFAM_TICKETING_AND_PASSES_004,FAM_TICKETING_AND_PASSES_004,PARA_TICKETING_AND_PASSES_3_0,T2_MEDIUM_V1,ticketing_rules,GET_TICKETING_POLICY,Quick check: What are the rules and procedure to purchase a Tourist One-Day Pass for commuters? [pass F4] #4,en,Latn,CS0,N0,"{""ticket_type"": ""tourist_card"", ""transport_mode"": ""transit""}",{},ANSWERABLE_NOW,template_instantiation,TMPL_TICKETING_AND_PASSES_EN_3
PILOT_T2_TR_003137,,SFAM_TICKETING_AND_PASSES_012,FAM_TICKETING_AND_PASSES_012,PARA_TICKETING_AND_PASSES_11_0,T2_MEDIUM_V1,ticketing_rules,GET_TICKETING_POLICY,Transit query: What are the rules and procedure to purchase a National Common Mobility Card for commuters? [pass F12] #5,en,Latn,CS0,N0,"{""ticket_type"": ""ncmc_card"", ""transport_mode"": ""transit""}",{},ANSWERABLE_NOW,template_instantiation,TMPL_TICKETING_AND_PASSES_EN_11
PILOT_T2_TR_003138,,SFAM_TICKETING_AND_PASSES_009,FAM_TICKETING_AND_PASSES_009,PARA_TICKETING_AND_PASSES_8_2,T2_MEDIUM_V1,ticketing_rules,GET_TICKETING_POLICY,Quick check: qr ticket recharge karne ka guidelines aur validity rule bataye. [card F9] #4,hi,Latn,CS0,N0,"{""ticket_type"": ""qr_ticket"", ""transport_mode"": ""transit""}",{},ANSWERABLE_NOW,template_instantiation,TMPL_TICKETING_AND_PASSES_HI_LATN_8
PILOT_T2_TR_003139,,SFAM_MODE_AVAILABILITY_004,FAM_MODE_AVAILABILITY_004,PARA_MODE_AVAILABILITY_3_3,T2_MEDIUM_V1,service_availability,CHECK_SERVICE_AVAILABILITY,Quick check: Is public transit operational connecting Alandur and Velachery (F4)? #4,hi-en,Latn,CS3,N2,"{""origin"": ""Alandur"", ""destination"": ""Velachery"", ""transport_mode"": ""public transit""}","{""origin_id"": ""METRO_ARIGNAR_ANNA_ALANDUR"", ""destination_id"": ""BUS_1764308008""}",ANSWERABLE_WITH_PROVISIONAL_DATA,template_instantiation,TMPL_MODE_AVAILABILITY_HINGLISH_LATN_3
PILOT_T2_TR_003140,,SFAM_STATION_FACILITIES_016,FAM_STATION_FACILITIES_016,PARA_STATION_FACILITIES_15_0,T2_MEDIUM_V1,station_facilities,GET_STATION_FACILITY,Please tell: Is bicycle parking stand facility available at Saidapet metro station? [fac F16] #2,en,Latn,CS0,N0,"{""station"": ""Saidapet"", ""facility_type"": ""bicycle_stand"", ""transport_mode"": ""metro""}","{""station_id"": ""METRO_SAIDAPET""}",ANSWERABLE_NOW,template_instantiation,TMPL_STATION_FACILITIES_EN_15
PILOT_T2_TR_003141,,SFAM_POINT_TO_POINT_ROUTE_004,FAM_POINT_TO_POINT_ROUTE_004,PARA_POINT_TO_POINT_ROUTE_3_1,T2_MEDIUM_V1,route_query,PLAN_ROUTE,Could you specify आलंदूर से एग्मोर मेट्रो से जाने का रास्ता क्या है? (प्रारूप F4)? #3,hi,Deva,CS0,N0,"{""origin"": ""आलंदूर"", ""destination"": ""एग्मोर"", ""transport_mode"": ""मेट्रो""}","{""origin_id"": ""METRO_ARIGNAR_ANNA_ALANDUR"", ""destination_id"": ""METRO_EGMORE""}",ANSWERABLE_WITH_PROVISIONAL_DATA,template_instantiation,TMPL_POINT_TO_POINT_ROUTE_HI_DEVA_3
PILOT_T2_TR_003142,,SFAM_ROUTE_STOP_SEQUENCE_006,FAM_ROUTE_STOP_SEQUENCE_006,PARA_ROUTE_STOP_SEQUENCE_5_4,T2_MEDIUM_V1,route_stops,LIST_ROUTE_STOPS,Please tell: Route 29C bus के सभी stops ka sequence display karein data F6 #2,hi-en,Deva+Latn,CS4,N0,"{""route_number"": ""29C"", ""transport_mode"": ""bus""}","{""route_id"": ""GTFS_ROUTE_8631""}",ANSWERABLE_WITH_PROVISIONAL_DATA,template_instantiation,TMPL_ROUTE_STOP_SEQUENCE_MIXED_SCRIPT_CS_5
PILOT_T2_TR_003143,,SFAM_OUT_OF_SCOPE_003,FAM_OUT_OF_SCOPE_003,PARA_OUT_OF_SCOPE_2_1,T2_MEDIUM_V1,out_of_scope,REJECT_OUT_OF_SCOPE,गिंडी के निकटतम सबसे अच्छे रेस्टोरेंट और भोजनालय की सूची दें। (बाहर F3),hi,Deva,CS0,N0,"{""station"": ""गिंडी""}","{""station_id"": ""METRO_GUINDY""}",OUT_OF_SCOPE,template_instantiation,TMPL_OUT_OF_SCOPE_HI_DEVA_2
PILOT_T2_TR_003144,,SFAM_INTERCHANGE_TRANSFER_016,FAM_INTERCHANGE_TRANSFER_016,PARA_INTERCHANGE_TRANSFER_15_3,T2_MEDIUM_V1,interchange_query,GET_INTERCHANGE_DETAILS,Could you specify Transfer walking time and directions at Saidapet multimodal terminal (F16)? #3,hi-en,Latn,CS3,N0,"{""station"": ""Saidapet"", ""facility_type"": ""interchange""}","{""station_id"": ""METRO_SAIDAPET""}",ANSWERABLE_AFTER_MANUAL_VERIFICATION,template_instantiation,TMPL_INTERCHANGE_TRANSFER_HINGLISH_LATN_15
PILOT_T2_TR_003145,,SFAM_STATION_ACCESSIBILITY_008,FAM_STATION_ACCESSIBILITY_008,PARA_STATION_ACCESSIBILITY_7_1,T2_MEDIUM_V1,accessibility,GET_ACCESSIBILITY_INFO,Transit query: क्या हाई कोर्ट स्टेशन पर दिव्यांग यात्रियों के लिए एस्केलेटर उपलब्ध है? (सुलभता F8) #5,hi,Deva,CS0,N2,"{""station"": ""हाई कोर्ट"", ""accessibility_feature"": ""escalator"", ""transport_mode"": ""मेट्रो""}","{""station_id"": ""METRO_HIGHCOURT""}",ANSWERABLE_NOW,template_instantiation,TMPL_STATION_ACCESSIBILITY_HI_DEVA_7
PILOT_T2_TR_003146,,SFAM_NEAREST_TRANSPORT_010,FAM_NEAREST_TRANSPORT_010,PARA_NEAREST_TRANSPORT_9_2,T2_MEDIUM_V1,nearest_transport,FIND_NEAREST_STATION,Please tell: padalam hospital se closest walking distance metro transit point kaunsa hai? [paas F10] #2,hi,Latn,CS0,N1,"{""landmark"": ""padalam hospital"", ""transport_mode"": ""metro""}","{""place_id"": ""OSM_POI_7257518724""}",ANSWERABLE_NOW,template_instantiation,TMPL_NEAREST_TRANSPORT_HI_LATN_9
PILOT_T2_TR_003147,,SFAM_INTERCHANGE_TRANSFER_007,FAM_INTERCHANGE_TRANSFER_007,PARA_INTERCHANGE_TRANSFER_6_1,T2_MEDIUM_V1,interchange_query,GET_INTERCHANGE_DETAILS,Transit query: वडपलनी इंटरचेंज पर दूसरी लाइन में ट्रांसफर करने का मार्ग क्या है? (बदलाव F7) #5,hi,Deva,CS0,N2,"{""station"": ""वडपलनी"", ""facility_type"": ""इंटरचेंज""}","{""station_id"": ""METRO_VADAPALANI""}",ANSWERABLE_AFTER_MANUAL_VERIFICATION,template_instantiation,TMPL_INTERCHANGE_TRANSFER_HI_DEVA_6
PILOT_T2_TR_003148,,SFAM_MODE_AVAILABILITY_005,FAM_MODE_AVAILABILITY_005,PARA_MODE_AVAILABILITY_4_4,T2_MEDIUM_V1,service_availability,CHECK_SERVICE_AVAILABILITY,क्या CMBT से Besant Nagar transport line active hai mode info F5,hi-en,Deva+Latn,CS4,N0,"{""origin"": ""CMBT"", ""destination"": ""Besant Nagar"", ""transport_mode"": ""transport""}","{""origin_id"": ""METRO_PURATCHI_THALAIVI_DR_J_JAYALALITHAA_CMBT"", ""destination_id"": ""BUS_417750654""}",ANSWERABLE_WITH_PROVISIONAL_DATA,template_instantiation,TMPL_MODE_AVAILABILITY_MIXED_SCRIPT_CS_4
PILOT_T2_TR_003149,,SFAM_REALTIME_STATUS_QUERY_017,FAM_REALTIME_STATUS_QUERY_017,PARA_REALTIME_STATUS_QUERY_16_1,T2_MEDIUM_V1,realtime_status_query,REJECT_UNSUPPORTED_REALTIME,Could you specify क्या सेंट थॉमस माउंट से आने वाली ट्रेन अभी लेट चल रही है लाइव स्थिति बताएं? (ताज़ा F17)? #3,hi,Deva,CS0,N0,"{""origin"": ""सेंट थॉमस माउंट"", ""transport_mode"": ""ट्रेन""}","{""origin_id"": ""METRO_ST__THOMAS_MOUNT""}",REQUIRES_REALTIME_DATA,template_instantiation,TMPL_REALTIME_STATUS_QUERY_HI_DEVA_16
PILOT_T2_TR_003150,,SFAM_MULTIMODAL_ROUTE_008,FAM_MULTIMODAL_ROUTE_008,PARA_MULTIMODAL_ROUTE_7_1,T2_MEDIUM_V1,route_query,PLAN_MULTIMODAL_ROUTE,मायलापुर से लिटिल माउंट बस और मेट्रो मिलाकर सबसे तेज़ मार्ग कौन सा है? (योजना F8),hi,Deva,CS0,N0,"{""origin"": ""मायलापुर"", ""destination"": ""लिटिल माउंट"", ""transport_mode"": ""बस और मेट्रो""}","{""origin_id"": ""BUS_410614381"", ""destination_id"": ""METRO_LITTLE_MOUNT""}",ANSWERABLE_WITH_PROVISIONAL_DATA,template_instantiation,TMPL_MULTIMODAL_ROUTE_HI_DEVA_7
PILOT_T2_TR_003151,,SFAM_MULTIMODAL_ROUTE_001,FAM_MULTIMODAL_ROUTE_001,PARA_MULTIMODAL_ROUTE_0_1,T2_MEDIUM_V1,route_query,PLAN_MULTIMODAL_ROUTE,Quick check: तांबरम से हाई कोर्ट बस और मेट्रो मिलाकर सबसे तेज़ मार्ग कौन सा है? (योजना F1) #4,hi,Deva,CS0,N0,"{""origin"": ""तांबरम"", ""destination"": ""हाई कोर्ट"", ""transport_mode"": ""बस और मेट्रो""}","{""origin_id"": ""BUS_5304399879"", ""destination_id"": ""METRO_HIGHCOURT""}",ANSWERABLE_WITH_PROVISIONAL_DATA,template_instantiation,TMPL_MULTIMODAL_ROUTE_HI_DEVA_0
PILOT_T2_TR_003152,,SFAM_MODE_AVAILABILITY_003,FAM_MODE_AVAILABILITY_003,PARA_MODE_AVAILABILITY_2_1,T2_MEDIUM_V1,service_availability,CHECK_SERVICE_AVAILABILITY,Please tell: क्या गिंडी से अडयार के लिए कोई सार्वजनिक बस या ट्रेन उपलब्ध है? (उपलब्धता F3) #2,hi,Deva,CS0,N0,"{""origin"": ""गिंडी"", ""destination"": ""अडयार"", ""transport_mode"": ""सार्वजनिक बस या ट्रेन""}","{""origin_id"": ""METRO_GUINDY"", ""destination_id"": ""BUS_2587520213""}",ANSWERABLE_WITH_PROVISIONAL_DATA,template_instantiation,TMPL_MODE_AVAILABILITY_HI_DEVA_2
PILOT_T2_TR_003153,,SFAM_ROUTE_STOP_SEQUENCE_019,FAM_ROUTE_STOP_SEQUENCE_019,PARA_ROUTE_STOP_SEQUENCE_18_0,T2_MEDIUM_V1,route_stops,LIST_ROUTE_STOPS,Please tell: List every intermediate stop along route 570 in order. [seq F19] #2,en,Latn,CS0,N0,"{""route_number"": ""570"", ""transport_mode"": ""bus""}","{""route_id"": ""GTFS_ROUTE_17967""}",ANSWERABLE_WITH_PROVISIONAL_DATA,template_instantiation,TMPL_ROUTE_STOP_SEQUENCE_EN_18
PILOT_T2_TR_003154,,SFAM_NEAREST_TRANSPORT_012,FAM_NEAREST_TRANSPORT_012,PARA_NEAREST_TRANSPORT_11_2,T2_MEDIUM_V1,nearest_transport,FIND_NEAREST_STATION,iit madras se closest walking distance metro transit point kaunsa hai? [paas F12],hi,Latn,CS0,N0,"{""landmark"": ""iit madras"", ""transport_mode"": ""metro""}","{""place_id"": ""OSM_POI_11013406019""}",ANSWERABLE_NOW,template_instantiation,TMPL_NEAREST_TRANSPORT_HI_LATN_11
PILOT_T2_TR_003155,,SFAM_INTERCHANGE_TRANSFER_009,FAM_INTERCHANGE_TRANSFER_009,PARA_INTERCHANGE_TRANSFER_8_0,T2_MEDIUM_V1,interchange_query,GET_INTERCHANGE_DETAILS,Transit query: How do I switch lines to connect towards Saidapet at Thirumangalam interchange? [xfer F9] #5,en,Latn,CS0,N0,"{""station"": ""Thirumangalam"", ""destination"": ""Saidapet"", ""facility_type"": ""interchange""}","{""station_id"": ""METRO_THIRUMANGALAM"", ""destination_id"": ""METRO_SAIDAPET""}",ANSWERABLE_AFTER_MANUAL_VERIFICATION,template_instantiation,TMPL_INTERCHANGE_TRANSFER_EN_8
PILOT_T2_TR_003156,,SFAM_POINT_TO_POINT_ROUTE_004,FAM_POINT_TO_POINT_ROUTE_004,PARA_POINT_TO_POINT_ROUTE_3_4,T2_MEDIUM_V1,route_query,PLAN_ROUTE,Please tell: Alandur से Egmore direct metro connection bataye route plan F4 #2,hi-en,Deva+Latn,CS4,N0,"{""origin"": ""Alandur"", ""destination"": ""Egmore"", ""transport_mode"": ""metro""}","{""origin_id"": ""METRO_ARIGNAR_ANNA_ALANDUR"", ""destination_id"": ""METRO_EGMORE""}",ANSWERABLE_WITH_PROVISIONAL_DATA,template_instantiation,TMPL_POINT_TO_POINT_ROUTE_MIXED_SCRIPT_CS_3
PILOT_T2_TR_003157,,SFAM_MODE_AVAILABILITY_008,FAM_MODE_AVAILABILITY_008,PARA_MODE_AVAILABILITY_7_2,T2_MEDIUM_V1,service_availability,CHECK_SERVICE_AVAILABILITY,Could you specify high court se mylapore tak direct transit options available hain kya? [suvidha F8]? #3,hi,Latn,CS0,N0,"{""origin"": ""high court"", ""destination"": ""mylapore"", ""transport_mode"": ""any""}","{""origin_id"": ""METRO_HIGHCOURT"", ""destination_id"": ""BUS_410614381""}",ANSWERABLE_WITH_PROVISIONAL_DATA,template_instantiation,TMPL_MODE_AVAILABILITY_HI_LATN_7
PILOT_T2_TR_003158,,SFAM_OUT_OF_SCOPE_009,FAM_OUT_OF_SCOPE_009,PARA_OUT_OF_SCOPE_8_2,T2_MEDIUM_V1,out_of_scope,REJECT_OUT_OF_SCOPE,Could you specify thirumangalam airport terminal ke flight delay timings check kijiye. [bahar F9]? #3,hi,Latn,CS0,N0,"{""station"": ""thirumangalam""}","{""station_id"": ""METRO_THIRUMANGALAM""}",OUT_OF_SCOPE,template_instantiation,TMPL_OUT_OF_SCOPE_HI_LATN_8
PILOT_T2_TR_003159,,SFAM_FARE_CALCULATION_003,FAM_FARE_CALCULATION_003,PARA_FARE_CALCULATION_2_1,T2_MEDIUM_V1,fare_query,CALCULATE_FARE,गिंडी से अन्ना नगर टावर तक का मेट्रो का टोकन किराया कितना रुपया है? (किराया F3),hi,Deva,CS0,N0,"{""origin"": ""गिंडी"", ""destination"": ""अन्ना नगर टावर"", ""fare_type"": ""टोकन"", ""transport_mode"": ""मेट्रो""}","{""origin_id"": ""METRO_GUINDY"", ""destination_id"": ""METRO_ANNA_NAGAR_TOWER""}",ANSWERABLE_NOW,template_instantiation,TMPL_FARE_CALCULATION_HI_DEVA_2
PILOT_T2_TR_003160,,SFAM_SERVICE_FREQUENCY_019,FAM_SERVICE_FREQUENCY_019,PARA_SERVICE_FREQUENCY_18_3,T2_MEDIUM_V1,service_timing,GET_SERVICE_FREQUENCY,Peak hour frequency and normal headway between Kilpauk and Koyambedu (F19),hi-en,Latn,CS3,N0,"{""origin"": ""Kilpauk"", ""destination"": ""Koyambedu"", ""timing_type"": ""frequency"", ""transport_mode"": ""metro""}","{""origin_id"": ""METRO_KILPAUK"", ""destination_id"": ""METRO_KOYAMBEDU""}",ANSWERABLE_NOW,template_instantiation,TMPL_SERVICE_FREQUENCY_HINGLISH_LATN_18
PILOT_T2_TR_003161,,SFAM_MODE_AVAILABILITY_007,FAM_MODE_AVAILABILITY_007,PARA_MODE_AVAILABILITY_6_2,T2_MEDIUM_V1,service_availability,CHECK_SERVICE_AVAILABILITY,Could you specify vadapalani se thiruvanmiyur tak direct transit options available hain kya? [suvidha F7]? #3,hi,Latn,CS0,N0,"{""origin"": ""vadapalani"", ""destination"": ""thiruvanmiyur"", ""transport_mode"": ""any""}","{""origin_id"": ""METRO_VADAPALANI"", ""destination_id"": ""BUS_3247310920""}",ANSWERABLE_WITH_PROVISIONAL_DATA,template_instantiation,TMPL_MODE_AVAILABILITY_HI_LATN_6
PILOT_T2_TR_003162,,SFAM_FIRST_AND_LAST_SERVICE_015,FAM_FIRST_AND_LAST_SERVICE_015,PARA_FIRST_AND_LAST_SERVICE_14_4,T2_MEDIUM_V1,service_timing,GET_FIRST_LAST_SERVICE,Little Mount से Chennai Central ki last service aur first train timing information F15,hi-en,Deva+Latn,CS4,N0,"{""origin"": ""Little Mount"", ""destination"": ""Chennai Central"", ""timing_type"": ""first_last"", ""transport_mode"": ""train""}","{""origin_id"": ""METRO_LITTLE_MOUNT"", ""destination_id"": ""METRO_PURATCHI_THALAIVAR_DR__M_G_RAMACHANDRAN_CENTRAL""}",ANSWERABLE_NOW,template_instantiation,TMPL_FIRST_AND_LAST_SERVICE_MIXED_SCRIPT_CS_14
PILOT_T2_TR_003163,,SFAM_ROUTE_STOP_SEQUENCE_006,FAM_ROUTE_STOP_SEQUENCE_006,PARA_ROUTE_STOP_SEQUENCE_5_1,T2_MEDIUM_V1,route_stops,LIST_ROUTE_STOPS,बस रूट 29C के सभी ठहरावों की क्रमबद्ध सूची दिखाएं। (क्रम F6),hi,Deva,CS0,N0,"{""route_number"": ""29C"", ""transport_mode"": ""बस""}","{""route_id"": ""GTFS_ROUTE_8631""}",ANSWERABLE_WITH_PROVISIONAL_DATA,template_instantiation,TMPL_ROUTE_STOP_SEQUENCE_HI_DEVA_5
PILOT_T2_TR_003164,,SFAM_MODE_AVAILABILITY_004,FAM_MODE_AVAILABILITY_004,PARA_MODE_AVAILABILITY_3_2,T2_MEDIUM_V1,service_availability,CHECK_SERVICE_AVAILABILITY,Could you specify alandur se velachery tak direct transit options available hain kya? [suvidha F4]? #3,hi,Latn,CS0,N0,"{""origin"": ""alandur"", ""destination"": ""velachery"", ""transport_mode"": ""any""}","{""origin_id"": ""METRO_ARIGNAR_ANNA_ALANDUR"", ""destination_id"": ""BUS_1764308008""}",ANSWERABLE_WITH_PROVISIONAL_DATA,template_instantiation,TMPL_MODE_AVAILABILITY_HI_LATN_3
PILOT_T2_TR_003165,,SFAM_STATION_FACILITIES_020,FAM_STATION_FACILITIES_020,PARA_STATION_FACILITIES_19_0,T2_MEDIUM_V1,station_facilities,GET_STATION_FACILITY,Could you specify Is bicycle parking stand facility available at Pachaiyappa College metro station? [fac F20]? #3,en,Latn,CS0,N0,"{""station"": ""Pachaiyappa College"", ""facility_type"": ""bicycle_stand"", ""transport_mode"": ""metro""}","{""station_id"": ""METRO_PACHAIYAPPA_S_COLLEGE""}",ANSWERABLE_NOW,template_instantiation,TMPL_STATION_FACILITIES_EN_19
PILOT_T2_TR_003166,,SFAM_STATION_FACILITIES_002,FAM_STATION_FACILITIES_002,PARA_STATION_FACILITIES_1_0,T2_MEDIUM_V1,station_facilities,GET_STATION_FACILITY,Please tell: Is two-wheeler bike parking facility available at Chennai Central metro station? [fac F2] #2,en,Latn,CS0,N0,"{""station"": ""Chennai Central"", ""facility_type"": ""two_wheeler_parking"", ""transport_mode"": ""metro""}","{""station_id"": ""METRO_PURATCHI_THALAIVAR_DR__M_G_RAMACHANDRAN_CENTRAL""}",ANSWERABLE_NOW,template_instantiation,TMPL_STATION_FACILITIES_EN_1
PILOT_T2_TR_003167,,SFAM_OUT_OF_SCOPE_017,FAM_OUT_OF_SCOPE_017,PARA_OUT_OF_SCOPE_16_3,T2_MEDIUM_V1,out_of_scope,REJECT_OUT_OF_SCOPE,Could you specify What is the general weather rain forecast in Chennai near Mother Child Hospital today (F17)?? #3,hi-en,Latn,CS3,N0,"{""landmark"": ""Mother Child Hospital""}","{""place_id"": ""OSM_POI_7257518731""}",OUT_OF_SCOPE,template_instantiation,TMPL_OUT_OF_SCOPE_HINGLISH_LATN_16
PILOT_T2_TR_003168,,SFAM_STATION_FACILITIES_018,FAM_STATION_FACILITIES_018,PARA_STATION_FACILITIES_17_3,T2_MEDIUM_V1,station_facilities,GET_STATION_FACILITY,Quick check: Does Nehru Park station premises include operational two-wheeler bike parking (F18)? #4,hi-en,Latn,CS3,N0,"{""station"": ""Nehru Park"", ""facility_type"": ""two_wheeler_parking"", ""transport_mode"": ""metro""}","{""station_id"": ""METRO_NEHRU_PARK""}",ANSWERABLE_NOW,template_instantiation,TMPL_STATION_FACILITIES_HINGLISH_LATN_17
PILOT_T2_TR_003169,,SFAM_INTERCHANGE_TRANSFER_011,FAM_INTERCHANGE_TRANSFER_011,PARA_INTERCHANGE_TRANSFER_10_3,T2_MEDIUM_V1,interchange_query,GET_INTERCHANGE_DETAILS,"Excuse me, Transfer walking time and directions at Egmore multimodal terminal (F11) #6",hi-en,Latn,CS3,N2,"{""station"": ""Egmore"", ""facility_type"": ""interchange""}","{""station_id"": ""METRO_EGMORE""}",ANSWERABLE_AFTER_MANUAL_VERIFICATION,template_instantiation,TMPL_INTERCHANGE_TRANSFER_HINGLISH_LATN_10
PILOT_T2_TR_003170,,SFAM_MODE_AVAILABILITY_003,FAM_MODE_AVAILABILITY_003,PARA_MODE_AVAILABILITY_2_2,T2_MEDIUM_V1,service_availability,CHECK_SERVICE_AVAILABILITY,Quick check: guindy se adyar tak direct transit options available hain kya? [suvidha F3] #4,hi,Latn,CS0,N0,"{""origin"": ""guindy"", ""destination"": ""adyar"", ""transport_mode"": ""any""}","{""origin_id"": ""METRO_GUINDY"", ""destination_id"": ""BUS_2587520213""}",ANSWERABLE_WITH_PROVISIONAL_DATA,template_instantiation,TMPL_MODE_AVAILABILITY_HI_LATN_2
PILOT_T2_TR_003171,,SFAM_TICKETING_AND_PASSES_015,FAM_TICKETING_AND_PASSES_015,PARA_TICKETING_AND_PASSES_14_0,T2_MEDIUM_V1,ticketing_rules,GET_TICKETING_POLICY,Quick check: What are the rules and procedure to purchase a WhatsApp QR Ticket for commuters? [pass F15] #4,en,Latn,CS0,N0,"{""ticket_type"": ""qr_ticket"", ""transport_mode"": ""transit""}",{},ANSWERABLE_NOW,template_instantiation,TMPL_TICKETING_AND_PASSES_EN_14
PILOT_T2_TR_003172,,SFAM_INTERCHANGE_TRANSFER_014,FAM_INTERCHANGE_TRANSFER_014,PARA_INTERCHANGE_TRANSFER_13_1,T2_MEDIUM_V1,interchange_query,GET_INTERCHANGE_DETAILS,Please tell: वॉशरमैनपेट इंटरचेंज पर दूसरी लाइन में ट्रांसफर करने का मार्ग क्या है? (बदलाव F14) #2,hi,Deva,CS0,N0,"{""station"": ""वॉशरमैनपेट"", ""facility_type"": ""इंटरचेंज""}","{""station_id"": ""METRO_WASHERMENPET""}",ANSWERABLE_AFTER_MANUAL_VERIFICATION,template_instantiation,TMPL_INTERCHANGE_TRANSFER_HI_DEVA_13
PILOT_T2_TR_003173,,SFAM_SERVICE_FREQUENCY_011,FAM_SERVICE_FREQUENCY_011,PARA_SERVICE_FREQUENCY_10_3,T2_MEDIUM_V1,service_timing,GET_SERVICE_FREQUENCY,Please tell: Peak hour frequency and normal headway between Egmore and Nehru Park (F11) #2,hi-en,Latn,CS3,N1,"{""origin"": ""Egmore"", ""destination"": ""Nehru Park"", ""timing_type"": ""frequency"", ""transport_mode"": ""metro""}","{""origin_id"": ""METRO_EGMORE"", ""destination_id"": ""METRO_NEHRU_PARK""}",ANSWERABLE_NOW,template_instantiation,TMPL_SERVICE_FREQUENCY_HINGLISH_LATN_10
PILOT_T2_TR_003174,,SFAM_OUT_OF_SCOPE_005,FAM_OUT_OF_SCOPE_005,PARA_OUT_OF_SCOPE_4_3,T2_MEDIUM_V1,out_of_scope,REJECT_OUT_OF_SCOPE,"Excuse me, What is the general weather rain forecast in Chennai near Maruthi Hospital today (F5)? #6",hi-en,Latn,CS3,N0,"{""landmark"": ""Maruthi Hospital""}","{""place_id"": ""OSM_POI_7820652140""}",OUT_OF_SCOPE,template_instantiation,TMPL_OUT_OF_SCOPE_HINGLISH_LATN_4
PILOT_T2_TR_003175,,SFAM_FIRST_AND_LAST_SERVICE_009,FAM_FIRST_AND_LAST_SERVICE_009,PARA_FIRST_AND_LAST_SERVICE_8_1,T2_MEDIUM_V1,service_timing,GET_FIRST_LAST_SERVICE,तिरुमंगलम से साइदापेट के लिए पहली और आखिरी ट्रेन का समय क्या है? (समय F9),hi,Deva,CS0,N0,"{""origin"": ""तिरुमंगलम"", ""destination"": ""साइदापेट"", ""timing_type"": ""first_last"", ""transport_mode"": ""ट्रेन""}","{""origin_id"": ""METRO_THIRUMANGALAM"", ""destination_id"": ""METRO_SAIDAPET""}",ANSWERABLE_NOW,template_instantiation,TMPL_FIRST_AND_LAST_SERVICE_HI_DEVA_8
PILOT_T2_TR_003176,,SFAM_INTERCHANGE_TRANSFER_003,FAM_INTERCHANGE_TRANSFER_003,PARA_INTERCHANGE_TRANSFER_2_1,T2_MEDIUM_V1,interchange_query,GET_INTERCHANGE_DETAILS,Please tell: गिंडी इंटरचेंज पर दूसरी लाइन में ट्रांसफर करने का मार्ग क्या है? (बदलाव F3) #2,hi,Deva,CS0,N0,"{""station"": ""गिंडी"", ""facility_type"": ""इंटरचेंज""}","{""station_id"": ""METRO_GUINDY""}",ANSWERABLE_AFTER_MANUAL_VERIFICATION,template_instantiation,TMPL_INTERCHANGE_TRANSFER_HI_DEVA_2
PILOT_T2_TR_003177,,SFAM_INTERCHANGE_TRANSFER_019,FAM_INTERCHANGE_TRANSFER_019,PARA_INTERCHANGE_TRANSFER_18_1,T2_MEDIUM_V1,interchange_query,GET_INTERCHANGE_DETAILS,Quick check: किल्पौक इंटरचेंज पर दूसरी लाइन में ट्रांसफर करने का मार्ग क्या है? (बदलाव F19) #4,hi,Deva,CS0,N0,"{""station"": ""किल्पौक"", ""facility_type"": ""इंटरचेंज""}","{""station_id"": ""METRO_KILPAUK""}",ANSWERABLE_AFTER_MANUAL_VERIFICATION,template_instantiation,TMPL_INTERCHANGE_TRANSFER_HI_DEVA_18
PILOT_T2_TR_003178,,SFAM_STATION_FACILITIES_005,FAM_STATION_FACILITIES_005,PARA_STATION_FACILITIES_4_3,T2_MEDIUM_V1,station_facilities,GET_STATION_FACILITY,Please tell: Does CMBT station premises include operational car parking (F5)? #2,hi-en,Latn,CS3,N0,"{""station"": ""CMBT"", ""facility_type"": ""parking"", ""transport_mode"": ""metro""}","{""station_id"": ""METRO_PURATCHI_THALAIVI_DR_J_JAYALALITHAA_CMBT""}",ANSWERABLE_NOW,template_instantiation,TMPL_STATION_FACILITIES_HINGLISH_LATN_4
PILOT_T2_TR_003179,,SFAM_INTERCHANGE_TRANSFER_015,FAM_INTERCHANGE_TRANSFER_015,PARA_INTERCHANGE_TRANSFER_14_0,T2_MEDIUM_V1,interchange_query,GET_INTERCHANGE_DETAILS,How do I switch lines to connect towards Chennai Central at Little Mount interchange? [xfer F15],en,Latn,CS0,N0,"{""station"": ""Little Mount"", ""destination"": ""Chennai Central"", ""facility_type"": ""interchange""}","{""station_id"": ""METRO_LITTLE_MOUNT"", ""destination_id"": ""METRO_PURATCHI_THALAIVAR_DR__M_G_RAMACHANDRAN_CENTRAL""}",ANSWERABLE_AFTER_MANUAL_VERIFICATION,template_instantiation,TMPL_INTERCHANGE_TRANSFER_EN_14
PILOT_T2_TR_003180,,SFAM_ROUTE_STOP_SEQUENCE_016,FAM_ROUTE_STOP_SEQUENCE_016,PARA_ROUTE_STOP_SEQUENCE_15_3,T2_MEDIUM_V1,route_stops,LIST_ROUTE_STOPS,Full stop order details for bus number 21G please provide (F16),hi-en,Latn,CS3,N0,"{""route_number"": ""21G"", ""transport_mode"": ""bus""}","{""route_id"": ""GTFS_ROUTE_8458""}",ANSWERABLE_WITH_PROVISIONAL_DATA,template_instantiation,TMPL_ROUTE_STOP_SEQUENCE_HINGLISH_LATN_15
PILOT_T2_TR_003181,,SFAM_MODE_AVAILABILITY_011,FAM_MODE_AVAILABILITY_011,PARA_MODE_AVAILABILITY_10_3,T2_MEDIUM_V1,service_availability,CHECK_SERVICE_AVAILABILITY,Could you specify Is public transit operational connecting Egmore and Kalpakkam (F11)?? #3,hi-en,Latn,CS3,N0,"{""origin"": ""Egmore"", ""destination"": ""Kalpakkam"", ""transport_mode"": ""public transit""}","{""origin_id"": ""METRO_EGMORE"", ""destination_id"": ""BUS_30143150""}",ANSWERABLE_WITH_PROVISIONAL_DATA,template_instantiation,TMPL_MODE_AVAILABILITY_HINGLISH_LATN_10
PILOT_T2_TR_003182,,SFAM_FIRST_AND_LAST_SERVICE_015,FAM_FIRST_AND_LAST_SERVICE_015,PARA_FIRST_AND_LAST_SERVICE_14_0,T2_MEDIUM_V1,service_timing,GET_FIRST_LAST_SERVICE,What time does the earliest and latest train depart Little Mount for Chennai Central? [hrs F15],en,Latn,CS0,N0,"{""origin"": ""Little Mount"", ""destination"": ""Chennai Central"", ""timing_type"": ""first_last"", ""transport_mode"": ""metro""}","{""origin_id"": ""METRO_LITTLE_MOUNT"", ""destination_id"": ""METRO_PURATCHI_THALAIVAR_DR__M_G_RAMACHANDRAN_CENTRAL""}",ANSWERABLE_NOW,template_instantiation,TMPL_FIRST_AND_LAST_SERVICE_EN_14
PILOT_T2_TR_003183,,SFAM_INTERCHANGE_TRANSFER_011,FAM_INTERCHANGE_TRANSFER_011,PARA_INTERCHANGE_TRANSFER_10_1,T2_MEDIUM_V1,interchange_query,GET_INTERCHANGE_DETAILS,Could you specify एग्मोर इंटरचेंज पर दूसरी लाइन में ट्रांसफर करने का मार्ग क्या है? (बदलाव F11)? #3,hi,Deva,CS0,N0,"{""station"": ""एग्मोर"", ""facility_type"": ""इंटरचेंज""}","{""station_id"": ""METRO_EGMORE""}",ANSWERABLE_AFTER_MANUAL_VERIFICATION,template_instantiation,TMPL_INTERCHANGE_TRANSFER_HI_DEVA_10
PILOT_T2_TR_003184,,SFAM_ROUTE_STOP_SEQUENCE_017,FAM_ROUTE_STOP_SEQUENCE_017,PARA_ROUTE_STOP_SEQUENCE_16_0,T2_MEDIUM_V1,route_stops,LIST_ROUTE_STOPS,Please tell: List every intermediate stop along route 102 in order. [seq F17] #2,en,Latn,CS0,N0,"{""route_number"": ""102"", ""transport_mode"": ""bus""}","{""route_id"": ""GTFS_ROUTE_16861""}",ANSWERABLE_WITH_PROVISIONAL_DATA,template_instantiation,TMPL_ROUTE_STOP_SEQUENCE_EN_16
PILOT_T2_TR_003185,,SFAM_SCHEDULED_DEPARTURE_001,FAM_SCHEDULED_DEPARTURE_001,PARA_SCHEDULED_DEPARTURE_0_1,T2_MEDIUM_V1,service_timing,GET_SCHEDULED_DEPARTURES,Please tell: एयरपोर्ट से सुबह 8 बजे छूटने वाली गाड़ियों की समय सारणी दिखाएं। (समय F1) #2,hi,Deva,CS0,N0,"{""origin"": ""एयरपोर्ट"", ""time"": ""सुबह 8 बजे"", ""resolved_time"": ""08:00:00""}","{""origin_id"": ""METRO_CHENNAI_INTERNATIONAL_AIRPORT""}",ANSWERABLE_NOW,template_instantiation,TMPL_SCHEDULED_DEPARTURE_HI_DEVA_0
PILOT_T2_TR_003186,,SFAM_SCHEDULED_DEPARTURE_014,FAM_SCHEDULED_DEPARTURE_014,PARA_SCHEDULED_DEPARTURE_13_3,T2_MEDIUM_V1,service_timing,GET_SCHEDULED_DEPARTURES,Please tell: Washermenpet station se kal 8 baje train schedule kya hoga (F14) #2,hi-en,Latn,CS3,N1,"{""origin"": ""Washermenpet"", ""temporal_relative"": ""kal"", ""resolved_temporal_offset"": ""UNRESOLVED_TEMPORAL_AMBIGUITY"", ""time"": ""8 baje"", ""temporal_ambiguity"": true, ""dual_candidates"": [""08:00:00"", ""20:00:00""]}","{""origin_id"": ""METRO_WASHERMENPET""}",ANSWERABLE_NOW,template_instantiation,TMPL_SCHEDULED_DEPARTURE_HINGLISH_LATN_13
PILOT_T2_TR_003187,,SFAM_MODE_AVAILABILITY_009,FAM_MODE_AVAILABILITY_009,PARA_MODE_AVAILABILITY_8_1,T2_MEDIUM_V1,service_availability,CHECK_SERVICE_AVAILABILITY,क्या तिरुमंगलम से मदुरंतकम के लिए कोई सार्वजनिक बस या ट्रेन उपलब्ध है? (उपलब्धता F9),hi,Deva,CS0,N1,"{""origin"": ""तिरुमंगलम"", ""destination"": ""मदुरंतकम"", ""transport_mode"": ""सार्वजनिक बस या ट्रेन""}","{""origin_id"": ""METRO_THIRUMANGALAM"", ""destination_id"": ""BUS_5306412986""}",ANSWERABLE_WITH_PROVISIONAL_DATA,template_instantiation,TMPL_MODE_AVAILABILITY_HI_DEVA_8
PILOT_T2_TR_003188,,SFAM_MODE_AVAILABILITY_002,FAM_MODE_AVAILABILITY_002,PARA_MODE_AVAILABILITY_1_3,T2_MEDIUM_V1,service_availability,CHECK_SERVICE_AVAILABILITY,Transit query: Is public transit operational connecting Chennai Central and Broadway (F2)? #5,hi-en,Latn,CS3,N0,"{""origin"": ""Chennai Central"", ""destination"": ""Broadway"", ""transport_mode"": ""public transit""}","{""origin_id"": ""METRO_PURATCHI_THALAIVAR_DR__M_G_RAMACHANDRAN_CENTRAL"", ""destination_id"": ""BUS_27618346""}",ANSWERABLE_WITH_PROVISIONAL_DATA,template_instantiation,TMPL_MODE_AVAILABILITY_HINGLISH_LATN_1
PILOT_T2_TR_003189,,SFAM_OUT_OF_SCOPE_014,FAM_OUT_OF_SCOPE_014,PARA_OUT_OF_SCOPE_13_0,T2_MEDIUM_V1,out_of_scope,REJECT_OUT_OF_SCOPE,Transit query: Book a private cab taxi ride from Washermenpet to Airport. [cab F14] #5,en,Latn,CS0,N0,"{""origin"": ""Washermenpet"", ""destination"": ""Airport""}","{""origin_id"": ""METRO_WASHERMENPET"", ""destination_id"": ""METRO_CHENNAI_INTERNATIONAL_AIRPORT""}",OUT_OF_SCOPE,template_instantiation,TMPL_OUT_OF_SCOPE_EN_13
PILOT_T2_TR_003190,,SFAM_INTERCHANGE_TRANSFER_008,FAM_INTERCHANGE_TRANSFER_008,PARA_INTERCHANGE_TRANSFER_7_1,T2_MEDIUM_V1,interchange_query,GET_INTERCHANGE_DETAILS,Please tell: हाई कोर्ट इंटरचेंज पर दूसरी लाइन में ट्रांसफर करने का मार्ग क्या है? (बदलाव F8) #2,hi,Deva,CS0,N0,"{""station"": ""हाई कोर्ट"", ""facility_type"": ""इंटरचेंज""}","{""station_id"": ""METRO_HIGHCOURT""}",ANSWERABLE_AFTER_MANUAL_VERIFICATION,template_instantiation,TMPL_INTERCHANGE_TRANSFER_HI_DEVA_7
PILOT_T2_TR_003191,,SFAM_FARE_CALCULATION_001,FAM_FARE_CALCULATION_001,PARA_FARE_CALCULATION_0_4,T2_MEDIUM_V1,fare_query,CALCULATE_FARE,Please tell: Airport से High Court metro travel ka discounted smart card fare kya hai F1 #2,hi-en,Deva+Latn,CS4,N0,"{""origin"": ""Airport"", ""destination"": ""High Court"", ""ticket_type"": ""smart_card"", ""transport_mode"": ""metro""}","{""origin_id"": ""METRO_CHENNAI_INTERNATIONAL_AIRPORT"", ""destination_id"": ""METRO_HIGHCOURT""}",ANSWERABLE_NOW,template_instantiation,TMPL_FARE_CALCULATION_MIXED_SCRIPT_CS_0
PILOT_T2_TR_003192,,SFAM_MODE_AVAILABILITY_017,FAM_MODE_AVAILABILITY_017,PARA_MODE_AVAILABILITY_16_1,T2_MEDIUM_V1,service_availability,CHECK_SERVICE_AVAILABILITY,Could you specify क्या सेंट थॉमस माउंट से तांबरम के लिए कोई सार्वजनिक बस या ट्रेन उपलब्ध है? (उपलब्धता F17)? #3,hi,Deva,CS0,N0,"{""origin"": ""सेंट थॉमस माउंट"", ""destination"": ""तांबरम"", ""transport_mode"": ""सार्वजनिक बस या ट्रेन""}","{""origin_id"": ""METRO_ST__THOMAS_MOUNT"", ""destination_id"": ""BUS_5304399879""}",ANSWERABLE_WITH_PROVISIONAL_DATA,template_instantiation,TMPL_MODE_AVAILABILITY_HI_DEVA_16
PILOT_T2_TR_003193,,SFAM_OUT_OF_SCOPE_005,FAM_OUT_OF_SCOPE_005,PARA_OUT_OF_SCOPE_4_0,T2_MEDIUM_V1,out_of_scope,REJECT_OUT_OF_SCOPE,"Hello assistant, Book a private cab taxi ride from CMBT to Thousand Lights. [cab F5] #7",en,Latn,CS0,N1,"{""origin"": ""CMBT"", ""destination"": ""Thousand Lights""}","{""origin_id"": ""METRO_PURATCHI_THALAIVI_DR_J_JAYALALITHAA_CMBT"", ""destination_id"": ""METRO_THOUSAND_LIGHTS""}",OUT_OF_SCOPE,template_instantiation,TMPL_OUT_OF_SCOPE_EN_4
PILOT_T2_TR_003194,,SFAM_INTERCHANGE_TRANSFER_015,FAM_INTERCHANGE_TRANSFER_015,PARA_INTERCHANGE_TRANSFER_14_2,T2_MEDIUM_V1,interchange_query,GET_INTERCHANGE_DETAILS,Please tell: little mount hub par metro line change karke chennai central kaise jaye? [platform F15] #2,hi,Latn,CS0,N1,"{""station"": ""little mount"", ""destination"": ""chennai central"", ""facility_type"": ""interchange""}","{""station_id"": ""METRO_LITTLE_MOUNT"", ""destination_id"": ""METRO_PURATCHI_THALAIVAR_DR__M_G_RAMACHANDRAN_CENTRAL""}",ANSWERABLE_AFTER_MANUAL_VERIFICATION,template_instantiation,TMPL_INTERCHANGE_TRANSFER_HI_LATN_14
PILOT_T2_TR_003195,,SFAM_FARE_CALCULATION_015,FAM_FARE_CALCULATION_015,PARA_FARE_CALCULATION_14_3,T2_MEDIUM_V1,fare_query,CALCULATE_FARE,Calculate fare for travel between Little Mount and Chennai Central stations (F15),hi-en,Latn,CS3,N0,"{""origin"": ""Little Mount"", ""destination"": ""Chennai Central"", ""transport_mode"": ""metro""}","{""origin_id"": ""METRO_LITTLE_MOUNT"", ""destination_id"": ""METRO_PURATCHI_THALAIVAR_DR__M_G_RAMACHANDRAN_CENTRAL""}",ANSWERABLE_NOW,template_instantiation,TMPL_FARE_CALCULATION_HINGLISH_LATN_14
PILOT_T2_TR_003196,,SFAM_MODE_AVAILABILITY_019,FAM_MODE_AVAILABILITY_019,PARA_MODE_AVAILABILITY_18_3,T2_MEDIUM_V1,service_availability,CHECK_SERVICE_AVAILABILITY,Please tell: Is public transit operational connecting Kilpauk and Adyar (F19)? #2,hi-en,Latn,CS3,N0,"{""origin"": ""Kilpauk"", ""destination"": ""Adyar"", ""transport_mode"": ""public transit""}","{""origin_id"": ""METRO_KILPAUK"", ""destination_id"": ""BUS_2587520213""}",ANSWERABLE_WITH_PROVISIONAL_DATA,template_instantiation,TMPL_MODE_AVAILABILITY_HINGLISH_LATN_18
PILOT_T2_TR_003197,,SFAM_STATION_FACILITIES_002,FAM_STATION_FACILITIES_002,PARA_STATION_FACILITIES_1_4,T2_MEDIUM_V1,station_facilities,GET_STATION_FACILITY,Could you specify क्या Chennai Central station par passengers ke liye two-wheeler bike parking accessible hai F2? #3,hi-en,Deva+Latn,CS4,N1,"{""station"": ""Chennai Central"", ""facility_type"": ""two_wheeler_parking"", ""transport_mode"": ""metro""}","{""station_id"": ""METRO_PURATCHI_THALAIVAR_DR__M_G_RAMACHANDRAN_CENTRAL""}",ANSWERABLE_NOW,template_instantiation,TMPL_STATION_FACILITIES_MIXED_SCRIPT_CS_1
PILOT_T2_TR_003198,,SFAM_STATION_FACILITIES_010,FAM_STATION_FACILITIES_010,PARA_STATION_FACILITIES_9_2,T2_MEDIUM_V1,station_facilities,GET_STATION_FACILITY,Could you specify kya anna nagar tower station par passenger bike parking service available hai? [amenity F10]? #3,hi,Latn,CS0,N0,"{""station"": ""anna nagar tower"", ""facility_type"": ""two_wheeler_parking"", ""transport_mode"": ""metro""}","{""station_id"": ""METRO_ANNA_NAGAR_TOWER""}",ANSWERABLE_NOW,template_instantiation,TMPL_STATION_FACILITIES_HI_LATN_9
PILOT_T2_TR_003199,,SFAM_REALTIME_STATUS_QUERY_002,FAM_REALTIME_STATUS_QUERY_002,PARA_REALTIME_STATUS_QUERY_1_1,T2_MEDIUM_V1,realtime_status_query,REJECT_UNSUPPORTED_REALTIME,Could you specify क्या चेन्नई सेंट्रल से आने वाली ट्रेन अभी लेट चल रही है लाइव स्थिति बताएं? (ताज़ा F2)? #3,hi,Deva,CS0,N0,"{""origin"": ""चेन्नई सेंट्रल"", ""transport_mode"": ""ट्रेन""}","{""origin_id"": ""METRO_PURATCHI_THALAIVAR_DR__M_G_RAMACHANDRAN_CENTRAL""}",REQUIRES_REALTIME_DATA,template_instantiation,TMPL_REALTIME_STATUS_QUERY_HI_DEVA_1
PILOT_T2_TR_003200,,SFAM_FARE_CALCULATION_004,FAM_FARE_CALCULATION_004,PARA_FARE_CALCULATION_3_1,T2_MEDIUM_V1,fare_query,CALCULATE_FARE,"Excuse me, आलंदूर से एग्मोर तक का मेट्रो का टोकन किराया कितना रुपया है? (किराया F4) #6",hi,Deva,CS0,N0,"{""origin"": ""आलंदूर"", ""destination"": ""एग्मोर"", ""fare_type"": ""टोकन"", ""transport_mode"": ""मेट्रो""}","{""origin_id"": ""METRO_ARIGNAR_ANNA_ALANDUR"", ""destination_id"": ""METRO_EGMORE""}",ANSWERABLE_NOW,template_instantiation,TMPL_FARE_CALCULATION_HI_DEVA_3
PILOT_T2_TR_003201,,SFAM_STATION_FACILITIES_017,FAM_STATION_FACILITIES_017,PARA_STATION_FACILITIES_16_1,T2_MEDIUM_V1,station_facilities,GET_STATION_FACILITY,Quick check: क्या सेंट थॉमस माउंट मेट्रो स्टेशन पर कार पार्किंग की व्यवस्था उपलब्ध है? (सुविधा F17) #4,hi,Deva,CS0,N0,"{""station"": ""सेंट थॉमस माउंट"", ""facility_type"": ""parking"", ""transport_mode"": ""मेट्रो""}","{""station_id"": ""METRO_ST__THOMAS_MOUNT""}",ANSWERABLE_NOW,template_instantiation,TMPL_STATION_FACILITIES_HI_DEVA_16
PILOT_T2_TR_003202,,SFAM_OUT_OF_SCOPE_006,FAM_OUT_OF_SCOPE_006,PARA_OUT_OF_SCOPE_5_1,T2_MEDIUM_V1,out_of_scope,REJECT_OUT_OF_SCOPE,Transit query: कोयम्बेडु के निकटतम सबसे अच्छे रेस्टोरेंट और भोजनालय की सूची दें। (बाहर F6) #5,hi,Deva,CS0,N2,"{""station"": ""कोयम्बेडु""}","{""station_id"": ""METRO_KOYAMBEDU""}",OUT_OF_SCOPE,template_instantiation,TMPL_OUT_OF_SCOPE_HI_DEVA_5
PILOT_T2_TR_003203,,SFAM_MODE_AVAILABILITY_009,FAM_MODE_AVAILABILITY_009,PARA_MODE_AVAILABILITY_8_0,T2_MEDIUM_V1,service_availability,CHECK_SERVICE_AVAILABILITY,"Excuse me, Are there direct public transport options from Thirumangalam to Madurantakam? [avail F9] #6",en,Latn,CS0,N0,"{""origin"": ""Thirumangalam"", ""destination"": ""Madurantakam"", ""transport_mode"": ""any""}","{""origin_id"": ""METRO_THIRUMANGALAM"", ""destination_id"": ""BUS_5306412986""}",ANSWERABLE_WITH_PROVISIONAL_DATA,template_instantiation,TMPL_MODE_AVAILABILITY_EN_8
PILOT_T2_TR_003204,,SFAM_SCHEDULED_DEPARTURE_008,FAM_SCHEDULED_DEPARTURE_008,PARA_SCHEDULED_DEPARTURE_7_3,T2_MEDIUM_V1,service_timing,GET_SCHEDULED_DEPARTURES,High Court station se kal 8 baje train schedule kya hoga (F8),hi-en,Latn,CS3,N0,"{""origin"": ""High Court"", ""temporal_relative"": ""kal"", ""resolved_temporal_offset"": ""UNRESOLVED_TEMPORAL_AMBIGUITY"", ""time"": ""8 baje"", ""temporal_ambiguity"": true, ""dual_candidates"": [""08:00:00"", ""20:00:00""]}","{""origin_id"": ""METRO_HIGHCOURT""}",ANSWERABLE_NOW,template_instantiation,TMPL_SCHEDULED_DEPARTURE_HINGLISH_LATN_7
PILOT_T2_TR_003205,,SFAM_INTERCHANGE_TRANSFER_003,FAM_INTERCHANGE_TRANSFER_003,PARA_INTERCHANGE_TRANSFER_2_2,T2_MEDIUM_V1,interchange_query,GET_INTERCHANGE_DETAILS,Please tell: guindy hub par metro line change karke anna nagar tower kaise jaye? [platform F3] #2,hi,Latn,CS0,N0,"{""station"": ""guindy"", ""destination"": ""anna nagar tower"", ""facility_type"": ""interchange""}","{""station_id"": ""METRO_GUINDY"", ""destination_id"": ""METRO_ANNA_NAGAR_TOWER""}",ANSWERABLE_AFTER_MANUAL_VERIFICATION,template_instantiation,TMPL_INTERCHANGE_TRANSFER_HI_LATN_2
PILOT_T2_TR_003206,,SFAM_NEAREST_TRANSPORT_012,FAM_NEAREST_TRANSPORT_012,PARA_NEAREST_TRANSPORT_11_3,T2_MEDIUM_V1,nearest_transport,FIND_NEAREST_STATION,Could you specify Find closest public transport access point near IIT Madras (F12)? #3,hi-en,Latn,CS3,N0,"{""landmark"": ""IIT Madras"", ""transport_mode"": ""public transport""}","{""place_id"": ""OSM_POI_11013406019""}",ANSWERABLE_NOW,template_instantiation,TMPL_NEAREST_TRANSPORT_HINGLISH_LATN_11
PILOT_T2_TR_003207,,SFAM_SERVICE_FREQUENCY_016,FAM_SERVICE_FREQUENCY_016,PARA_SERVICE_FREQUENCY_15_1,T2_MEDIUM_V1,service_timing,GET_SERVICE_FREQUENCY,Please tell: साइदापेट और गिंडी के बीच मेट्रो हर कितने मिनट के अंतराल पर चलती है? (आवृत्ति F16) #2,hi,Deva,CS0,N0,"{""origin"": ""साइदापेट"", ""destination"": ""गिंडी"", ""timing_type"": ""frequency"", ""transport_mode"": ""मेट्रो""}","{""origin_id"": ""METRO_SAIDAPET"", ""destination_id"": ""METRO_GUINDY""}",ANSWERABLE_NOW,template_instantiation,TMPL_SERVICE_FREQUENCY_HI_DEVA_15
PILOT_T2_TR_003208,,SFAM_MODE_AVAILABILITY_007,FAM_MODE_AVAILABILITY_007,PARA_MODE_AVAILABILITY_6_1,T2_MEDIUM_V1,service_availability,CHECK_SERVICE_AVAILABILITY,क्या वडपलनी से तिरुवान्मियूर के लिए कोई सार्वजनिक बस या ट्रेन उपलब्ध है? (उपलब्धता F7),hi,Deva,CS0,N1,"{""origin"": ""वडपलनी"", ""destination"": ""तिरुवान्मियूर"", ""transport_mode"": ""सार्वजनिक बस या ट्रेन""}","{""origin_id"": ""METRO_VADAPALANI"", ""destination_id"": ""BUS_3247310920""}",ANSWERABLE_WITH_PROVISIONAL_DATA,template_instantiation,TMPL_MODE_AVAILABILITY_HI_DEVA_6
PILOT_T2_TR_003209,,SFAM_ROUTE_STOP_SEQUENCE_002,FAM_ROUTE_STOP_SEQUENCE_002,PARA_ROUTE_STOP_SEQUENCE_1_4,T2_MEDIUM_V1,route_stops,LIST_ROUTE_STOPS,Please tell: Route 102 bus के सभी stops ka sequence display karein data F2 #2,hi-en,Deva+Latn,CS4,N0,"{""route_number"": ""102"", ""transport_mode"": ""bus""}","{""route_id"": ""GTFS_ROUTE_16861""}",ANSWERABLE_WITH_PROVISIONAL_DATA,template_instantiation,TMPL_ROUTE_STOP_SEQUENCE_MIXED_SCRIPT_CS_1
PILOT_T2_TR_003210,,SFAM_POINT_TO_POINT_ROUTE_005,FAM_POINT_TO_POINT_ROUTE_005,PARA_POINT_TO_POINT_ROUTE_4_4,T2_MEDIUM_V1,route_query,PLAN_ROUTE,Please tell: CMBT से Thousand Lights direct metro connection bataye route plan F5 #2,hi-en,Deva+Latn,CS4,N0,"{""origin"": ""CMBT"", ""destination"": ""Thousand Lights"", ""transport_mode"": ""metro""}","{""origin_id"": ""METRO_PURATCHI_THALAIVI_DR_J_JAYALALITHAA_CMBT"", ""destination_id"": ""METRO_THOUSAND_LIGHTS""}",ANSWERABLE_WITH_PROVISIONAL_DATA,template_instantiation,TMPL_POINT_TO_POINT_ROUTE_MIXED_SCRIPT_CS_4
PILOT_T2_TR_003211,,SFAM_TICKETING_AND_PASSES_005,FAM_TICKETING_AND_PASSES_005,PARA_TICKETING_AND_PASSES_4_0,T2_MEDIUM_V1,ticketing_rules,GET_TICKETING_POLICY,"Hello assistant, What are the rules and procedure to purchase a Student Concession Card for commuters? [pass F5] #7",en,Latn,CS0,N1,"{""ticket_type"": ""student_pass"", ""transport_mode"": ""transit""}",{},ANSWERABLE_NOW,template_instantiation,TMPL_TICKETING_AND_PASSES_EN_4
PILOT_T2_TR_003212,,SFAM_TICKETING_AND_PASSES_016,FAM_TICKETING_AND_PASSES_016,PARA_TICKETING_AND_PASSES_15_1,T2_MEDIUM_V1,ticketing_rules,GET_TICKETING_POLICY,यात्रियों के लिए टूरिस्ट कार्ड प्राप्त करने के नियम और प्रक्रिया क्या हैं? (पास F16),hi,Deva,CS0,N1,"{""ticket_type"": ""tourist_card"", ""transport_mode"": ""पारगमन""}",{},ANSWERABLE_NOW,template_instantiation,TMPL_TICKETING_AND_PASSES_HI_DEVA_15
PILOT_T2_TR_003213,,SFAM_INTERCHANGE_TRANSFER_009,FAM_INTERCHANGE_TRANSFER_009,PARA_INTERCHANGE_TRANSFER_8_3,T2_MEDIUM_V1,interchange_query,GET_INTERCHANGE_DETAILS,Quick check: Transfer walking time and directions at Thirumangalam multimodal terminal (F9) #4,hi-en,Latn,CS3,N0,"{""station"": ""Thirumangalam"", ""facility_type"": ""interchange""}","{""station_id"": ""METRO_THIRUMANGALAM""}",ANSWERABLE_AFTER_MANUAL_VERIFICATION,template_instantiation,TMPL_INTERCHANGE_TRANSFER_HINGLISH_LATN_8
PILOT_T2_TR_003214,,SFAM_STATION_ACCESSIBILITY_009,FAM_STATION_ACCESSIBILITY_009,PARA_STATION_ACCESSIBILITY_8_3,T2_MEDIUM_V1,accessibility,GET_ACCESSIBILITY_INFO,Could you specify Verification of accessible wheelchair ramp support at Thirumangalam metro (F9)? #3,hi-en,Latn,CS3,N0,"{""station"": ""Thirumangalam"", ""accessibility_feature"": ""wheelchair"", ""transport_mode"": ""metro""}","{""station_id"": ""METRO_THIRUMANGALAM""}",ANSWERABLE_NOW,template_instantiation,TMPL_STATION_ACCESSIBILITY_HINGLISH_LATN_8
PILOT_T2_TR_003215,,SFAM_TICKETING_AND_PASSES_011,FAM_TICKETING_AND_PASSES_011,PARA_TICKETING_AND_PASSES_10_3,T2_MEDIUM_V1,ticketing_rules,GET_TICKETING_POLICY,Could you specify How can regular passengers apply for and renew Student Concession Card (F11)?? #3,hi-en,Latn,CS3,N0,"{""ticket_type"": ""student_pass"", ""transport_mode"": ""transit""}",{},ANSWERABLE_NOW,template_instantiation,TMPL_TICKETING_AND_PASSES_HINGLISH_LATN_10
PILOT_T2_TR_003216,,SFAM_NEAREST_TRANSPORT_009,FAM_NEAREST_TRANSPORT_009,PARA_NEAREST_TRANSPORT_8_1,T2_MEDIUM_V1,nearest_transport,FIND_NEAREST_STATION,कर्पगा संस्थान के सबसे निकटतम मेट्रो स्टेशन या बस स्टॉप कौन सा है? (निकट F9),hi,Deva,CS0,N1,"{""landmark"": ""कर्पगा संस्थान"", ""transport_mode"": ""मेट्रो या बस""}","{""place_id"": ""OSM_POI_3082849503""}",ANSWERABLE_NOW,template_instantiation,TMPL_NEAREST_TRANSPORT_HI_DEVA_8
PILOT_T2_TR_003217,,SFAM_SCHEDULED_DEPARTURE_005,FAM_SCHEDULED_DEPARTURE_005,PARA_SCHEDULED_DEPARTURE_4_1,T2_MEDIUM_V1,service_timing,GET_SCHEDULED_DEPARTURES,सीएमबीटी से सुबह 8 बजे छूटने वाली गाड़ियों की समय सारणी दिखाएं। (समय F5),hi,Deva,CS0,N0,"{""origin"": ""सीएमबीटी"", ""time"": ""सुबह 8 बजे"", ""resolved_time"": ""08:00:00""}","{""origin_id"": ""METRO_PURATCHI_THALAIVI_DR_J_JAYALALITHAA_CMBT""}",ANSWERABLE_NOW,template_instantiation,TMPL_SCHEDULED_DEPARTURE_HI_DEVA_4
PILOT_T2_TR_003218,,SFAM_INTERCHANGE_TRANSFER_018,FAM_INTERCHANGE_TRANSFER_018,PARA_INTERCHANGE_TRANSFER_17_3,T2_MEDIUM_V1,interchange_query,GET_INTERCHANGE_DETAILS,Please tell: Transfer walking time and directions at Nehru Park multimodal terminal (F18) #2,hi-en,Latn,CS3,N0,"{""station"": ""Nehru Park"", ""facility_type"": ""interchange""}","{""station_id"": ""METRO_NEHRU_PARK""}",ANSWERABLE_AFTER_MANUAL_VERIFICATION,template_instantiation,TMPL_INTERCHANGE_TRANSFER_HINGLISH_LATN_17
PILOT_T2_TR_003219,,SFAM_STATION_FACILITIES_010,FAM_STATION_FACILITIES_010,PARA_STATION_FACILITIES_9_3,T2_MEDIUM_V1,station_facilities,GET_STATION_FACILITY,"Excuse me, Does Anna Nagar Tower station premises include operational two-wheeler bike parking (F10)? #6",hi-en,Latn,CS3,N2,"{""station"": ""Anna Nagar Tower"", ""facility_type"": ""two_wheeler_parking"", ""transport_mode"": ""metro""}","{""station_id"": ""METRO_ANNA_NAGAR_TOWER""}",ANSWERABLE_NOW,template_instantiation,TMPL_STATION_FACILITIES_HINGLISH_LATN_9
PILOT_T2_TR_003220,,SFAM_REALTIME_STATUS_QUERY_016,FAM_REALTIME_STATUS_QUERY_016,PARA_REALTIME_STATUS_QUERY_15_3,T2_MEDIUM_V1,realtime_status_query,REJECT_UNSUPPORTED_REALTIME,Could you specify Live crowd density and train arrival countdown at Saidapet right now (F16)? #3,hi-en,Latn,CS3,N0,"{""station"": ""Saidapet"", ""transport_mode"": ""metro""}","{""station_id"": ""METRO_SAIDAPET""}",REQUIRES_REALTIME_DATA,template_instantiation,TMPL_REALTIME_STATUS_QUERY_HINGLISH_LATN_15
PILOT_T2_TR_003221,,SFAM_REALTIME_STATUS_QUERY_013,FAM_REALTIME_STATUS_QUERY_013,PARA_REALTIME_STATUS_QUERY_12_0,T2_MEDIUM_V1,realtime_status_query,REJECT_UNSUPPORTED_REALTIME,"Excuse me, Where is bus 15 CT8 right now and what is its live location? [live F13] #6",en,Latn,CS0,N0,"{""route_number"": ""15 CT8"", ""transport_mode"": ""bus""}","{""route_id"": ""GTFS_ROUTE_20494""}",REQUIRES_REALTIME_DATA,template_instantiation,TMPL_REALTIME_STATUS_QUERY_EN_12
PILOT_T2_TR_003222,,SFAM_INTERCHANGE_TRANSFER_011,FAM_INTERCHANGE_TRANSFER_011,PARA_INTERCHANGE_TRANSFER_10_0,T2_MEDIUM_V1,interchange_query,GET_INTERCHANGE_DETAILS,Quick check: How do I switch lines to connect towards Nehru Park at Egmore interchange? [xfer F11] #4,en,Latn,CS0,N0,"{""station"": ""Egmore"", ""destination"": ""Nehru Park"", ""facility_type"": ""interchange""}","{""station_id"": ""METRO_EGMORE"", ""destination_id"": ""METRO_NEHRU_PARK""}",ANSWERABLE_AFTER_MANUAL_VERIFICATION,template_instantiation,TMPL_INTERCHANGE_TRANSFER_EN_10
PILOT_T2_TR_003223,,SFAM_SCHEDULED_DEPARTURE_005,FAM_SCHEDULED_DEPARTURE_005,PARA_SCHEDULED_DEPARTURE_4_3,T2_MEDIUM_V1,service_timing,GET_SCHEDULED_DEPARTURES,CMBT station se kal 8 baje train schedule kya hoga (F5),hi-en,Latn,CS3,N1,"{""origin"": ""CMBT"", ""temporal_relative"": ""kal"", ""resolved_temporal_offset"": ""UNRESOLVED_TEMPORAL_AMBIGUITY"", ""time"": ""8 baje"", ""temporal_ambiguity"": true, ""dual_candidates"": [""08:00:00"", ""20:00:00""]}","{""origin_id"": ""METRO_PURATCHI_THALAIVI_DR_J_JAYALALITHAA_CMBT""}",ANSWERABLE_NOW,template_instantiation,TMPL_SCHEDULED_DEPARTURE_HINGLISH_LATN_4
PILOT_T2_TR_003224,,SFAM_OUT_OF_SCOPE_011,FAM_OUT_OF_SCOPE_011,PARA_OUT_OF_SCOPE_10_0,T2_MEDIUM_V1,out_of_scope,REJECT_OUT_OF_SCOPE,Book a private cab taxi ride from Egmore to Nehru Park. [cab F11],en,Latn,CS0,N0,"{""origin"": ""Egmore"", ""destination"": ""Nehru Park""}","{""origin_id"": ""METRO_EGMORE"", ""destination_id"": ""METRO_NEHRU_PARK""}",OUT_OF_SCOPE,template_instantiation,TMPL_OUT_OF_SCOPE_EN_10
PILOT_T2_TR_003225,,SFAM_FIRST_AND_LAST_SERVICE_013,FAM_FIRST_AND_LAST_SERVICE_013,PARA_FIRST_AND_LAST_SERVICE_12_1,T2_MEDIUM_V1,service_timing,GET_FIRST_LAST_SERVICE,विमको नगर से पचैयप्पा कॉलेज के लिए पहली और आखिरी ट्रेन का समय क्या है? (समय F13),hi,Deva,CS0,N0,"{""origin"": ""विमको नगर"", ""destination"": ""पचैयप्पा कॉलेज"", ""timing_type"": ""first_last"", ""transport_mode"": ""ट्रेन""}","{""origin_id"": ""METRO_WIMCO_NAGAR"", ""destination_id"": ""METRO_PACHAIYAPPA_S_COLLEGE""}",ANSWERABLE_NOW,template_instantiation,TMPL_FIRST_AND_LAST_SERVICE_HI_DEVA_12
PILOT_T2_TR_003226,,SFAM_TICKETING_AND_PASSES_020,FAM_TICKETING_AND_PASSES_020,PARA_TICKETING_AND_PASSES_19_3,T2_MEDIUM_V1,ticketing_rules,GET_TICKETING_POLICY,"Excuse me, How can regular passengers apply for and renew Smart Card (F20)? #6",hi-en,Latn,CS3,N1,"{""ticket_type"": ""smart_card"", ""transport_mode"": ""transit""}",{},ANSWERABLE_NOW,template_instantiation,TMPL_TICKETING_AND_PASSES_HINGLISH_LATN_19
PILOT_T2_TR_003227,,SFAM_POINT_TO_POINT_ROUTE_003,FAM_POINT_TO_POINT_ROUTE_003,PARA_POINT_TO_POINT_ROUTE_2_3,T2_MEDIUM_V1,route_query,PLAN_ROUTE,Please tell: Guindy to Anna Nagar Tower metro ride ka best direct route bataiye (F3) #2,hi-en,Latn,CS3,N0,"{""origin"": ""Guindy"", ""destination"": ""Anna Nagar Tower"", ""transport_mode"": ""metro""}","{""origin_id"": ""METRO_GUINDY"", ""destination_id"": ""METRO_ANNA_NAGAR_TOWER""}",ANSWERABLE_WITH_PROVISIONAL_DATA,template_instantiation,TMPL_POINT_TO_POINT_ROUTE_HINGLISH_LATN_2
PILOT_T2_TR_003228,,SFAM_OUT_OF_SCOPE_001,FAM_OUT_OF_SCOPE_001,PARA_OUT_OF_SCOPE_0_4,T2_MEDIUM_V1,out_of_scope,REJECT_OUT_OF_SCOPE,Could you specify Airport ke pass hotel reservation aur movie ticket booking service F1? #3,hi-en,Deva+Latn,CS4,N1,"{""station"": ""Airport""}","{""station_id"": ""METRO_CHENNAI_INTERNATIONAL_AIRPORT""}",OUT_OF_SCOPE,template_instantiation,TMPL_OUT_OF_SCOPE_MIXED_SCRIPT_CS_0
PILOT_T2_TR_003229,,SFAM_MODE_AVAILABILITY_003,FAM_MODE_AVAILABILITY_003,PARA_MODE_AVAILABILITY_2_2,T2_MEDIUM_V1,service_availability,CHECK_SERVICE_AVAILABILITY,Could you specify guindy se adyar tak direct transit options available hain kya? [suvidha F3]? #3,hi,Latn,CS0,N0,"{""origin"": ""guindy"", ""destination"": ""adyar"", ""transport_mode"": ""any""}","{""origin_id"": ""METRO_GUINDY"", ""destination_id"": ""BUS_2587520213""}",ANSWERABLE_WITH_PROVISIONAL_DATA,template_instantiation,TMPL_MODE_AVAILABILITY_HI_LATN_2
PILOT_T2_TR_003230,,SFAM_REALTIME_STATUS_QUERY_012,FAM_REALTIME_STATUS_QUERY_012,PARA_REALTIME_STATUS_QUERY_11_0,T2_MEDIUM_V1,realtime_status_query,REJECT_UNSUPPORTED_REALTIME,Could you specify Where is bus 22 CT right now and what is its live location? [live F12]? #3,en,Latn,CS0,N0,"{""route_number"": ""22 CT"", ""transport_mode"": ""bus""}","{""route_id"": ""GTFS_ROUTE_18753""}",REQUIRES_REALTIME_DATA,template_instantiation,TMPL_REALTIME_STATUS_QUERY_EN_11
PILOT_T2_TR_003231,,SFAM_STATION_FACILITIES_019,FAM_STATION_FACILITIES_019,PARA_STATION_FACILITIES_18_4,T2_MEDIUM_V1,station_facilities,GET_STATION_FACILITY,Please tell: क्या Kilpauk station par passengers ke liye EV vehicle charging accessible hai F19 #2,hi-en,Deva+Latn,CS4,N0,"{""station"": ""Kilpauk"", ""facility_type"": ""ev_charging"", ""transport_mode"": ""metro""}","{""station_id"": ""METRO_KILPAUK""}",ANSWERABLE_NOW,template_instantiation,TMPL_STATION_FACILITIES_MIXED_SCRIPT_CS_18
PILOT_T2_TR_003232,,SFAM_MODE_AVAILABILITY_004,FAM_MODE_AVAILABILITY_004,PARA_MODE_AVAILABILITY_3_0,T2_MEDIUM_V1,service_availability,CHECK_SERVICE_AVAILABILITY,Could you specify Are there direct public transport options from Alandur to Velachery? [avail F4]? #3,en,Latn,CS0,N0,"{""origin"": ""Alandur"", ""destination"": ""Velachery"", ""transport_mode"": ""any""}","{""origin_id"": ""METRO_ARIGNAR_ANNA_ALANDUR"", ""destination_id"": ""BUS_1764308008""}",ANSWERABLE_WITH_PROVISIONAL_DATA,template_instantiation,TMPL_MODE_AVAILABILITY_EN_3
PILOT_T2_TR_003233,,SFAM_MODE_AVAILABILITY_019,FAM_MODE_AVAILABILITY_019,PARA_MODE_AVAILABILITY_18_0,T2_MEDIUM_V1,service_availability,CHECK_SERVICE_AVAILABILITY,Could you specify Are there direct public transport options from Kilpauk to Adyar? [avail F19]? #3,en,Latn,CS0,N0,"{""origin"": ""Kilpauk"", ""destination"": ""Adyar"", ""transport_mode"": ""any""}","{""origin_id"": ""METRO_KILPAUK"", ""destination_id"": ""BUS_2587520213""}",ANSWERABLE_WITH_PROVISIONAL_DATA,template_instantiation,TMPL_MODE_AVAILABILITY_EN_18
PILOT_T2_TR_003234,,SFAM_SCHEDULED_DEPARTURE_020,FAM_SCHEDULED_DEPARTURE_020,PARA_SCHEDULED_DEPARTURE_19_3,T2_MEDIUM_V1,service_timing,GET_SCHEDULED_DEPARTURES,Please tell: Pachaiyappa College station se kal 8 baje train schedule kya hoga (F20) #2,hi-en,Latn,CS3,N1,"{""origin"": ""Pachaiyappa College"", ""temporal_relative"": ""kal"", ""resolved_temporal_offset"": ""UNRESOLVED_TEMPORAL_AMBIGUITY"", ""time"": ""8 baje"", ""temporal_ambiguity"": true, ""dual_candidates"": [""08:00:00"", ""20:00:00""]}","{""origin_id"": ""METRO_PACHAIYAPPA_S_COLLEGE""}",ANSWERABLE_NOW,template_instantiation,TMPL_SCHEDULED_DEPARTURE_HINGLISH_LATN_19
PILOT_T2_TR_003235,,SFAM_FARE_CALCULATION_002,FAM_FARE_CALCULATION_002,PARA_FARE_CALCULATION_1_1,T2_MEDIUM_V1,fare_query,CALCULATE_FARE,Quick check: चेन्नई सेंट्रल से तिरुमंगलम तक का मेट्रो का टोकन किराया कितना रुपया है? (किराया F2) #4,hi,Deva,CS0,N2,"{""origin"": ""चेन्नई सेंट्रल"", ""destination"": ""तिरुमंगलम"", ""fare_type"": ""टोकन"", ""transport_mode"": ""मेट्रो""}","{""origin_id"": ""METRO_PURATCHI_THALAIVAR_DR__M_G_RAMACHANDRAN_CENTRAL"", ""destination_id"": ""METRO_THIRUMANGALAM""}",ANSWERABLE_NOW,template_instantiation,TMPL_FARE_CALCULATION_HI_DEVA_1
PILOT_T2_TR_003236,,SFAM_SERVICE_FREQUENCY_008,FAM_SERVICE_FREQUENCY_008,PARA_SERVICE_FREQUENCY_7_2,T2_MEDIUM_V1,service_timing,GET_SERVICE_FREQUENCY,high court to little mount metro service ka regular interval headway kya hai? [interval F8],hi,Latn,CS0,N0,"{""origin"": ""high court"", ""destination"": ""little mount"", ""timing_type"": ""frequency"", ""transport_mode"": ""metro""}","{""origin_id"": ""METRO_HIGHCOURT"", ""destination_id"": ""METRO_LITTLE_MOUNT""}",ANSWERABLE_NOW,template_instantiation,TMPL_SERVICE_FREQUENCY_HI_LATN_7
PILOT_T2_TR_003237,,SFAM_TICKETING_AND_PASSES_015,FAM_TICKETING_AND_PASSES_015,PARA_TICKETING_AND_PASSES_14_3,T2_MEDIUM_V1,ticketing_rules,GET_TICKETING_POLICY,Please tell: How can regular passengers apply for and renew WhatsApp QR Ticket (F15)? #2,hi-en,Latn,CS3,N0,"{""ticket_type"": ""qr_ticket"", ""transport_mode"": ""transit""}",{},ANSWERABLE_NOW,template_instantiation,TMPL_TICKETING_AND_PASSES_HINGLISH_LATN_14
PILOT_T2_TR_003238,,SFAM_NEAREST_TRANSPORT_012,FAM_NEAREST_TRANSPORT_012,PARA_NEAREST_TRANSPORT_11_0,T2_MEDIUM_V1,nearest_transport,FIND_NEAREST_STATION,Which is the nearest metro station or transit stop to IIT Madras? [loc F12],en,Latn,CS0,N0,"{""landmark"": ""IIT Madras"", ""transport_mode"": ""metro""}","{""place_id"": ""OSM_POI_11013406019""}",ANSWERABLE_NOW,template_instantiation,TMPL_NEAREST_TRANSPORT_EN_11
PILOT_T2_TR_003239,,SFAM_MODE_AVAILABILITY_013,FAM_MODE_AVAILABILITY_013,PARA_MODE_AVAILABILITY_12_1,T2_MEDIUM_V1,service_availability,CHECK_SERVICE_AVAILABILITY,Quick check: क्या विमको नगर से नेलवॉय के लिए कोई सार्वजनिक बस या ट्रेन उपलब्ध है? (उपलब्धता F13) #4,hi,Deva,CS0,N0,"{""origin"": ""विमको नगर"", ""destination"": ""नेलवॉय"", ""transport_mode"": ""सार्वजनिक बस या ट्रेन""}","{""origin_id"": ""METRO_WIMCO_NAGAR"", ""destination_id"": ""BUS_469106564""}",ANSWERABLE_WITH_PROVISIONAL_DATA,template_instantiation,TMPL_MODE_AVAILABILITY_HI_DEVA_12
PILOT_T2_TR_003240,,SFAM_NEAREST_TRANSPORT_020,FAM_NEAREST_TRANSPORT_020,PARA_NEAREST_TRANSPORT_19_4,T2_MEDIUM_V1,nearest_transport,FIND_NEAREST_STATION,Padalam Hospital ke pass nearest metro stop connection distance bataye F20,hi-en,Deva+Latn,CS4,N2,"{""landmark"": ""Padalam Hospital"", ""transport_mode"": ""metro""}","{""place_id"": ""OSM_POI_7257518724""}",ANSWERABLE_NOW,template_instantiation,TMPL_NEAREST_TRANSPORT_MIXED_SCRIPT_CS_19
PILOT_T2_TR_003241,,SFAM_POINT_TO_POINT_ROUTE_011,FAM_POINT_TO_POINT_ROUTE_011,PARA_POINT_TO_POINT_ROUTE_10_3,T2_MEDIUM_V1,route_query,PLAN_ROUTE,Please tell: Egmore to Nehru Park metro ride ka best direct route bataiye (F11) #2,hi-en,Latn,CS3,N0,"{""origin"": ""Egmore"", ""destination"": ""Nehru Park"", ""transport_mode"": ""metro""}","{""origin_id"": ""METRO_EGMORE"", ""destination_id"": ""METRO_NEHRU_PARK""}",ANSWERABLE_WITH_PROVISIONAL_DATA,template_instantiation,TMPL_POINT_TO_POINT_ROUTE_HINGLISH_LATN_10
PILOT_T2_TR_003242,,SFAM_MODE_AVAILABILITY_018,FAM_MODE_AVAILABILITY_018,PARA_MODE_AVAILABILITY_17_1,T2_MEDIUM_V1,service_availability,CHECK_SERVICE_AVAILABILITY,Could you specify क्या नेहरू पार्क से ब्रॉडवे के लिए कोई सार्वजनिक बस या ट्रेन उपलब्ध है? (उपलब्धता F18)? #3,hi,Deva,CS0,N0,"{""origin"": ""नेहरू पार्क"", ""destination"": ""ब्रॉडवे"", ""transport_mode"": ""सार्वजनिक बस या ट्रेन""}","{""origin_id"": ""METRO_NEHRU_PARK"", ""destination_id"": ""BUS_27618346""}",ANSWERABLE_WITH_PROVISIONAL_DATA,template_instantiation,TMPL_MODE_AVAILABILITY_HI_DEVA_17
PILOT_T2_TR_003243,,SFAM_NEAREST_TRANSPORT_011,FAM_NEAREST_TRANSPORT_011,PARA_NEAREST_TRANSPORT_10_2,T2_MEDIUM_V1,nearest_transport,FIND_NEAREST_STATION,Could you specify marina beach se closest walking distance metro transit point kaunsa hai? [paas F11]? #3,hi,Latn,CS0,N0,"{""landmark"": ""marina beach"", ""transport_mode"": ""metro""}","{""place_id"": ""OSM_POI_12137617372""}",ANSWERABLE_NOW,template_instantiation,TMPL_NEAREST_TRANSPORT_HI_LATN_10
PILOT_T2_TR_003244,,SFAM_STATION_ACCESSIBILITY_014,FAM_STATION_ACCESSIBILITY_014,PARA_STATION_ACCESSIBILITY_13_1,T2_MEDIUM_V1,accessibility,GET_ACCESSIBILITY_INFO,"Excuse me, क्या वॉशरमैनपेट स्टेशन पर दिव्यांग यात्रियों के लिए यात्री लिफ्ट उपलब्ध है? (सुलभता F14) #6",hi,Deva,CS0,N0,"{""station"": ""वॉशरमैनपेट"", ""accessibility_feature"": ""lift"", ""transport_mode"": ""मेट्रो""}","{""station_id"": ""METRO_WASHERMENPET""}",ANSWERABLE_NOW,template_instantiation,TMPL_STATION_ACCESSIBILITY_HI_DEVA_13
PILOT_T2_TR_003245,,SFAM_STATION_ACCESSIBILITY_003,FAM_STATION_ACCESSIBILITY_003,PARA_STATION_ACCESSIBILITY_2_0,T2_MEDIUM_V1,accessibility,GET_ACCESSIBILITY_INFO,"Hello assistant, Are tactile floor paths provisions available for differently abled passengers at Guindy? [a11y F3] #7",en,Latn,CS0,N1,"{""station"": ""Guindy"", ""accessibility_feature"": ""tactile_path"", ""transport_mode"": ""metro""}","{""station_id"": ""METRO_GUINDY""}",ANSWERABLE_NOW,template_instantiation,TMPL_STATION_ACCESSIBILITY_EN_2
PILOT_T2_TR_003246,,SFAM_STATION_FACILITIES_015,FAM_STATION_FACILITIES_015,PARA_STATION_FACILITIES_14_1,T2_MEDIUM_V1,station_facilities,GET_STATION_FACILITY,Could you specify क्या लिटिल माउंट मेट्रो स्टेशन पर ईवी चार्जिंग की व्यवस्था उपलब्ध है? (सुविधा F15)? #3,hi,Deva,CS0,N0,"{""station"": ""लिटिल माउंट"", ""facility_type"": ""ev_charging"", ""transport_mode"": ""मेट्रो""}","{""station_id"": ""METRO_LITTLE_MOUNT""}",ANSWERABLE_NOW,template_instantiation,TMPL_STATION_FACILITIES_HI_DEVA_14
PILOT_T2_TR_003247,,SFAM_NEAREST_TRANSPORT_018,FAM_NEAREST_TRANSPORT_018,PARA_NEAREST_TRANSPORT_17_3,T2_MEDIUM_V1,nearest_transport,FIND_NEAREST_STATION,Quick check: Find closest public transport access point near Madhuranthagam Hospital (F18) #4,hi-en,Latn,CS3,N0,"{""landmark"": ""Madhuranthagam Hospital"", ""transport_mode"": ""public transport""}","{""place_id"": ""OSM_POI_7257518777""}",ANSWERABLE_NOW,template_instantiation,TMPL_NEAREST_TRANSPORT_HINGLISH_LATN_17
PILOT_T2_TR_003248,,SFAM_INTERCHANGE_TRANSFER_016,FAM_INTERCHANGE_TRANSFER_016,PARA_INTERCHANGE_TRANSFER_15_1,T2_MEDIUM_V1,interchange_query,GET_INTERCHANGE_DETAILS,Please tell: साइदापेट इंटरचेंज पर दूसरी लाइन में ट्रांसफर करने का मार्ग क्या है? (बदलाव F16) #2,hi,Deva,CS0,N0,"{""station"": ""साइदापेट"", ""facility_type"": ""इंटरचेंज""}","{""station_id"": ""METRO_SAIDAPET""}",ANSWERABLE_AFTER_MANUAL_VERIFICATION,template_instantiation,TMPL_INTERCHANGE_TRANSFER_HI_DEVA_15
PILOT_T2_TR_003249,,SFAM_SCHEDULED_DEPARTURE_008,FAM_SCHEDULED_DEPARTURE_008,PARA_SCHEDULED_DEPARTURE_7_4,T2_MEDIUM_V1,service_timing,GET_SCHEDULED_DEPARTURES,High Court से bare 8 baje departure timings schedule status F8,hi-en,Deva+Latn,CS4,N0,"{""origin"": ""High Court"", ""time"": ""8 baje"", ""temporal_ambiguity"": true, ""dual_candidates"": [""08:00:00"", ""20:00:00""]}","{""origin_id"": ""METRO_HIGHCOURT""}",ANSWERABLE_NOW,template_instantiation,TMPL_SCHEDULED_DEPARTURE_MIXED_SCRIPT_CS_7
PILOT_T2_TR_003250,,SFAM_TICKETING_AND_PASSES_005,FAM_TICKETING_AND_PASSES_005,PARA_TICKETING_AND_PASSES_4_2,T2_MEDIUM_V1,ticketing_rules,GET_TICKETING_POLICY,Quick check: student pass recharge karne ka guidelines aur validity rule bataye. [card F5] #4,hi,Latn,CS0,N0,"{""ticket_type"": ""student_pass"", ""transport_mode"": ""transit""}",{},ANSWERABLE_NOW,template_instantiation,TMPL_TICKETING_AND_PASSES_HI_LATN_4
PILOT_T2_TR_003251,,SFAM_MODE_AVAILABILITY_003,FAM_MODE_AVAILABILITY_003,PARA_MODE_AVAILABILITY_2_4,T2_MEDIUM_V1,service_availability,CHECK_SERVICE_AVAILABILITY,Could you specify क्या Guindy से Adyar transport line active hai mode info F3? #3,hi-en,Deva+Latn,CS4,N1,"{""origin"": ""Guindy"", ""destination"": ""Adyar"", ""transport_mode"": ""transport""}","{""origin_id"": ""METRO_GUINDY"", ""destination_id"": ""BUS_2587520213""}",ANSWERABLE_WITH_PROVISIONAL_DATA,template_instantiation,TMPL_MODE_AVAILABILITY_MIXED_SCRIPT_CS_2
PILOT_T2_TR_003252,,SFAM_ROUTE_STOP_SEQUENCE_001,FAM_ROUTE_STOP_SEQUENCE_001,PARA_ROUTE_STOP_SEQUENCE_0_1,T2_MEDIUM_V1,route_stops,LIST_ROUTE_STOPS,बस रूट 21G के सभी ठहरावों की क्रमबद्ध सूची दिखाएं। (क्रम F1),hi,Deva,CS0,N0,"{""route_number"": ""21G"", ""transport_mode"": ""बस""}","{""route_id"": ""GTFS_ROUTE_8458""}",ANSWERABLE_WITH_PROVISIONAL_DATA,template_instantiation,TMPL_ROUTE_STOP_SEQUENCE_HI_DEVA_0
PILOT_T2_TR_003253,,SFAM_SCHEDULED_DEPARTURE_009,FAM_SCHEDULED_DEPARTURE_009,PARA_SCHEDULED_DEPARTURE_8_3,T2_MEDIUM_V1,service_timing,GET_SCHEDULED_DEPARTURES,Please tell: Thirumangalam station se kal 8 baje train schedule kya hoga (F9) #2,hi-en,Latn,CS3,N1,"{""origin"": ""Thirumangalam"", ""temporal_relative"": ""kal"", ""resolved_temporal_offset"": ""UNRESOLVED_TEMPORAL_AMBIGUITY"", ""time"": ""8 baje"", ""temporal_ambiguity"": true, ""dual_candidates"": [""08:00:00"", ""20:00:00""]}","{""origin_id"": ""METRO_THIRUMANGALAM""}",ANSWERABLE_NOW,template_instantiation,TMPL_SCHEDULED_DEPARTURE_HINGLISH_LATN_8
PILOT_T2_TR_003254,,SFAM_MODE_AVAILABILITY_012,FAM_MODE_AVAILABILITY_012,PARA_MODE_AVAILABILITY_11_4,T2_MEDIUM_V1,service_availability,CHECK_SERVICE_AVAILABILITY,क्या Thousand Lights से Walajabad transport line active hai mode info F12,hi-en,Deva+Latn,CS4,N0,"{""origin"": ""Thousand Lights"", ""destination"": ""Walajabad"", ""transport_mode"": ""transport""}","{""origin_id"": ""METRO_THOUSAND_LIGHTS"", ""destination_id"": ""BUS_261716087""}",ANSWERABLE_WITH_PROVISIONAL_DATA,template_instantiation,TMPL_MODE_AVAILABILITY_MIXED_SCRIPT_CS_11
PILOT_T2_TR_003255,,SFAM_MODE_AVAILABILITY_002,FAM_MODE_AVAILABILITY_002,PARA_MODE_AVAILABILITY_1_1,T2_MEDIUM_V1,service_availability,CHECK_SERVICE_AVAILABILITY,"Excuse me, क्या चेन्नई सेंट्रल से ब्रॉडवे के लिए कोई सार्वजनिक बस या ट्रेन उपलब्ध है? (उपलब्धता F2) #6",hi,Deva,CS0,N0,"{""origin"": ""चेन्नई सेंट्रल"", ""destination"": ""ब्रॉडवे"", ""transport_mode"": ""सार्वजनिक बस या ट्रेन""}","{""origin_id"": ""METRO_PURATCHI_THALAIVAR_DR__M_G_RAMACHANDRAN_CENTRAL"", ""destination_id"": ""BUS_27618346""}",ANSWERABLE_WITH_PROVISIONAL_DATA,template_instantiation,TMPL_MODE_AVAILABILITY_HI_DEVA_1
PILOT_T2_TR_003256,,SFAM_STATION_FACILITIES_019,FAM_STATION_FACILITIES_019,PARA_STATION_FACILITIES_18_1,T2_MEDIUM_V1,station_facilities,GET_STATION_FACILITY,Please tell: क्या किल्पौक मेट्रो स्टेशन पर ईवी चार्जिंग की व्यवस्था उपलब्ध है? (सुविधा F19) #2,hi,Deva,CS0,N0,"{""station"": ""किल्पौक"", ""facility_type"": ""ev_charging"", ""transport_mode"": ""मेट्रो""}","{""station_id"": ""METRO_KILPAUK""}",ANSWERABLE_NOW,template_instantiation,TMPL_STATION_FACILITIES_HI_DEVA_18
PILOT_T2_TR_003257,,SFAM_INTERCHANGE_TRANSFER_013,FAM_INTERCHANGE_TRANSFER_013,PARA_INTERCHANGE_TRANSFER_12_0,T2_MEDIUM_V1,interchange_query,GET_INTERCHANGE_DETAILS,How do I switch lines to connect towards Pachaiyappa College at Wimco Nagar Depot interchange? [xfer F13],en,Latn,CS0,N0,"{""station"": ""Wimco Nagar Depot"", ""destination"": ""Pachaiyappa College"", ""facility_type"": ""interchange""}","{""station_id"": ""METRO_WIMCO_NAGAR"", ""destination_id"": ""METRO_PACHAIYAPPA_S_COLLEGE""}",ANSWERABLE_AFTER_MANUAL_VERIFICATION,template_instantiation,TMPL_INTERCHANGE_TRANSFER_EN_12
PILOT_T2_TR_003258,,SFAM_TICKETING_AND_PASSES_003,FAM_TICKETING_AND_PASSES_003,PARA_TICKETING_AND_PASSES_2_1,T2_MEDIUM_V1,ticketing_rules,GET_TICKETING_POLICY,Transit query: यात्रियों के लिए क्यूआर टिकट प्राप्त करने के नियम और प्रक्रिया क्या हैं? (पास F3) #5,hi,Deva,CS0,N0,"{""ticket_type"": ""qr_ticket"", ""transport_mode"": ""पारगमन""}",{},ANSWERABLE_NOW,template_instantiation,TMPL_TICKETING_AND_PASSES_HI_DEVA_2
PILOT_T2_TR_003259,,SFAM_NEAREST_TRANSPORT_010,FAM_NEAREST_TRANSPORT_010,PARA_NEAREST_TRANSPORT_9_1,T2_MEDIUM_V1,nearest_transport,FIND_NEAREST_STATION,Please tell: पडलम अस्पताल के सबसे निकटतम मेट्रो स्टेशन या बस स्टॉप कौन सा है? (निकट F10) #2,hi,Deva,CS0,N0,"{""landmark"": ""पडलम अस्पताल"", ""transport_mode"": ""मेट्रो या बस""}","{""place_id"": ""OSM_POI_7257518724""}",ANSWERABLE_NOW,template_instantiation,TMPL_NEAREST_TRANSPORT_HI_DEVA_9
PILOT_T2_TR_003260,,SFAM_TICKETING_AND_PASSES_015,FAM_TICKETING_AND_PASSES_015,PARA_TICKETING_AND_PASSES_14_0,T2_MEDIUM_V1,ticketing_rules,GET_TICKETING_POLICY,What are the rules and procedure to purchase a WhatsApp QR Ticket for commuters? [pass F15],en,Latn,CS0,N0,"{""ticket_type"": ""qr_ticket"", ""transport_mode"": ""transit""}",{},ANSWERABLE_NOW,template_instantiation,TMPL_TICKETING_AND_PASSES_EN_14
PILOT_T2_TR_003261,,SFAM_NEAREST_TRANSPORT_001,FAM_NEAREST_TRANSPORT_001,PARA_NEAREST_TRANSPORT_0_2,T2_MEDIUM_V1,nearest_transport,FIND_NEAREST_STATION,marina beach se closest walking distance metro transit point kaunsa hai? [paas F1],hi,Latn,CS0,N0,"{""landmark"": ""marina beach"", ""transport_mode"": ""metro""}","{""place_id"": ""OSM_POI_12137617372""}",ANSWERABLE_NOW,template_instantiation,TMPL_NEAREST_TRANSPORT_HI_LATN_0
PILOT_T2_TR_003262,,SFAM_NEAREST_TRANSPORT_013,FAM_NEAREST_TRANSPORT_013,PARA_NEAREST_TRANSPORT_12_2,T2_MEDIUM_V1,nearest_transport,FIND_NEAREST_STATION,great lakes institute se closest walking distance metro transit point kaunsa hai? [paas F13],hi,Latn,CS0,N0,"{""landmark"": ""great lakes institute"", ""transport_mode"": ""metro""}","{""place_id"": ""OSM_POI_577328882""}",ANSWERABLE_NOW,template_instantiation,TMPL_NEAREST_TRANSPORT_HI_LATN_12
PILOT_T2_TR_003263,,SFAM_STATION_ACCESSIBILITY_004,FAM_STATION_ACCESSIBILITY_004,PARA_STATION_ACCESSIBILITY_3_0,T2_MEDIUM_V1,accessibility,GET_ACCESSIBILITY_INFO,Please tell: Are escalator stairs provisions available for differently abled passengers at Alandur? [a11y F4] #2,en,Latn,CS0,N0,"{""station"": ""Alandur"", ""accessibility_feature"": ""escalator"", ""transport_mode"": ""metro""}","{""station_id"": ""METRO_ARIGNAR_ANNA_ALANDUR""}",ANSWERABLE_NOW,template_instantiation,TMPL_STATION_ACCESSIBILITY_EN_3
PILOT_T2_TR_003264,,SFAM_MODE_AVAILABILITY_002,FAM_MODE_AVAILABILITY_002,PARA_MODE_AVAILABILITY_1_3,T2_MEDIUM_V1,service_availability,CHECK_SERVICE_AVAILABILITY,Please tell: Is public transit operational connecting Chennai Central and Broadway (F2)? #2,hi-en,Latn,CS3,N0,"{""origin"": ""Chennai Central"", ""destination"": ""Broadway"", ""transport_mode"": ""public transit""}","{""origin_id"": ""METRO_PURATCHI_THALAIVAR_DR__M_G_RAMACHANDRAN_CENTRAL"", ""destination_id"": ""BUS_27618346""}",ANSWERABLE_WITH_PROVISIONAL_DATA,template_instantiation,TMPL_MODE_AVAILABILITY_HINGLISH_LATN_1
PILOT_T2_TR_003265,,SFAM_STATION_ACCESSIBILITY_010,FAM_STATION_ACCESSIBILITY_010,PARA_STATION_ACCESSIBILITY_9_2,T2_MEDIUM_V1,accessibility,GET_ACCESSIBILITY_INFO,kya anna nagar tower metro station me wheelchair disabled ke liye passenger lift hai? [barrier-free F10],hi,Latn,CS0,N0,"{""station"": ""anna nagar tower"", ""accessibility_feature"": ""lift"", ""transport_mode"": ""metro""}","{""station_id"": ""METRO_ANNA_NAGAR_TOWER""}",ANSWERABLE_NOW,template_instantiation,TMPL_STATION_ACCESSIBILITY_HI_LATN_9
PILOT_T2_TR_003266,,SFAM_STATION_FACILITIES_001,FAM_STATION_FACILITIES_001,PARA_STATION_FACILITIES_0_3,T2_MEDIUM_V1,station_facilities,GET_STATION_FACILITY,Does Airport station premises include operational car parking (F1)?,hi-en,Latn,CS3,N0,"{""station"": ""Airport"", ""facility_type"": ""parking"", ""transport_mode"": ""metro""}","{""station_id"": ""METRO_CHENNAI_INTERNATIONAL_AIRPORT""}",ANSWERABLE_NOW,template_instantiation,TMPL_STATION_FACILITIES_HINGLISH_LATN_0
PILOT_T2_TR_003267,,SFAM_INTERCHANGE_TRANSFER_013,FAM_INTERCHANGE_TRANSFER_013,PARA_INTERCHANGE_TRANSFER_12_1,T2_MEDIUM_V1,interchange_query,GET_INTERCHANGE_DETAILS,"Excuse me, विमको नगर इंटरचेंज पर दूसरी लाइन में ट्रांसफर करने का मार्ग क्या है? (बदलाव F13) #6",hi,Deva,CS0,N0,"{""station"": ""विमको नगर"", ""facility_type"": ""इंटरचेंज""}","{""station_id"": ""METRO_WIMCO_NAGAR""}",ANSWERABLE_AFTER_MANUAL_VERIFICATION,template_instantiation,TMPL_INTERCHANGE_TRANSFER_HI_DEVA_12
PILOT_T2_TR_003268,,SFAM_FIRST_AND_LAST_SERVICE_002,FAM_FIRST_AND_LAST_SERVICE_002,PARA_FIRST_AND_LAST_SERVICE_1_1,T2_MEDIUM_V1,service_timing,GET_FIRST_LAST_SERVICE,चेन्नई सेंट्रल से तिरुमंगलम के लिए पहली और आखिरी ट्रेन का समय क्या है? (समय F2),hi,Deva,CS0,N0,"{""origin"": ""चेन्नई सेंट्रल"", ""destination"": ""तिरुमंगलम"", ""timing_type"": ""first_last"", ""transport_mode"": ""ट्रेन""}","{""origin_id"": ""METRO_PURATCHI_THALAIVAR_DR__M_G_RAMACHANDRAN_CENTRAL"", ""destination_id"": ""METRO_THIRUMANGALAM""}",ANSWERABLE_NOW,template_instantiation,TMPL_FIRST_AND_LAST_SERVICE_HI_DEVA_1
PILOT_T2_TR_003269,,SFAM_TICKETING_AND_PASSES_003,FAM_TICKETING_AND_PASSES_003,PARA_TICKETING_AND_PASSES_2_1,T2_MEDIUM_V1,ticketing_rules,GET_TICKETING_POLICY,Quick check: यात्रियों के लिए क्यूआर टिकट प्राप्त करने के नियम और प्रक्रिया क्या हैं? (पास F3) #4,hi,Deva,CS0,N2,"{""ticket_type"": ""qr_ticket"", ""transport_mode"": ""पारगमन""}",{},ANSWERABLE_NOW,template_instantiation,TMPL_TICKETING_AND_PASSES_HI_DEVA_2
PILOT_T2_TR_003270,,SFAM_OUT_OF_SCOPE_013,FAM_OUT_OF_SCOPE_013,PARA_OUT_OF_SCOPE_12_1,T2_MEDIUM_V1,out_of_scope,REJECT_OUT_OF_SCOPE,विमको नगर के निकटतम सबसे अच्छे रेस्टोरेंट और भोजनालय की सूची दें। (बाहर F13),hi,Deva,CS0,N1,"{""station"": ""विमको नगर""}","{""station_id"": ""METRO_WIMCO_NAGAR""}",OUT_OF_SCOPE,template_instantiation,TMPL_OUT_OF_SCOPE_HI_DEVA_12
PILOT_T2_TR_003271,,SFAM_INTERCHANGE_TRANSFER_009,FAM_INTERCHANGE_TRANSFER_009,PARA_INTERCHANGE_TRANSFER_8_0,T2_MEDIUM_V1,interchange_query,GET_INTERCHANGE_DETAILS,Please tell: How do I switch lines to connect towards Saidapet at Thirumangalam interchange? [xfer F9] #2,en,Latn,CS0,N0,"{""station"": ""Thirumangalam"", ""destination"": ""Saidapet"", ""facility_type"": ""interchange""}","{""station_id"": ""METRO_THIRUMANGALAM"", ""destination_id"": ""METRO_SAIDAPET""}",ANSWERABLE_AFTER_MANUAL_VERIFICATION,template_instantiation,TMPL_INTERCHANGE_TRANSFER_EN_8
PILOT_T2_TR_003272,,SFAM_TICKETING_AND_PASSES_008,FAM_TICKETING_AND_PASSES_008,PARA_TICKETING_AND_PASSES_7_0,T2_MEDIUM_V1,ticketing_rules,GET_TICKETING_POLICY,Please tell: What are the rules and procedure to purchase a Smart Card for commuters? [pass F8] #2,en,Latn,CS0,N0,"{""ticket_type"": ""smart_card"", ""transport_mode"": ""transit""}",{},ANSWERABLE_NOW,template_instantiation,TMPL_TICKETING_AND_PASSES_EN_7
PILOT_T2_TR_003273,,SFAM_STATION_ACCESSIBILITY_008,FAM_STATION_ACCESSIBILITY_008,PARA_STATION_ACCESSIBILITY_7_0,T2_MEDIUM_V1,accessibility,GET_ACCESSIBILITY_INFO,Please tell: Are escalator stairs provisions available for differently abled passengers at High Court? [a11y F8] #2,en,Latn,CS0,N0,"{""station"": ""High Court"", ""accessibility_feature"": ""escalator"", ""transport_mode"": ""metro""}","{""station_id"": ""METRO_HIGHCOURT""}",ANSWERABLE_NOW,template_instantiation,TMPL_STATION_ACCESSIBILITY_EN_7
PILOT_T2_TR_003274,,SFAM_FARE_CALCULATION_003,FAM_FARE_CALCULATION_003,PARA_FARE_CALCULATION_2_1,T2_MEDIUM_V1,fare_query,CALCULATE_FARE,"Excuse me, गिंडी से अन्ना नगर टावर तक का मेट्रो का टोकन किराया कितना रुपया है? (किराया F3) #6",hi,Deva,CS0,N0,"{""origin"": ""गिंडी"", ""destination"": ""अन्ना नगर टावर"", ""fare_type"": ""टोकन"", ""transport_mode"": ""मेट्रो""}","{""origin_id"": ""METRO_GUINDY"", ""destination_id"": ""METRO_ANNA_NAGAR_TOWER""}",ANSWERABLE_NOW,template_instantiation,TMPL_FARE_CALCULATION_HI_DEVA_2
PILOT_T2_TR_003275,,SFAM_TICKETING_AND_PASSES_003,FAM_TICKETING_AND_PASSES_003,PARA_TICKETING_AND_PASSES_2_0,T2_MEDIUM_V1,ticketing_rules,GET_TICKETING_POLICY,Could you specify What are the rules and procedure to purchase a WhatsApp QR Ticket for commuters? [pass F3]? #3,en,Latn,CS0,N0,"{""ticket_type"": ""qr_ticket"", ""transport_mode"": ""transit""}",{},ANSWERABLE_NOW,template_instantiation,TMPL_TICKETING_AND_PASSES_EN_2
PILOT_T2_TR_003276,,SFAM_ROUTE_STOP_SEQUENCE_009,FAM_ROUTE_STOP_SEQUENCE_009,PARA_ROUTE_STOP_SEQUENCE_8_4,T2_MEDIUM_V1,route_stops,LIST_ROUTE_STOPS,Route 29A bus के सभी stops ka sequence display karein data F9,hi-en,Deva+Latn,CS4,N0,"{""route_number"": ""29A"", ""transport_mode"": ""bus""}","{""route_id"": ""GTFS_ROUTE_18751""}",ANSWERABLE_WITH_PROVISIONAL_DATA,template_instantiation,TMPL_ROUTE_STOP_SEQUENCE_MIXED_SCRIPT_CS_8
PILOT_T2_TR_003277,,SFAM_TICKETING_AND_PASSES_016,FAM_TICKETING_AND_PASSES_016,PARA_TICKETING_AND_PASSES_15_0,T2_MEDIUM_V1,ticketing_rules,GET_TICKETING_POLICY,Quick check: What are the rules and procedure to purchase a Tourist One-Day Pass for commuters? [pass F16] #4,en,Latn,CS0,N0,"{""ticket_type"": ""tourist_card"", ""transport_mode"": ""transit""}",{},ANSWERABLE_NOW,template_instantiation,TMPL_TICKETING_AND_PASSES_EN_15
PILOT_T2_TR_003278,,SFAM_NEAREST_TRANSPORT_014,FAM_NEAREST_TRANSPORT_014,PARA_NEAREST_TRANSPORT_13_0,T2_MEDIUM_V1,nearest_transport,FIND_NEAREST_STATION,Transit query: Which is the nearest metro station or transit stop to Maritime Institute? [loc F14] #5,en,Latn,CS0,N0,"{""landmark"": ""Maritime Institute"", ""transport_mode"": ""metro""}","{""place_id"": ""OSM_POI_314081186""}",ANSWERABLE_NOW,template_instantiation,TMPL_NEAREST_TRANSPORT_EN_13
PILOT_T2_TR_003279,,SFAM_POINT_TO_POINT_ROUTE_004,FAM_POINT_TO_POINT_ROUTE_004,PARA_POINT_TO_POINT_ROUTE_3_2,T2_MEDIUM_V1,route_query,PLAN_ROUTE,alandur se egmore metro se travel kaise kare? [tarika F4],hi,Latn,CS0,N1,"{""origin"": ""alandur"", ""destination"": ""egmore"", ""transport_mode"": ""metro""}","{""origin_id"": ""METRO_ARIGNAR_ANNA_ALANDUR"", ""destination_id"": ""METRO_EGMORE""}",ANSWERABLE_WITH_PROVISIONAL_DATA,template_instantiation,TMPL_POINT_TO_POINT_ROUTE_HI_LATN_3
PILOT_T2_TR_003280,,SFAM_MODE_AVAILABILITY_019,FAM_MODE_AVAILABILITY_019,PARA_MODE_AVAILABILITY_18_0,T2_MEDIUM_V1,service_availability,CHECK_SERVICE_AVAILABILITY,"Excuse me, Are there direct public transport options from Kilpauk to Adyar? [avail F19] #6",en,Latn,CS0,N0,"{""origin"": ""Kilpauk"", ""destination"": ""Adyar"", ""transport_mode"": ""any""}","{""origin_id"": ""METRO_KILPAUK"", ""destination_id"": ""BUS_2587520213""}",ANSWERABLE_WITH_PROVISIONAL_DATA,template_instantiation,TMPL_MODE_AVAILABILITY_EN_18
PILOT_T2_TR_003281,,SFAM_STATION_ACCESSIBILITY_010,FAM_STATION_ACCESSIBILITY_010,PARA_STATION_ACCESSIBILITY_9_0,T2_MEDIUM_V1,accessibility,GET_ACCESSIBILITY_INFO,Are passenger elevator lift provisions available for differently abled passengers at Anna Nagar Tower? [a11y F10],en,Latn,CS0,N0,"{""station"": ""Anna Nagar Tower"", ""accessibility_feature"": ""lift"", ""transport_mode"": ""metro""}","{""station_id"": ""METRO_ANNA_NAGAR_TOWER""}",ANSWERABLE_NOW,template_instantiation,TMPL_STATION_ACCESSIBILITY_EN_9
PILOT_T2_TR_003282,,SFAM_REALTIME_STATUS_QUERY_019,FAM_REALTIME_STATUS_QUERY_019,PARA_REALTIME_STATUS_QUERY_18_1,T2_MEDIUM_V1,realtime_status_query,REJECT_UNSUPPORTED_REALTIME,Please tell: क्या किल्पौक से आने वाली ट्रेन अभी लेट चल रही है लाइव स्थिति बताएं? (ताज़ा F19) #2,hi,Deva,CS0,N0,"{""origin"": ""किल्पौक"", ""transport_mode"": ""ट्रेन""}","{""origin_id"": ""METRO_KILPAUK""}",REQUIRES_REALTIME_DATA,template_instantiation,TMPL_REALTIME_STATUS_QUERY_HI_DEVA_18
PILOT_T2_TR_003283,,SFAM_MULTIMODAL_ROUTE_014,FAM_MULTIMODAL_ROUTE_014,PARA_MULTIMODAL_ROUTE_13_0,T2_MEDIUM_V1,route_query,PLAN_MULTIMODAL_ROUTE,Could you specify What is the combined bus and metro route from Uttiramerur to Airport? [plan F14]? #3,en,Latn,CS0,N0,"{""origin"": ""Uttiramerur"", ""destination"": ""Airport"", ""transport_mode"": ""multimodal""}","{""origin_id"": ""BUS_4987577873"", ""destination_id"": ""METRO_CHENNAI_INTERNATIONAL_AIRPORT""}",ANSWERABLE_WITH_PROVISIONAL_DATA,template_instantiation,TMPL_MULTIMODAL_ROUTE_EN_13
PILOT_T2_TR_003284,,SFAM_FARE_CALCULATION_004,FAM_FARE_CALCULATION_004,PARA_FARE_CALCULATION_3_3,T2_MEDIUM_V1,fare_query,CALCULATE_FARE,Calculate fare for travel between Alandur and Egmore stations (F4),hi-en,Latn,CS3,N0,"{""origin"": ""Alandur"", ""destination"": ""Egmore"", ""transport_mode"": ""metro""}","{""origin_id"": ""METRO_ARIGNAR_ANNA_ALANDUR"", ""destination_id"": ""METRO_EGMORE""}",ANSWERABLE_NOW,template_instantiation,TMPL_FARE_CALCULATION_HINGLISH_LATN_3
PILOT_T2_TR_003285,,SFAM_STATION_ACCESSIBILITY_013,FAM_STATION_ACCESSIBILITY_013,PARA_STATION_ACCESSIBILITY_12_1,T2_MEDIUM_V1,accessibility,GET_ACCESSIBILITY_INFO,Could you specify क्या विमको नगर स्टेशन पर दिव्यांग यात्रियों के लिए व्हीलचेयर रैंप उपलब्ध है? (सुलभता F13)? #3,hi,Deva,CS0,N0,"{""station"": ""विमको नगर"", ""accessibility_feature"": ""wheelchair"", ""transport_mode"": ""मेट्रो""}","{""station_id"": ""METRO_WIMCO_NAGAR""}",ANSWERABLE_NOW,template_instantiation,TMPL_STATION_ACCESSIBILITY_HI_DEVA_12
PILOT_T2_TR_003286,,SFAM_FARE_CALCULATION_017,FAM_FARE_CALCULATION_017,PARA_FARE_CALCULATION_16_0,T2_MEDIUM_V1,fare_query,CALCULATE_FARE,Transit query: What is the single-journey ticket fare from St. Thomas Mount to Alandur on metro? [fare F17] #5,en,Latn,CS0,N0,"{""origin"": ""St. Thomas Mount"", ""destination"": ""Alandur"", ""fare_type"": ""token"", ""transport_mode"": ""metro""}","{""origin_id"": ""METRO_ST__THOMAS_MOUNT"", ""destination_id"": ""METRO_ARIGNAR_ANNA_ALANDUR""}",ANSWERABLE_NOW,template_instantiation,TMPL_FARE_CALCULATION_EN_16
PILOT_T2_TR_003287,,SFAM_STATION_FACILITIES_005,FAM_STATION_FACILITIES_005,PARA_STATION_FACILITIES_4_1,T2_MEDIUM_V1,station_facilities,GET_STATION_FACILITY,क्या सीएमबीटी मेट्रो स्टेशन पर कार पार्किंग की व्यवस्था उपलब्ध है? (सुविधा F5),hi,Deva,CS0,N0,"{""station"": ""सीएमबीटी"", ""facility_type"": ""parking"", ""transport_mode"": ""मेट्रो""}","{""station_id"": ""METRO_PURATCHI_THALAIVI_DR_J_JAYALALITHAA_CMBT""}",ANSWERABLE_NOW,template_instantiation,TMPL_STATION_FACILITIES_HI_DEVA_4
PILOT_T2_TR_003288,,SFAM_FARE_CALCULATION_001,FAM_FARE_CALCULATION_001,PARA_FARE_CALCULATION_0_1,T2_MEDIUM_V1,fare_query,CALCULATE_FARE,एयरपोर्ट से हाई कोर्ट तक का मेट्रो का टोकन किराया कितना रुपया है? (किराया F1),hi,Deva,CS0,N0,"{""origin"": ""एयरपोर्ट"", ""destination"": ""हाई कोर्ट"", ""fare_type"": ""टोकन"", ""transport_mode"": ""मेट्रो""}","{""origin_id"": ""METRO_CHENNAI_INTERNATIONAL_AIRPORT"", ""destination_id"": ""METRO_HIGHCOURT""}",ANSWERABLE_NOW,template_instantiation,TMPL_FARE_CALCULATION_HI_DEVA_0
PILOT_T2_TR_003289,,SFAM_POINT_TO_POINT_ROUTE_019,FAM_POINT_TO_POINT_ROUTE_019,PARA_POINT_TO_POINT_ROUTE_18_0,T2_MEDIUM_V1,route_query,PLAN_ROUTE,How do I commute from Kilpauk to Koyambedu by metro? [pattern F19],en,Latn,CS0,N0,"{""origin"": ""Kilpauk"", ""destination"": ""Koyambedu"", ""transport_mode"": ""metro""}","{""origin_id"": ""METRO_KILPAUK"", ""destination_id"": ""METRO_KOYAMBEDU""}",ANSWERABLE_WITH_PROVISIONAL_DATA,template_instantiation,TMPL_POINT_TO_POINT_ROUTE_EN_18
PILOT_T2_TR_003290,,SFAM_NEAREST_TRANSPORT_003,FAM_NEAREST_TRANSPORT_003,PARA_NEAREST_TRANSPORT_2_3,T2_MEDIUM_V1,nearest_transport,FIND_NEAREST_STATION,Please tell: Find closest public transport access point near Great Lakes Institute (F3) #2,hi-en,Latn,CS3,N0,"{""landmark"": ""Great Lakes Institute"", ""transport_mode"": ""public transport""}","{""place_id"": ""OSM_POI_577328882""}",ANSWERABLE_NOW,template_instantiation,TMPL_NEAREST_TRANSPORT_HINGLISH_LATN_2
PILOT_T2_TR_003291,,SFAM_STATION_FACILITIES_014,FAM_STATION_FACILITIES_014,PARA_STATION_FACILITIES_13_3,T2_MEDIUM_V1,station_facilities,GET_STATION_FACILITY,Does Washermenpet station premises include operational two-wheeler bike parking (F14)?,hi-en,Latn,CS3,N0,"{""station"": ""Washermenpet"", ""facility_type"": ""two_wheeler_parking"", ""transport_mode"": ""metro""}","{""station_id"": ""METRO_WASHERMENPET""}",ANSWERABLE_NOW,template_instantiation,TMPL_STATION_FACILITIES_HINGLISH_LATN_13
PILOT_T2_TR_003292,,SFAM_NEAREST_TRANSPORT_005,FAM_NEAREST_TRANSPORT_005,PARA_NEAREST_TRANSPORT_4_3,T2_MEDIUM_V1,nearest_transport,FIND_NEAREST_STATION,Please tell: Find closest public transport access point near Maruthi Hospital (F5) #2,hi-en,Latn,CS3,N0,"{""landmark"": ""Maruthi Hospital"", ""transport_mode"": ""public transport""}","{""place_id"": ""OSM_POI_7820652140""}",ANSWERABLE_NOW,template_instantiation,TMPL_NEAREST_TRANSPORT_HINGLISH_LATN_4
PILOT_T2_TR_003293,,SFAM_OUT_OF_SCOPE_009,FAM_OUT_OF_SCOPE_009,PARA_OUT_OF_SCOPE_8_1,T2_MEDIUM_V1,out_of_scope,REJECT_OUT_OF_SCOPE,"Excuse me, तिरुमंगलम के निकटतम सबसे अच्छे रेस्टोरेंट और भोजनालय की सूची दें। (बाहर F9) #6",hi,Deva,CS0,N0,"{""station"": ""तिरुमंगलम""}","{""station_id"": ""METRO_THIRUMANGALAM""}",OUT_OF_SCOPE,template_instantiation,TMPL_OUT_OF_SCOPE_HI_DEVA_8
PILOT_T2_TR_003294,,SFAM_STATION_FACILITIES_020,FAM_STATION_FACILITIES_020,PARA_STATION_FACILITIES_19_3,T2_MEDIUM_V1,station_facilities,GET_STATION_FACILITY,Could you specify Does Pachaiyappa College station premises include operational bicycle parking stand (F20)?? #3,hi-en,Latn,CS3,N0,"{""station"": ""Pachaiyappa College"", ""facility_type"": ""bicycle_stand"", ""transport_mode"": ""metro""}","{""station_id"": ""METRO_PACHAIYAPPA_S_COLLEGE""}",ANSWERABLE_NOW,template_instantiation,TMPL_STATION_FACILITIES_HINGLISH_LATN_19
PILOT_T2_TR_003295,,SFAM_STATION_ACCESSIBILITY_020,FAM_STATION_ACCESSIBILITY_020,PARA_STATION_ACCESSIBILITY_19_1,T2_MEDIUM_V1,accessibility,GET_ACCESSIBILITY_INFO,Please tell: क्या पचैयप्पा कॉलेज स्टेशन पर दिव्यांग यात्रियों के लिए एस्केलेटर उपलब्ध है? (सुलभता F20) #2,hi,Deva,CS0,N0,"{""station"": ""पचैयप्पा कॉलेज"", ""accessibility_feature"": ""escalator"", ""transport_mode"": ""मेट्रो""}","{""station_id"": ""METRO_PACHAIYAPPA_S_COLLEGE""}",ANSWERABLE_NOW,template_instantiation,TMPL_STATION_ACCESSIBILITY_HI_DEVA_19
PILOT_T2_TR_003296,,SFAM_MODE_AVAILABILITY_008,FAM_MODE_AVAILABILITY_008,PARA_MODE_AVAILABILITY_7_1,T2_MEDIUM_V1,service_availability,CHECK_SERVICE_AVAILABILITY,"Excuse me, क्या हाई कोर्ट से मायलापुर के लिए कोई सार्वजनिक बस या ट्रेन उपलब्ध है? (उपलब्धता F8) #6",hi,Deva,CS0,N0,"{""origin"": ""हाई कोर्ट"", ""destination"": ""मायलापुर"", ""transport_mode"": ""सार्वजनिक बस या ट्रेन""}","{""origin_id"": ""METRO_HIGHCOURT"", ""destination_id"": ""BUS_410614381""}",ANSWERABLE_WITH_PROVISIONAL_DATA,template_instantiation,TMPL_MODE_AVAILABILITY_HI_DEVA_7
PILOT_T2_TR_003297,,SFAM_NEAREST_TRANSPORT_001,FAM_NEAREST_TRANSPORT_001,PARA_NEAREST_TRANSPORT_0_0,T2_MEDIUM_V1,nearest_transport,FIND_NEAREST_STATION,"Hello assistant, Which is the nearest metro station or transit stop to Marina Beach? [loc F1] #7",en,Latn,CS0,N1,"{""landmark"": ""Marina Beach"", ""transport_mode"": ""metro""}","{""place_id"": ""OSM_POI_12137617372""}",ANSWERABLE_NOW,template_instantiation,TMPL_NEAREST_TRANSPORT_EN_0
PILOT_T2_TR_003298,,SFAM_REALTIME_STATUS_QUERY_003,FAM_REALTIME_STATUS_QUERY_003,PARA_REALTIME_STATUS_QUERY_2_2,T2_MEDIUM_V1,realtime_status_query,REJECT_UNSUPPORTED_REALTIME,Bus 102A ka real time current gps location update kahan pahuncha? [track F3],hi,Latn,CS0,N0,"{""route_number"": ""102A"", ""transport_mode"": ""bus""}","{""route_id"": ""GTFS_ROUTE_10248""}",REQUIRES_REALTIME_DATA,template_instantiation,TMPL_REALTIME_STATUS_QUERY_HI_LATN_2
PILOT_T2_TR_003299,,SFAM_ROUTE_STOP_SEQUENCE_006,FAM_ROUTE_STOP_SEQUENCE_006,PARA_ROUTE_STOP_SEQUENCE_5_3,T2_MEDIUM_V1,route_stops,LIST_ROUTE_STOPS,Please tell: Full stop order details for bus number 29C please provide (F6) #2,hi-en,Latn,CS3,N0,"{""route_number"": ""29C"", ""transport_mode"": ""bus""}","{""route_id"": ""GTFS_ROUTE_8631""}",ANSWERABLE_WITH_PROVISIONAL_DATA,template_instantiation,TMPL_ROUTE_STOP_SEQUENCE_HINGLISH_LATN_5
PILOT_T2_TR_003300,,SFAM_SCHEDULED_DEPARTURE_008,FAM_SCHEDULED_DEPARTURE_008,PARA_SCHEDULED_DEPARTURE_7_1,T2_MEDIUM_V1,service_timing,GET_SCHEDULED_DEPARTURES,Please tell: हाई कोर्ट से सुबह 8 बजे छूटने वाली गाड़ियों की समय सारणी दिखाएं। (समय F8) #2,hi,Deva,CS0,N0,"{""origin"": ""हाई कोर्ट"", ""time"": ""सुबह 8 बजे"", ""resolved_time"": ""08:00:00""}","{""origin_id"": ""METRO_HIGHCOURT""}",ANSWERABLE_NOW,template_instantiation,TMPL_SCHEDULED_DEPARTURE_HI_DEVA_7
PILOT_T2_TR_003301,,SFAM_STATION_ACCESSIBILITY_005,FAM_STATION_ACCESSIBILITY_005,PARA_STATION_ACCESSIBILITY_4_3,T2_MEDIUM_V1,accessibility,GET_ACCESSIBILITY_INFO,Could you specify Verification of accessible wheelchair ramp support at CMBT metro (F5)? #3,hi-en,Latn,CS3,N1,"{""station"": ""CMBT"", ""accessibility_feature"": ""wheelchair"", ""transport_mode"": ""metro""}","{""station_id"": ""METRO_PURATCHI_THALAIVI_DR_J_JAYALALITHAA_CMBT""}",ANSWERABLE_NOW,template_instantiation,TMPL_STATION_ACCESSIBILITY_HINGLISH_LATN_4
PILOT_T2_TR_003302,,SFAM_INTERCHANGE_TRANSFER_003,FAM_INTERCHANGE_TRANSFER_003,PARA_INTERCHANGE_TRANSFER_2_1,T2_MEDIUM_V1,interchange_query,GET_INTERCHANGE_DETAILS,Quick check: गिंडी इंटरचेंज पर दूसरी लाइन में ट्रांसफर करने का मार्ग क्या है? (बदलाव F3) #4,hi,Deva,CS0,N2,"{""station"": ""गिंडी"", ""facility_type"": ""इंटरचेंज""}","{""station_id"": ""METRO_GUINDY""}",ANSWERABLE_AFTER_MANUAL_VERIFICATION,template_instantiation,TMPL_INTERCHANGE_TRANSFER_HI_DEVA_2
PILOT_T2_TR_003303,,SFAM_STATION_FACILITIES_019,FAM_STATION_FACILITIES_019,PARA_STATION_FACILITIES_18_1,T2_MEDIUM_V1,station_facilities,GET_STATION_FACILITY,क्या किल्पौक मेट्रो स्टेशन पर ईवी चार्जिंग की व्यवस्था उपलब्ध है? (सुविधा F19),hi,Deva,CS0,N1,"{""station"": ""किल्पौक"", ""facility_type"": ""ev_charging"", ""transport_mode"": ""मेट्रो""}","{""station_id"": ""METRO_KILPAUK""}",ANSWERABLE_NOW,template_instantiation,TMPL_STATION_FACILITIES_HI_DEVA_18
PILOT_T2_TR_003304,,SFAM_MULTIMODAL_ROUTE_016,FAM_MULTIMODAL_ROUTE_016,PARA_MULTIMODAL_ROUTE_15_2,T2_MEDIUM_V1,route_query,PLAN_MULTIMODAL_ROUTE,Please tell: pudupattinam se guindy bus aur metro switch karke shortest transit kya hai? [opt F16] #2,hi,Latn,CS0,N0,"{""origin"": ""pudupattinam"", ""destination"": ""guindy"", ""transport_mode"": ""bus aur metro""}","{""origin_id"": ""BUS_3616510666"", ""destination_id"": ""METRO_GUINDY""}",ANSWERABLE_WITH_PROVISIONAL_DATA,template_instantiation,TMPL_MULTIMODAL_ROUTE_HI_LATN_15
PILOT_T2_TR_003305,,SFAM_FIRST_AND_LAST_SERVICE_018,FAM_FIRST_AND_LAST_SERVICE_018,PARA_FIRST_AND_LAST_SERVICE_17_0,T2_MEDIUM_V1,service_timing,GET_FIRST_LAST_SERVICE,Please tell: What time does the earliest and latest train depart Nehru Park for CMBT? [hrs F18] #2,en,Latn,CS0,N0,"{""origin"": ""Nehru Park"", ""destination"": ""CMBT"", ""timing_type"": ""first_last"", ""transport_mode"": ""metro""}","{""origin_id"": ""METRO_NEHRU_PARK"", ""destination_id"": ""METRO_PURATCHI_THALAIVI_DR_J_JAYALALITHAA_CMBT""}",ANSWERABLE_NOW,template_instantiation,TMPL_FIRST_AND_LAST_SERVICE_EN_17
PILOT_T2_TR_003306,,SFAM_INTERCHANGE_TRANSFER_010,FAM_INTERCHANGE_TRANSFER_010,PARA_INTERCHANGE_TRANSFER_9_1,T2_MEDIUM_V1,interchange_query,GET_INTERCHANGE_DETAILS,Please tell: अन्ना नगर टावर इंटरचेंज पर दूसरी लाइन में ट्रांसफर करने का मार्ग क्या है? (बदलाव F10) #2,hi,Deva,CS0,N0,"{""station"": ""अन्ना नगर टावर"", ""facility_type"": ""इंटरचेंज""}","{""station_id"": ""METRO_ANNA_NAGAR_TOWER""}",ANSWERABLE_AFTER_MANUAL_VERIFICATION,template_instantiation,TMPL_INTERCHANGE_TRANSFER_HI_DEVA_9
PILOT_T2_TR_003307,,SFAM_FARE_CALCULATION_009,FAM_FARE_CALCULATION_009,PARA_FARE_CALCULATION_8_3,T2_MEDIUM_V1,fare_query,CALCULATE_FARE,Quick check: Calculate fare for travel between Thirumangalam and Saidapet stations (F9) #4,hi-en,Latn,CS3,N0,"{""origin"": ""Thirumangalam"", ""destination"": ""Saidapet"", ""transport_mode"": ""metro""}","{""origin_id"": ""METRO_THIRUMANGALAM"", ""destination_id"": ""METRO_SAIDAPET""}",ANSWERABLE_NOW,template_instantiation,TMPL_FARE_CALCULATION_HINGLISH_LATN_8
PILOT_T2_TR_003308,,SFAM_FARE_CALCULATION_005,FAM_FARE_CALCULATION_005,PARA_FARE_CALCULATION_4_1,T2_MEDIUM_V1,fare_query,CALCULATE_FARE,Quick check: सीएमबीटी से थाउजेंड लाइट्स तक का मेट्रो का टोकन किराया कितना रुपया है? (किराया F5) #4,hi,Deva,CS0,N2,"{""origin"": ""सीएमबीटी"", ""destination"": ""थाउजेंड लाइट्स"", ""fare_type"": ""टोकन"", ""transport_mode"": ""मेट्रो""}","{""origin_id"": ""METRO_PURATCHI_THALAIVI_DR_J_JAYALALITHAA_CMBT"", ""destination_id"": ""METRO_THOUSAND_LIGHTS""}",ANSWERABLE_NOW,template_instantiation,TMPL_FARE_CALCULATION_HI_DEVA_4
PILOT_T2_TR_003309,,SFAM_REALTIME_STATUS_QUERY_011,FAM_REALTIME_STATUS_QUERY_011,PARA_REALTIME_STATUS_QUERY_10_4,T2_MEDIUM_V1,realtime_status_query,REJECT_UNSUPPORTED_REALTIME,Please tell: Egmore se metro live delay status aur real time position tracking F11 #2,hi-en,Deva+Latn,CS4,N0,"{""origin"": ""Egmore"", ""transport_mode"": ""metro""}","{""origin_id"": ""METRO_EGMORE""}",REQUIRES_REALTIME_DATA,template_instantiation,TMPL_REALTIME_STATUS_QUERY_MIXED_SCRIPT_CS_10
PILOT_T2_TR_003310,,SFAM_REALTIME_STATUS_QUERY_002,FAM_REALTIME_STATUS_QUERY_002,PARA_REALTIME_STATUS_QUERY_1_4,T2_MEDIUM_V1,realtime_status_query,REJECT_UNSUPPORTED_REALTIME,Please tell: Chennai Central se metro live delay status aur real time position tracking F2 #2,hi-en,Deva+Latn,CS4,N0,"{""origin"": ""Chennai Central"", ""transport_mode"": ""metro""}","{""origin_id"": ""METRO_PURATCHI_THALAIVAR_DR__M_G_RAMACHANDRAN_CENTRAL""}",REQUIRES_REALTIME_DATA,template_instantiation,TMPL_REALTIME_STATUS_QUERY_MIXED_SCRIPT_CS_1
PILOT_T2_TR_003311,,SFAM_MODE_AVAILABILITY_011,FAM_MODE_AVAILABILITY_011,PARA_MODE_AVAILABILITY_10_0,T2_MEDIUM_V1,service_availability,CHECK_SERVICE_AVAILABILITY,Quick check: Are there direct public transport options from Egmore to Kalpakkam? [avail F11] #4,en,Latn,CS0,N0,"{""origin"": ""Egmore"", ""destination"": ""Kalpakkam"", ""transport_mode"": ""any""}","{""origin_id"": ""METRO_EGMORE"", ""destination_id"": ""BUS_30143150""}",ANSWERABLE_WITH_PROVISIONAL_DATA,template_instantiation,TMPL_MODE_AVAILABILITY_EN_10
PILOT_T2_TR_003312,,SFAM_POINT_TO_POINT_ROUTE_008,FAM_POINT_TO_POINT_ROUTE_008,PARA_POINT_TO_POINT_ROUTE_7_3,T2_MEDIUM_V1,route_query,PLAN_ROUTE,Please tell: High Court to Little Mount metro ride ka best direct route bataiye (F8) #2,hi-en,Latn,CS3,N0,"{""origin"": ""High Court"", ""destination"": ""Little Mount"", ""transport_mode"": ""metro""}","{""origin_id"": ""METRO_HIGHCOURT"", ""destination_id"": ""METRO_LITTLE_MOUNT""}",ANSWERABLE_WITH_PROVISIONAL_DATA,template_instantiation,TMPL_POINT_TO_POINT_ROUTE_HINGLISH_LATN_7
PILOT_T2_TR_003313,,SFAM_OUT_OF_SCOPE_017,FAM_OUT_OF_SCOPE_017,PARA_OUT_OF_SCOPE_16_4,T2_MEDIUM_V1,out_of_scope,REJECT_OUT_OF_SCOPE,St. Thomas Mount ke pass hotel reservation aur movie ticket booking service F17,hi-en,Deva+Latn,CS4,N2,"{""station"": ""St. Thomas Mount""}","{""station_id"": ""METRO_ST__THOMAS_MOUNT""}",OUT_OF_SCOPE,template_instantiation,TMPL_OUT_OF_SCOPE_MIXED_SCRIPT_CS_16
PILOT_T2_TR_003314,,SFAM_REALTIME_STATUS_QUERY_012,FAM_REALTIME_STATUS_QUERY_012,PARA_REALTIME_STATUS_QUERY_11_0,T2_MEDIUM_V1,realtime_status_query,REJECT_UNSUPPORTED_REALTIME,Please tell: Where is bus 22 CT right now and what is its live location? [live F12] #2,en,Latn,CS0,N0,"{""route_number"": ""22 CT"", ""transport_mode"": ""bus""}","{""route_id"": ""GTFS_ROUTE_18753""}",REQUIRES_REALTIME_DATA,template_instantiation,TMPL_REALTIME_STATUS_QUERY_EN_11
PILOT_T2_TR_003315,,SFAM_MODE_AVAILABILITY_011,FAM_MODE_AVAILABILITY_011,PARA_MODE_AVAILABILITY_10_0,T2_MEDIUM_V1,service_availability,CHECK_SERVICE_AVAILABILITY,Are there direct public transport options from Egmore to Kalpakkam? [avail F11],en,Latn,CS0,N0,"{""origin"": ""Egmore"", ""destination"": ""Kalpakkam"", ""transport_mode"": ""any""}","{""origin_id"": ""METRO_EGMORE"", ""destination_id"": ""BUS_30143150""}",ANSWERABLE_WITH_PROVISIONAL_DATA,template_instantiation,TMPL_MODE_AVAILABILITY_EN_10
PILOT_T2_TR_003316,,SFAM_ROUTE_STOP_MEMBERSHIP_013,FAM_ROUTE_STOP_MEMBERSHIP_013,PARA_ROUTE_STOP_MEMBERSHIP_12_4,T2_MEDIUM_V1,route_stops,CHECK_STOP_ON_ROUTE,क्या route 15 CT8 bus Nelvoy पर rukegi verification F13?,hi-en,Deva+Latn,CS4,N0,"{""route_number"": ""15 CT8"", ""stop"": ""Nelvoy"", ""transport_mode"": ""bus""}","{""route_id"": ""GTFS_ROUTE_20494"", ""stop_id"": ""BUS_469106564""}",ANSWERABLE_WITH_PROVISIONAL_DATA,template_instantiation,TMPL_ROUTE_STOP_MEMBERSHIP_MIXED_SCRIPT_CS_12
PILOT_T2_TR_003317,,SFAM_REALTIME_STATUS_QUERY_009,FAM_REALTIME_STATUS_QUERY_009,PARA_REALTIME_STATUS_QUERY_8_3,T2_MEDIUM_V1,realtime_status_query,REJECT_UNSUPPORTED_REALTIME,Could you specify Live crowd density and train arrival countdown at Thirumangalam right now (F9)? #3,hi-en,Latn,CS3,N0,"{""station"": ""Thirumangalam"", ""transport_mode"": ""metro""}","{""station_id"": ""METRO_THIRUMANGALAM""}",REQUIRES_REALTIME_DATA,template_instantiation,TMPL_REALTIME_STATUS_QUERY_HINGLISH_LATN_8
PILOT_T2_TR_003318,,SFAM_ROUTE_STOP_SEQUENCE_014,FAM_ROUTE_STOP_SEQUENCE_014,PARA_ROUTE_STOP_SEQUENCE_13_0,T2_MEDIUM_V1,route_stops,LIST_ROUTE_STOPS,List every intermediate stop along route Blue Line in order. [seq F14],en,Latn,CS0,N0,"{""route_number"": ""Blue Line"", ""transport_mode"": ""bus""}","{""route_id"": ""CMRL_BLUE_CORRIDOR_1""}",ANSWERABLE_WITH_PROVISIONAL_DATA,template_instantiation,TMPL_ROUTE_STOP_SEQUENCE_EN_13
PILOT_T2_TR_003319,,SFAM_REALTIME_STATUS_QUERY_001,FAM_REALTIME_STATUS_QUERY_001,PARA_REALTIME_STATUS_QUERY_0_0,T2_MEDIUM_V1,realtime_status_query,REJECT_UNSUPPORTED_REALTIME,Please tell: Where is bus 21G right now and what is its live location? [live F1] #2,en,Latn,CS0,N0,"{""route_number"": ""21G"", ""transport_mode"": ""bus""}","{""route_id"": ""GTFS_ROUTE_8458""}",REQUIRES_REALTIME_DATA,template_instantiation,TMPL_REALTIME_STATUS_QUERY_EN_0
PILOT_T2_TR_003320,,SFAM_OUT_OF_SCOPE_001,FAM_OUT_OF_SCOPE_001,PARA_OUT_OF_SCOPE_0_2,T2_MEDIUM_V1,out_of_scope,REJECT_OUT_OF_SCOPE,airport airport terminal ke flight delay timings check kijiye. [bahar F1],hi,Latn,CS0,N0,"{""station"": ""airport""}","{""station_id"": ""METRO_CHENNAI_INTERNATIONAL_AIRPORT""}",OUT_OF_SCOPE,template_instantiation,TMPL_OUT_OF_SCOPE_HI_LATN_0
PILOT_T2_TR_003321,,SFAM_STATION_ACCESSIBILITY_002,FAM_STATION_ACCESSIBILITY_002,PARA_STATION_ACCESSIBILITY_1_3,T2_MEDIUM_V1,accessibility,GET_ACCESSIBILITY_INFO,Transit query: Verification of accessible passenger elevator lift support at Chennai Central metro (F2) #5,hi-en,Latn,CS3,N0,"{""station"": ""Chennai Central"", ""accessibility_feature"": ""lift"", ""transport_mode"": ""metro""}","{""station_id"": ""METRO_PURATCHI_THALAIVAR_DR__M_G_RAMACHANDRAN_CENTRAL""}",ANSWERABLE_NOW,template_instantiation,TMPL_STATION_ACCESSIBILITY_HINGLISH_LATN_1
PILOT_T2_TR_003322,,SFAM_STATION_ACCESSIBILITY_002,FAM_STATION_ACCESSIBILITY_002,PARA_STATION_ACCESSIBILITY_1_2,T2_MEDIUM_V1,accessibility,GET_ACCESSIBILITY_INFO,Could you specify kya chennai central metro station me wheelchair disabled ke liye passenger lift hai? [barrier-free F2]? #3,hi,Latn,CS0,N0,"{""station"": ""chennai central"", ""accessibility_feature"": ""lift"", ""transport_mode"": ""metro""}","{""station_id"": ""METRO_PURATCHI_THALAIVAR_DR__M_G_RAMACHANDRAN_CENTRAL""}",ANSWERABLE_NOW,template_instantiation,TMPL_STATION_ACCESSIBILITY_HI_LATN_1
PILOT_T2_TR_003323,,SFAM_ROUTE_STOP_MEMBERSHIP_016,FAM_ROUTE_STOP_MEMBERSHIP_016,PARA_ROUTE_STOP_MEMBERSHIP_15_1,T2_MEDIUM_V1,route_stops,CHECK_STOP_ON_ROUTE,Please tell: क्या बस 21G पुदुपट्टिनम स्टॉप पर रुकती है? (जांच F16) #2,hi,Deva,CS0,N0,"{""route_number"": ""21G"", ""stop"": ""पुदुपट्टिनम"", ""transport_mode"": ""बस""}","{""route_id"": ""GTFS_ROUTE_8458"", ""stop_id"": ""BUS_3616510666""}",ANSWERABLE_WITH_PROVISIONAL_DATA,template_instantiation,TMPL_ROUTE_STOP_MEMBERSHIP_HI_DEVA_15
PILOT_T2_TR_003324,,SFAM_FARE_CALCULATION_004,FAM_FARE_CALCULATION_004,PARA_FARE_CALCULATION_3_1,T2_MEDIUM_V1,fare_query,CALCULATE_FARE,Transit query: आलंदूर से एग्मोर तक का मेट्रो का टोकन किराया कितना रुपया है? (किराया F4) #5,hi,Deva,CS0,N0,"{""origin"": ""आलंदूर"", ""destination"": ""एग्मोर"", ""fare_type"": ""टोकन"", ""transport_mode"": ""मेट्रो""}","{""origin_id"": ""METRO_ARIGNAR_ANNA_ALANDUR"", ""destination_id"": ""METRO_EGMORE""}",ANSWERABLE_NOW,template_instantiation,TMPL_FARE_CALCULATION_HI_DEVA_3
PILOT_T2_TR_003325,,SFAM_INTERCHANGE_TRANSFER_020,FAM_INTERCHANGE_TRANSFER_020,PARA_INTERCHANGE_TRANSFER_19_1,T2_MEDIUM_V1,interchange_query,GET_INTERCHANGE_DETAILS,पचैयप्पा कॉलेज इंटरचेंज पर दूसरी लाइन में ट्रांसफर करने का मार्ग क्या है? (बदलाव F20),hi,Deva,CS0,N1,"{""station"": ""पचैयप्पा कॉलेज"", ""facility_type"": ""इंटरचेंज""}","{""station_id"": ""METRO_PACHAIYAPPA_S_COLLEGE""}",ANSWERABLE_AFTER_MANUAL_VERIFICATION,template_instantiation,TMPL_INTERCHANGE_TRANSFER_HI_DEVA_19
PILOT_T2_TR_003326,,SFAM_SCHEDULED_DEPARTURE_018,FAM_SCHEDULED_DEPARTURE_018,PARA_SCHEDULED_DEPARTURE_17_2,T2_MEDIUM_V1,service_timing,GET_SCHEDULED_DEPARTURES,nehru park se sham 7 baje departure timing schedule bataye. [timetable F18],hi,Latn,CS0,N0,"{""origin"": ""nehru park"", ""time"": ""sham 7 baje"", ""resolved_time"": ""19:00:00""}","{""origin_id"": ""METRO_NEHRU_PARK""}",ANSWERABLE_NOW,template_instantiation,TMPL_SCHEDULED_DEPARTURE_HI_LATN_17
PILOT_T2_TR_003327,,SFAM_INTERCHANGE_TRANSFER_007,FAM_INTERCHANGE_TRANSFER_007,PARA_INTERCHANGE_TRANSFER_6_3,T2_MEDIUM_V1,interchange_query,GET_INTERCHANGE_DETAILS,Quick check: Transfer walking time and directions at Vadapalani multimodal terminal (F7) #4,hi-en,Latn,CS3,N0,"{""station"": ""Vadapalani"", ""facility_type"": ""interchange""}","{""station_id"": ""METRO_VADAPALANI""}",ANSWERABLE_AFTER_MANUAL_VERIFICATION,template_instantiation,TMPL_INTERCHANGE_TRANSFER_HINGLISH_LATN_6
PILOT_T2_TR_003328,,SFAM_REALTIME_STATUS_QUERY_002,FAM_REALTIME_STATUS_QUERY_002,PARA_REALTIME_STATUS_QUERY_1_2,T2_MEDIUM_V1,realtime_status_query,REJECT_UNSUPPORTED_REALTIME,Please tell: Bus 102 ka real time current gps location update kahan pahuncha? [track F2] #2,hi,Latn,CS0,N0,"{""route_number"": ""102"", ""transport_mode"": ""bus""}","{""route_id"": ""GTFS_ROUTE_16861""}",REQUIRES_REALTIME_DATA,template_instantiation,TMPL_REALTIME_STATUS_QUERY_HI_LATN_1
PILOT_T2_TR_003329,,SFAM_SERVICE_FREQUENCY_014,FAM_SERVICE_FREQUENCY_014,PARA_SERVICE_FREQUENCY_13_2,T2_MEDIUM_V1,service_timing,GET_SERVICE_FREQUENCY,washermenpet to airport metro service ka regular interval headway kya hai? [interval F14],hi,Latn,CS0,N0,"{""origin"": ""washermenpet"", ""destination"": ""airport"", ""timing_type"": ""frequency"", ""transport_mode"": ""metro""}","{""origin_id"": ""METRO_WASHERMENPET"", ""destination_id"": ""METRO_CHENNAI_INTERNATIONAL_AIRPORT""}",ANSWERABLE_NOW,template_instantiation,TMPL_SERVICE_FREQUENCY_HI_LATN_13
PILOT_T2_TR_003330,,SFAM_STATION_FACILITIES_014,FAM_STATION_FACILITIES_014,PARA_STATION_FACILITIES_13_1,T2_MEDIUM_V1,station_facilities,GET_STATION_FACILITY,Could you specify क्या वॉशरमैनपेट मेट्रो स्टेशन पर बाइक पार्किंग की व्यवस्था उपलब्ध है? (सुविधा F14)? #3,hi,Deva,CS0,N0,"{""station"": ""वॉशरमैनपेट"", ""facility_type"": ""two_wheeler_parking"", ""transport_mode"": ""मेट्रो""}","{""station_id"": ""METRO_WASHERMENPET""}",ANSWERABLE_NOW,template_instantiation,TMPL_STATION_FACILITIES_HI_DEVA_13
PILOT_T2_TR_003331,,SFAM_ROUTE_STOP_SEQUENCE_012,FAM_ROUTE_STOP_SEQUENCE_012,PARA_ROUTE_STOP_SEQUENCE_11_4,T2_MEDIUM_V1,route_stops,LIST_ROUTE_STOPS,Route 22 CT bus के सभी stops ka sequence display karein data F12,hi-en,Deva+Latn,CS4,N0,"{""route_number"": ""22 CT"", ""transport_mode"": ""bus""}","{""route_id"": ""GTFS_ROUTE_18753""}",ANSWERABLE_WITH_PROVISIONAL_DATA,template_instantiation,TMPL_ROUTE_STOP_SEQUENCE_MIXED_SCRIPT_CS_11
PILOT_T2_TR_003332,,SFAM_STATION_ACCESSIBILITY_014,FAM_STATION_ACCESSIBILITY_014,PARA_STATION_ACCESSIBILITY_13_3,T2_MEDIUM_V1,accessibility,GET_ACCESSIBILITY_INFO,Please tell: Verification of accessible passenger elevator lift support at Washermenpet metro (F14) #2,hi-en,Latn,CS3,N0,"{""station"": ""Washermenpet"", ""accessibility_feature"": ""lift"", ""transport_mode"": ""metro""}","{""station_id"": ""METRO_WASHERMENPET""}",ANSWERABLE_NOW,template_instantiation,TMPL_STATION_ACCESSIBILITY_HINGLISH_LATN_13
PILOT_T2_TR_003333,,SFAM_TICKETING_AND_PASSES_011,FAM_TICKETING_AND_PASSES_011,PARA_TICKETING_AND_PASSES_10_1,T2_MEDIUM_V1,ticketing_rules,GET_TICKETING_POLICY,Please tell: यात्रियों के लिए छात्र रियायती पास प्राप्त करने के नियम और प्रक्रिया क्या हैं? (पास F11) #2,hi,Deva,CS0,N0,"{""ticket_type"": ""student_pass"", ""transport_mode"": ""पारगमन""}",{},ANSWERABLE_NOW,template_instantiation,TMPL_TICKETING_AND_PASSES_HI_DEVA_10
PILOT_T2_TR_003334,,SFAM_ROUTE_STOP_SEQUENCE_019,FAM_ROUTE_STOP_SEQUENCE_019,PARA_ROUTE_STOP_SEQUENCE_18_0,T2_MEDIUM_V1,route_stops,LIST_ROUTE_STOPS,List every intermediate stop along route 570 in order. [seq F19],en,Latn,CS0,N0,"{""route_number"": ""570"", ""transport_mode"": ""bus""}","{""route_id"": ""GTFS_ROUTE_17967""}",ANSWERABLE_WITH_PROVISIONAL_DATA,template_instantiation,TMPL_ROUTE_STOP_SEQUENCE_EN_18
PILOT_T2_TR_003335,,SFAM_REALTIME_STATUS_QUERY_019,FAM_REALTIME_STATUS_QUERY_019,PARA_REALTIME_STATUS_QUERY_18_3,T2_MEDIUM_V1,realtime_status_query,REJECT_UNSUPPORTED_REALTIME,Please tell: Live crowd density and train arrival countdown at Kilpauk right now (F19) #2,hi-en,Latn,CS3,N0,"{""station"": ""Kilpauk"", ""transport_mode"": ""metro""}","{""station_id"": ""METRO_KILPAUK""}",REQUIRES_REALTIME_DATA,template_instantiation,TMPL_REALTIME_STATUS_QUERY_HINGLISH_LATN_18
PILOT_T2_TR_003336,,SFAM_ROUTE_STOP_MEMBERSHIP_010,FAM_ROUTE_STOP_MEMBERSHIP_010,PARA_ROUTE_STOP_MEMBERSHIP_9_0,T2_MEDIUM_V1,route_stops,CHECK_STOP_ON_ROUTE,Please tell: Does bus route 12G make a scheduled halt at Karunguzhi? [chk F10] #2,en,Latn,CS0,N0,"{""route_number"": ""12G"", ""stop"": ""Karunguzhi"", ""transport_mode"": ""bus""}","{""route_id"": ""GTFS_ROUTE_18750"", ""stop_id"": ""BUS_5274698920""}",ANSWERABLE_WITH_PROVISIONAL_DATA,template_instantiation,TMPL_ROUTE_STOP_MEMBERSHIP_EN_9
PILOT_T2_TR_003337,,SFAM_REALTIME_STATUS_QUERY_019,FAM_REALTIME_STATUS_QUERY_019,PARA_REALTIME_STATUS_QUERY_18_0,T2_MEDIUM_V1,realtime_status_query,REJECT_UNSUPPORTED_REALTIME,Could you specify Where is bus 570 right now and what is its live location? [live F19]? #3,en,Latn,CS0,N0,"{""route_number"": ""570"", ""transport_mode"": ""bus""}","{""route_id"": ""GTFS_ROUTE_17967""}",REQUIRES_REALTIME_DATA,template_instantiation,TMPL_REALTIME_STATUS_QUERY_EN_18
PILOT_T2_TR_003338,,SFAM_POINT_TO_POINT_ROUTE_006,FAM_POINT_TO_POINT_ROUTE_006,PARA_POINT_TO_POINT_ROUTE_5_4,T2_MEDIUM_V1,route_query,PLAN_ROUTE,Please tell: Koyambedu से Wimco Nagar Depot direct metro connection bataye route plan F6 #2,hi-en,Deva+Latn,CS4,N0,"{""origin"": ""Koyambedu"", ""destination"": ""Wimco Nagar Depot"", ""transport_mode"": ""metro""}","{""origin_id"": ""METRO_KOYAMBEDU"", ""destination_id"": ""METRO_WIMCO_NAGAR""}",ANSWERABLE_WITH_PROVISIONAL_DATA,template_instantiation,TMPL_POINT_TO_POINT_ROUTE_MIXED_SCRIPT_CS_5
PILOT_T2_TR_003339,,SFAM_FIRST_AND_LAST_SERVICE_018,FAM_FIRST_AND_LAST_SERVICE_018,PARA_FIRST_AND_LAST_SERVICE_17_3,T2_MEDIUM_V1,service_timing,GET_FIRST_LAST_SERVICE,First train and last train operational hours between Nehru Park and CMBT (F18),hi-en,Latn,CS3,N0,"{""origin"": ""Nehru Park"", ""destination"": ""CMBT"", ""timing_type"": ""first_last"", ""transport_mode"": ""train""}","{""origin_id"": ""METRO_NEHRU_PARK"", ""destination_id"": ""METRO_PURATCHI_THALAIVI_DR_J_JAYALALITHAA_CMBT""}",ANSWERABLE_NOW,template_instantiation,TMPL_FIRST_AND_LAST_SERVICE_HINGLISH_LATN_17
PILOT_T2_TR_003340,,SFAM_NEAREST_TRANSPORT_017,FAM_NEAREST_TRANSPORT_017,PARA_NEAREST_TRANSPORT_16_3,T2_MEDIUM_V1,nearest_transport,FIND_NEAREST_STATION,Transit query: Find closest public transport access point near Mother Child Hospital (F17) #5,hi-en,Latn,CS3,N0,"{""landmark"": ""Mother Child Hospital"", ""transport_mode"": ""public transport""}","{""place_id"": ""OSM_POI_7257518731""}",ANSWERABLE_NOW,template_instantiation,TMPL_NEAREST_TRANSPORT_HINGLISH_LATN_16
PILOT_T2_TR_003341,,SFAM_POINT_TO_POINT_ROUTE_014,FAM_POINT_TO_POINT_ROUTE_014,PARA_POINT_TO_POINT_ROUTE_13_2,T2_MEDIUM_V1,route_query,PLAN_ROUTE,Please tell: washermenpet se airport metro se travel kaise kare? [tarika F14] #2,hi,Latn,CS0,N0,"{""origin"": ""washermenpet"", ""destination"": ""airport"", ""transport_mode"": ""metro""}","{""origin_id"": ""METRO_WASHERMENPET"", ""destination_id"": ""METRO_CHENNAI_INTERNATIONAL_AIRPORT""}",ANSWERABLE_WITH_PROVISIONAL_DATA,template_instantiation,TMPL_POINT_TO_POINT_ROUTE_HI_LATN_13
PILOT_T2_TR_003342,,SFAM_INTERCHANGE_TRANSFER_018,FAM_INTERCHANGE_TRANSFER_018,PARA_INTERCHANGE_TRANSFER_17_0,T2_MEDIUM_V1,interchange_query,GET_INTERCHANGE_DETAILS,How do I switch lines to connect towards CMBT at Nehru Park interchange? [xfer F18],en,Latn,CS0,N0,"{""station"": ""Nehru Park"", ""destination"": ""CMBT"", ""facility_type"": ""interchange""}","{""station_id"": ""METRO_NEHRU_PARK"", ""destination_id"": ""METRO_PURATCHI_THALAIVI_DR_J_JAYALALITHAA_CMBT""}",ANSWERABLE_AFTER_MANUAL_VERIFICATION,template_instantiation,TMPL_INTERCHANGE_TRANSFER_EN_17
PILOT_T2_TR_003343,,SFAM_POINT_TO_POINT_ROUTE_018,FAM_POINT_TO_POINT_ROUTE_018,PARA_POINT_TO_POINT_ROUTE_17_3,T2_MEDIUM_V1,route_query,PLAN_ROUTE,Nehru Park to CMBT metro ride ka best direct route bataiye (F18),hi-en,Latn,CS3,N0,"{""origin"": ""Nehru Park"", ""destination"": ""CMBT"", ""transport_mode"": ""metro""}","{""origin_id"": ""METRO_NEHRU_PARK"", ""destination_id"": ""METRO_PURATCHI_THALAIVI_DR_J_JAYALALITHAA_CMBT""}",ANSWERABLE_WITH_PROVISIONAL_DATA,template_instantiation,TMPL_POINT_TO_POINT_ROUTE_HINGLISH_LATN_17
PILOT_T2_TR_003344,,SFAM_STATION_ACCESSIBILITY_010,FAM_STATION_ACCESSIBILITY_010,PARA_STATION_ACCESSIBILITY_9_3,T2_MEDIUM_V1,accessibility,GET_ACCESSIBILITY_INFO,Please tell: Verification of accessible passenger elevator lift support at Anna Nagar Tower metro (F10) #2,hi-en,Latn,CS3,N0,"{""station"": ""Anna Nagar Tower"", ""accessibility_feature"": ""lift"", ""transport_mode"": ""metro""}","{""station_id"": ""METRO_ANNA_NAGAR_TOWER""}",ANSWERABLE_NOW,template_instantiation,TMPL_STATION_ACCESSIBILITY_HINGLISH_LATN_9
PILOT_T2_TR_003345,,SFAM_NEAREST_TRANSPORT_003,FAM_NEAREST_TRANSPORT_003,PARA_NEAREST_TRANSPORT_2_1,T2_MEDIUM_V1,nearest_transport,FIND_NEAREST_STATION,"Hello assistant, ग्रेट लेक्स संस्थान के सबसे निकटतम मेट्रो स्टेशन या बस स्टॉप कौन सा है? (निकट F3) #7",hi,Deva,CS0,N1,"{""landmark"": ""ग्रेट लेक्स संस्थान"", ""transport_mode"": ""मेट्रो या बस""}","{""place_id"": ""OSM_POI_577328882""}",ANSWERABLE_NOW,template_instantiation,TMPL_NEAREST_TRANSPORT_HI_DEVA_2
PILOT_T2_TR_003346,,SFAM_REALTIME_STATUS_QUERY_018,FAM_REALTIME_STATUS_QUERY_018,PARA_REALTIME_STATUS_QUERY_17_2,T2_MEDIUM_V1,realtime_status_query,REJECT_UNSUPPORTED_REALTIME,Could you specify Bus 102A ka real time current gps location update kahan pahuncha? [track F18]? #3,hi,Latn,CS0,N0,"{""route_number"": ""102A"", ""transport_mode"": ""bus""}","{""route_id"": ""GTFS_ROUTE_10248""}",REQUIRES_REALTIME_DATA,template_instantiation,TMPL_REALTIME_STATUS_QUERY_HI_LATN_17
PILOT_T2_TR_003347,,SFAM_STATION_ACCESSIBILITY_010,FAM_STATION_ACCESSIBILITY_010,PARA_STATION_ACCESSIBILITY_9_1,T2_MEDIUM_V1,accessibility,GET_ACCESSIBILITY_INFO,Transit query: क्या अन्ना नगर टावर स्टेशन पर दिव्यांग यात्रियों के लिए यात्री लिफ्ट उपलब्ध है? (सुलभता F10) #5,hi,Deva,CS0,N2,"{""station"": ""अन्ना नगर टावर"", ""accessibility_feature"": ""lift"", ""transport_mode"": ""मेट्रो""}","{""station_id"": ""METRO_ANNA_NAGAR_TOWER""}",ANSWERABLE_NOW,template_instantiation,TMPL_STATION_ACCESSIBILITY_HI_DEVA_9
PILOT_T2_TR_003348,,SFAM_SERVICE_FREQUENCY_017,FAM_SERVICE_FREQUENCY_017,PARA_SERVICE_FREQUENCY_16_3,T2_MEDIUM_V1,service_timing,GET_SERVICE_FREQUENCY,Please tell: Peak hour frequency and normal headway between St. Thomas Mount and Alandur (F17) #2,hi-en,Latn,CS3,N1,"{""origin"": ""St. Thomas Mount"", ""destination"": ""Alandur"", ""timing_type"": ""frequency"", ""transport_mode"": ""metro""}","{""origin_id"": ""METRO_ST__THOMAS_MOUNT"", ""destination_id"": ""METRO_ARIGNAR_ANNA_ALANDUR""}",ANSWERABLE_NOW,template_instantiation,TMPL_SERVICE_FREQUENCY_HINGLISH_LATN_16
PILOT_T2_TR_003349,,SFAM_FARE_CALCULATION_001,FAM_FARE_CALCULATION_001,PARA_FARE_CALCULATION_0_3,T2_MEDIUM_V1,fare_query,CALCULATE_FARE,Calculate fare for travel between Airport and High Court stations (F1),hi-en,Latn,CS3,N0,"{""origin"": ""Airport"", ""destination"": ""High Court"", ""transport_mode"": ""metro""}","{""origin_id"": ""METRO_CHENNAI_INTERNATIONAL_AIRPORT"", ""destination_id"": ""METRO_HIGHCOURT""}",ANSWERABLE_NOW,template_instantiation,TMPL_FARE_CALCULATION_HINGLISH_LATN_0
PILOT_T2_TR_003350,,SFAM_MULTIMODAL_ROUTE_007,FAM_MULTIMODAL_ROUTE_007,PARA_MULTIMODAL_ROUTE_6_1,T2_MEDIUM_V1,route_query,PLAN_MULTIMODAL_ROUTE,Could you specify तिरुवान्मियूर से वॉशरमैनपेट बस और मेट्रो मिलाकर सबसे तेज़ मार्ग कौन सा है? (योजना F7)? #3,hi,Deva,CS0,N0,"{""origin"": ""तिरुवान्मियूर"", ""destination"": ""वॉशरमैनपेट"", ""transport_mode"": ""बस और मेट्रो""}","{""origin_id"": ""BUS_3247310920"", ""destination_id"": ""METRO_WASHERMENPET""}",ANSWERABLE_WITH_PROVISIONAL_DATA,template_instantiation,TMPL_MULTIMODAL_ROUTE_HI_DEVA_6
PILOT_T2_TR_003351,,SFAM_OUT_OF_SCOPE_013,FAM_OUT_OF_SCOPE_013,PARA_OUT_OF_SCOPE_12_0,T2_MEDIUM_V1,out_of_scope,REJECT_OUT_OF_SCOPE,Could you specify Book a private cab taxi ride from Wimco Nagar Depot to Pachaiyappa College. [cab F13]? #3,en,Latn,CS0,N0,"{""origin"": ""Wimco Nagar Depot"", ""destination"": ""Pachaiyappa College""}","{""origin_id"": ""METRO_WIMCO_NAGAR"", ""destination_id"": ""METRO_PACHAIYAPPA_S_COLLEGE""}",OUT_OF_SCOPE,template_instantiation,TMPL_OUT_OF_SCOPE_EN_12
PILOT_T2_TR_003352,,SFAM_INTERCHANGE_TRANSFER_016,FAM_INTERCHANGE_TRANSFER_016,PARA_INTERCHANGE_TRANSFER_15_0,T2_MEDIUM_V1,interchange_query,GET_INTERCHANGE_DETAILS,Could you specify How do I switch lines to connect towards Guindy at Saidapet interchange? [xfer F16]? #3,en,Latn,CS0,N0,"{""station"": ""Saidapet"", ""destination"": ""Guindy"", ""facility_type"": ""interchange""}","{""station_id"": ""METRO_SAIDAPET"", ""destination_id"": ""METRO_GUINDY""}",ANSWERABLE_AFTER_MANUAL_VERIFICATION,template_instantiation,TMPL_INTERCHANGE_TRANSFER_EN_15
PILOT_T2_TR_003353,,SFAM_OUT_OF_SCOPE_011,FAM_OUT_OF_SCOPE_011,PARA_OUT_OF_SCOPE_10_3,T2_MEDIUM_V1,out_of_scope,REJECT_OUT_OF_SCOPE,What is the general weather rain forecast in Chennai near Marina Beach today (F11)?,hi-en,Latn,CS3,N0,"{""landmark"": ""Marina Beach""}","{""place_id"": ""OSM_POI_12137617372""}",OUT_OF_SCOPE,template_instantiation,TMPL_OUT_OF_SCOPE_HINGLISH_LATN_10
PILOT_T2_TR_003354,,SFAM_TICKETING_AND_PASSES_009,FAM_TICKETING_AND_PASSES_009,PARA_TICKETING_AND_PASSES_8_3,T2_MEDIUM_V1,ticketing_rules,GET_TICKETING_POLICY,Quick check: How can regular passengers apply for and renew WhatsApp QR Ticket (F9)? #4,hi-en,Latn,CS3,N0,"{""ticket_type"": ""qr_ticket"", ""transport_mode"": ""transit""}",{},ANSWERABLE_NOW,template_instantiation,TMPL_TICKETING_AND_PASSES_HINGLISH_LATN_8
PILOT_T2_TR_003355,,SFAM_REALTIME_STATUS_QUERY_020,FAM_REALTIME_STATUS_QUERY_020,PARA_REALTIME_STATUS_QUERY_19_1,T2_MEDIUM_V1,realtime_status_query,REJECT_UNSUPPORTED_REALTIME,क्या पचैयप्पा कॉलेज से आने वाली ट्रेन अभी लेट चल रही है लाइव स्थिति बताएं? (ताज़ा F20),hi,Deva,CS0,N1,"{""origin"": ""पचैयप्पा कॉलेज"", ""transport_mode"": ""ट्रेन""}","{""origin_id"": ""METRO_PACHAIYAPPA_S_COLLEGE""}",REQUIRES_REALTIME_DATA,template_instantiation,TMPL_REALTIME_STATUS_QUERY_HI_DEVA_19
PILOT_T2_TR_003356,,SFAM_SCHEDULED_DEPARTURE_016,FAM_SCHEDULED_DEPARTURE_016,PARA_SCHEDULED_DEPARTURE_15_1,T2_MEDIUM_V1,service_timing,GET_SCHEDULED_DEPARTURES,साइदापेट से सुबह 8 बजे छूटने वाली गाड़ियों की समय सारणी दिखाएं। (समय F16),hi,Deva,CS0,N0,"{""origin"": ""साइदापेट"", ""time"": ""सुबह 8 बजे"", ""resolved_time"": ""08:00:00""}","{""origin_id"": ""METRO_SAIDAPET""}",ANSWERABLE_NOW,template_instantiation,TMPL_SCHEDULED_DEPARTURE_HI_DEVA_15
PILOT_T2_TR_003357,,SFAM_FARE_CALCULATION_015,FAM_FARE_CALCULATION_015,PARA_FARE_CALCULATION_14_0,T2_MEDIUM_V1,fare_query,CALCULATE_FARE,What is the single-journey ticket fare from Little Mount to Chennai Central on metro? [fare F15],en,Latn,CS0,N0,"{""origin"": ""Little Mount"", ""destination"": ""Chennai Central"", ""fare_type"": ""token"", ""transport_mode"": ""metro""}","{""origin_id"": ""METRO_LITTLE_MOUNT"", ""destination_id"": ""METRO_PURATCHI_THALAIVAR_DR__M_G_RAMACHANDRAN_CENTRAL""}",ANSWERABLE_NOW,template_instantiation,TMPL_FARE_CALCULATION_EN_14
PILOT_T2_TR_003358,,SFAM_INTERCHANGE_TRANSFER_016,FAM_INTERCHANGE_TRANSFER_016,PARA_INTERCHANGE_TRANSFER_15_2,T2_MEDIUM_V1,interchange_query,GET_INTERCHANGE_DETAILS,Could you specify saidapet hub par metro line change karke guindy kaise jaye? [platform F16]? #3,hi,Latn,CS0,N0,"{""station"": ""saidapet"", ""destination"": ""guindy"", ""facility_type"": ""interchange""}","{""station_id"": ""METRO_SAIDAPET"", ""destination_id"": ""METRO_GUINDY""}",ANSWERABLE_AFTER_MANUAL_VERIFICATION,template_instantiation,TMPL_INTERCHANGE_TRANSFER_HI_LATN_15
PILOT_T2_TR_003359,,SFAM_MODE_AVAILABILITY_003,FAM_MODE_AVAILABILITY_003,PARA_MODE_AVAILABILITY_2_3,T2_MEDIUM_V1,service_availability,CHECK_SERVICE_AVAILABILITY,"Hello assistant, Is public transit operational connecting Guindy and Adyar (F3)? #7",hi-en,Latn,CS3,N0,"{""origin"": ""Guindy"", ""destination"": ""Adyar"", ""transport_mode"": ""public transit""}","{""origin_id"": ""METRO_GUINDY"", ""destination_id"": ""BUS_2587520213""}",ANSWERABLE_WITH_PROVISIONAL_DATA,template_instantiation,TMPL_MODE_AVAILABILITY_HINGLISH_LATN_2
PILOT_T2_TR_003360,,SFAM_NEAREST_TRANSPORT_011,FAM_NEAREST_TRANSPORT_011,PARA_NEAREST_TRANSPORT_10_3,T2_MEDIUM_V1,nearest_transport,FIND_NEAREST_STATION,"Excuse me, Find closest public transport access point near Marina Beach (F11) #6",hi-en,Latn,CS3,N2,"{""landmark"": ""Marina Beach"", ""transport_mode"": ""public transport""}","{""place_id"": ""OSM_POI_12137617372""}",ANSWERABLE_NOW,template_instantiation,TMPL_NEAREST_TRANSPORT_HINGLISH_LATN_10
PILOT_T2_TR_003361,,SFAM_INTERCHANGE_TRANSFER_019,FAM_INTERCHANGE_TRANSFER_019,PARA_INTERCHANGE_TRANSFER_18_0,T2_MEDIUM_V1,interchange_query,GET_INTERCHANGE_DETAILS,"Excuse me, How do I switch lines to connect towards Koyambedu at Kilpauk interchange? [xfer F19] #6",en,Latn,CS0,N0,"{""station"": ""Kilpauk"", ""destination"": ""Koyambedu"", ""facility_type"": ""interchange""}","{""station_id"": ""METRO_KILPAUK"", ""destination_id"": ""METRO_KOYAMBEDU""}",ANSWERABLE_AFTER_MANUAL_VERIFICATION,template_instantiation,TMPL_INTERCHANGE_TRANSFER_EN_18
PILOT_T2_TR_003362,,SFAM_MODE_AVAILABILITY_018,FAM_MODE_AVAILABILITY_018,PARA_MODE_AVAILABILITY_17_2,T2_MEDIUM_V1,service_availability,CHECK_SERVICE_AVAILABILITY,Please tell: nehru park se broadway tak direct transit options available hain kya? [suvidha F18] #2,hi,Latn,CS0,N1,"{""origin"": ""nehru park"", ""destination"": ""broadway"", ""transport_mode"": ""any""}","{""origin_id"": ""METRO_NEHRU_PARK"", ""destination_id"": ""BUS_27618346""}",ANSWERABLE_WITH_PROVISIONAL_DATA,template_instantiation,TMPL_MODE_AVAILABILITY_HI_LATN_17
PILOT_T2_TR_003363,,SFAM_OUT_OF_SCOPE_017,FAM_OUT_OF_SCOPE_017,PARA_OUT_OF_SCOPE_16_0,T2_MEDIUM_V1,out_of_scope,REJECT_OUT_OF_SCOPE,"Excuse me, Book a private cab taxi ride from St. Thomas Mount to Alandur. [cab F17] #6",en,Latn,CS0,N0,"{""origin"": ""St. Thomas Mount"", ""destination"": ""Alandur""}","{""origin_id"": ""METRO_ST__THOMAS_MOUNT"", ""destination_id"": ""METRO_ARIGNAR_ANNA_ALANDUR""}",OUT_OF_SCOPE,template_instantiation,TMPL_OUT_OF_SCOPE_EN_16
PILOT_T2_TR_003364,,SFAM_TICKETING_AND_PASSES_007,FAM_TICKETING_AND_PASSES_007,PARA_TICKETING_AND_PASSES_6_0,T2_MEDIUM_V1,ticketing_rules,GET_TICKETING_POLICY,"Excuse me, What are the rules and procedure to purchase a Monthly Season Pass for commuters? [pass F7] #6",en,Latn,CS0,N0,"{""ticket_type"": ""monthly_pass"", ""transport_mode"": ""transit""}",{},ANSWERABLE_NOW,template_instantiation,TMPL_TICKETING_AND_PASSES_EN_6
PILOT_T2_TR_003365,,SFAM_SERVICE_FREQUENCY_008,FAM_SERVICE_FREQUENCY_008,PARA_SERVICE_FREQUENCY_7_1,T2_MEDIUM_V1,service_timing,GET_SERVICE_FREQUENCY,हाई कोर्ट और लिटिल माउंट के बीच मेट्रो हर कितने मिनट के अंतराल पर चलती है? (आवृत्ति F8),hi,Deva,CS0,N0,"{""origin"": ""हाई कोर्ट"", ""destination"": ""लिटिल माउंट"", ""timing_type"": ""frequency"", ""transport_mode"": ""मेट्रो""}","{""origin_id"": ""METRO_HIGHCOURT"", ""destination_id"": ""METRO_LITTLE_MOUNT""}",ANSWERABLE_NOW,template_instantiation,TMPL_SERVICE_FREQUENCY_HI_DEVA_7
PILOT_T2_TR_003366,,SFAM_MODE_AVAILABILITY_013,FAM_MODE_AVAILABILITY_013,PARA_MODE_AVAILABILITY_12_3,T2_MEDIUM_V1,service_availability,CHECK_SERVICE_AVAILABILITY,Could you specify Is public transit operational connecting Wimco Nagar Depot and Nelvoy (F13)?? #3,hi-en,Latn,CS3,N0,"{""origin"": ""Wimco Nagar Depot"", ""destination"": ""Nelvoy"", ""transport_mode"": ""public transit""}","{""origin_id"": ""METRO_WIMCO_NAGAR"", ""destination_id"": ""BUS_469106564""}",ANSWERABLE_WITH_PROVISIONAL_DATA,template_instantiation,TMPL_MODE_AVAILABILITY_HINGLISH_LATN_12
PILOT_T2_TR_003367,,SFAM_OUT_OF_SCOPE_010,FAM_OUT_OF_SCOPE_010,PARA_OUT_OF_SCOPE_9_1,T2_MEDIUM_V1,out_of_scope,REJECT_OUT_OF_SCOPE,Please tell: अन्ना नगर टावर के निकटतम सबसे अच्छे रेस्टोरेंट और भोजनालय की सूची दें। (बाहर F10) #2,hi,Deva,CS0,N0,"{""station"": ""अन्ना नगर टावर""}","{""station_id"": ""METRO_ANNA_NAGAR_TOWER""}",OUT_OF_SCOPE,template_instantiation,TMPL_OUT_OF_SCOPE_HI_DEVA_9
PILOT_T2_TR_003368,,SFAM_MODE_AVAILABILITY_001,FAM_MODE_AVAILABILITY_001,PARA_MODE_AVAILABILITY_0_0,T2_MEDIUM_V1,service_availability,CHECK_SERVICE_AVAILABILITY,"Hello assistant, Are there direct public transport options from Airport to Tambaram? [avail F1] #7",en,Latn,CS0,N1,"{""origin"": ""Airport"", ""destination"": ""Tambaram"", ""transport_mode"": ""any""}","{""origin_id"": ""METRO_CHENNAI_INTERNATIONAL_AIRPORT"", ""destination_id"": ""BUS_5304399879""}",ANSWERABLE_WITH_PROVISIONAL_DATA,template_instantiation,TMPL_MODE_AVAILABILITY_EN_0
PILOT_T2_TR_003369,,SFAM_NEAREST_TRANSPORT_020,FAM_NEAREST_TRANSPORT_020,PARA_NEAREST_TRANSPORT_19_0,T2_MEDIUM_V1,nearest_transport,FIND_NEAREST_STATION,Quick check: Which is the nearest metro station or transit stop to Padalam Hospital? [loc F20] #4,en,Latn,CS0,N0,"{""landmark"": ""Padalam Hospital"", ""transport_mode"": ""metro""}","{""place_id"": ""OSM_POI_7257518724""}",ANSWERABLE_NOW,template_instantiation,TMPL_NEAREST_TRANSPORT_EN_19
PILOT_T2_TR_003370,,SFAM_OUT_OF_SCOPE_014,FAM_OUT_OF_SCOPE_014,PARA_OUT_OF_SCOPE_13_4,T2_MEDIUM_V1,out_of_scope,REJECT_OUT_OF_SCOPE,Please tell: Washermenpet ke pass hotel reservation aur movie ticket booking service F14 #2,hi-en,Deva+Latn,CS4,N0,"{""station"": ""Washermenpet""}","{""station_id"": ""METRO_WASHERMENPET""}",OUT_OF_SCOPE,template_instantiation,TMPL_OUT_OF_SCOPE_MIXED_SCRIPT_CS_13
PILOT_T2_TR_003371,,SFAM_TICKETING_AND_PASSES_008,FAM_TICKETING_AND_PASSES_008,PARA_TICKETING_AND_PASSES_7_1,T2_MEDIUM_V1,ticketing_rules,GET_TICKETING_POLICY,Quick check: यात्रियों के लिए स्मार्ट कार्ड प्राप्त करने के नियम और प्रक्रिया क्या हैं? (पास F8) #4,hi,Deva,CS0,N0,"{""ticket_type"": ""smart_card"", ""transport_mode"": ""पारगमन""}",{},ANSWERABLE_NOW,template_instantiation,TMPL_TICKETING_AND_PASSES_HI_DEVA_7
PILOT_T2_TR_003372,,SFAM_ROUTE_STOP_MEMBERSHIP_002,FAM_ROUTE_STOP_MEMBERSHIP_002,PARA_ROUTE_STOP_MEMBERSHIP_1_3,T2_MEDIUM_V1,route_stops,CHECK_STOP_ON_ROUTE,Please tell: Verify if Broadway bus stop is covered by route 102 (F2) #2,hi-en,Latn,CS3,N0,"{""route_number"": ""102"", ""stop"": ""Broadway"", ""transport_mode"": ""bus""}","{""route_id"": ""GTFS_ROUTE_16861"", ""stop_id"": ""BUS_27618346""}",ANSWERABLE_WITH_PROVISIONAL_DATA,template_instantiation,TMPL_ROUTE_STOP_MEMBERSHIP_HINGLISH_LATN_1
PILOT_T2_TR_003373,,SFAM_FARE_CALCULATION_017,FAM_FARE_CALCULATION_017,PARA_FARE_CALCULATION_16_0,T2_MEDIUM_V1,fare_query,CALCULATE_FARE,"Excuse me, What is the single-journey ticket fare from St. Thomas Mount to Alandur on metro? [fare F17] #6",en,Latn,CS0,N0,"{""origin"": ""St. Thomas Mount"", ""destination"": ""Alandur"", ""fare_type"": ""token"", ""transport_mode"": ""metro""}","{""origin_id"": ""METRO_ST__THOMAS_MOUNT"", ""destination_id"": ""METRO_ARIGNAR_ANNA_ALANDUR""}",ANSWERABLE_NOW,template_instantiation,TMPL_FARE_CALCULATION_EN_16
PILOT_T2_TR_003374,,SFAM_STATION_ACCESSIBILITY_009,FAM_STATION_ACCESSIBILITY_009,PARA_STATION_ACCESSIBILITY_8_0,T2_MEDIUM_V1,accessibility,GET_ACCESSIBILITY_INFO,"Excuse me, Are wheelchair ramp provisions available for differently abled passengers at Thirumangalam? [a11y F9] #6",en,Latn,CS0,N0,"{""station"": ""Thirumangalam"", ""accessibility_feature"": ""wheelchair"", ""transport_mode"": ""metro""}","{""station_id"": ""METRO_THIRUMANGALAM""}",ANSWERABLE_NOW,template_instantiation,TMPL_STATION_ACCESSIBILITY_EN_8
PILOT_T2_TR_003375,,SFAM_MULTIMODAL_ROUTE_020,FAM_MULTIMODAL_ROUTE_020,PARA_MULTIMODAL_ROUTE_19_1,T2_MEDIUM_V1,route_query,PLAN_MULTIMODAL_ROUTE,Please tell: वेलाचेरी से वडपलनी बस और मेट्रो मिलाकर सबसे तेज़ मार्ग कौन सा है? (योजना F20) #2,hi,Deva,CS0,N0,"{""origin"": ""वेलाचेरी"", ""destination"": ""वडपलनी"", ""transport_mode"": ""बस और मेट्रो""}","{""origin_id"": ""BUS_1764308008"", ""destination_id"": ""METRO_VADAPALANI""}",ANSWERABLE_WITH_PROVISIONAL_DATA,template_instantiation,TMPL_MULTIMODAL_ROUTE_HI_DEVA_19
PILOT_T2_TR_003376,,SFAM_POINT_TO_POINT_ROUTE_011,FAM_POINT_TO_POINT_ROUTE_011,PARA_POINT_TO_POINT_ROUTE_10_1,T2_MEDIUM_V1,route_query,PLAN_ROUTE,एग्मोर से नेहरू पार्क मेट्रो से जाने का रास्ता क्या है? (प्रारूप F11),hi,Deva,CS0,N0,"{""origin"": ""एग्मोर"", ""destination"": ""नेहरू पार्क"", ""transport_mode"": ""मेट्रो""}","{""origin_id"": ""METRO_EGMORE"", ""destination_id"": ""METRO_NEHRU_PARK""}",ANSWERABLE_WITH_PROVISIONAL_DATA,template_instantiation,TMPL_POINT_TO_POINT_ROUTE_HI_DEVA_10
PILOT_T2_TR_003377,,SFAM_STATION_ACCESSIBILITY_013,FAM_STATION_ACCESSIBILITY_013,PARA_STATION_ACCESSIBILITY_12_2,T2_MEDIUM_V1,accessibility,GET_ACCESSIBILITY_INFO,Could you specify kya wimco nagar depot metro station me wheelchair disabled ke liye wheelchair accessibility hai? [barrier-free F13]? #3,hi,Latn,CS0,N0,"{""station"": ""wimco nagar depot"", ""accessibility_feature"": ""wheelchair"", ""transport_mode"": ""metro""}","{""station_id"": ""METRO_WIMCO_NAGAR""}",ANSWERABLE_NOW,template_instantiation,TMPL_STATION_ACCESSIBILITY_HI_LATN_12
PILOT_T2_TR_003378,,SFAM_STATION_FACILITIES_014,FAM_STATION_FACILITIES_014,PARA_STATION_FACILITIES_13_1,T2_MEDIUM_V1,station_facilities,GET_STATION_FACILITY,Quick check: क्या वॉशरमैनपेट मेट्रो स्टेशन पर बाइक पार्किंग की व्यवस्था उपलब्ध है? (सुविधा F14) #4,hi,Deva,CS0,N0,"{""station"": ""वॉशरमैनपेट"", ""facility_type"": ""two_wheeler_parking"", ""transport_mode"": ""मेट्रो""}","{""station_id"": ""METRO_WASHERMENPET""}",ANSWERABLE_NOW,template_instantiation,TMPL_STATION_FACILITIES_HI_DEVA_13
PILOT_T2_TR_003379,,SFAM_STATION_FACILITIES_019,FAM_STATION_FACILITIES_019,PARA_STATION_FACILITIES_18_0,T2_MEDIUM_V1,station_facilities,GET_STATION_FACILITY,"Excuse me, Is EV vehicle charging facility available at Kilpauk metro station? [fac F19] #6",en,Latn,CS0,N0,"{""station"": ""Kilpauk"", ""facility_type"": ""ev_charging"", ""transport_mode"": ""metro""}","{""station_id"": ""METRO_KILPAUK""}",ANSWERABLE_NOW,template_instantiation,TMPL_STATION_FACILITIES_EN_18
PILOT_T2_TR_003380,,SFAM_FARE_CALCULATION_009,FAM_FARE_CALCULATION_009,PARA_FARE_CALCULATION_8_1,T2_MEDIUM_V1,fare_query,CALCULATE_FARE,Could you specify तिरुमंगलम से साइदापेट तक का मेट्रो का टोकन किराया कितना रुपया है? (किराया F9)? #3,hi,Deva,CS0,N0,"{""origin"": ""तिरुमंगलम"", ""destination"": ""साइदापेट"", ""fare_type"": ""टोकन"", ""transport_mode"": ""मेट्रो""}","{""origin_id"": ""METRO_THIRUMANGALAM"", ""destination_id"": ""METRO_SAIDAPET""}",ANSWERABLE_NOW,template_instantiation,TMPL_FARE_CALCULATION_HI_DEVA_8
PILOT_T2_TR_003381,,SFAM_POINT_TO_POINT_ROUTE_011,FAM_POINT_TO_POINT_ROUTE_011,PARA_POINT_TO_POINT_ROUTE_10_0,T2_MEDIUM_V1,route_query,PLAN_ROUTE,Could you specify How do I commute from Egmore to Nehru Park by metro? [pattern F11]? #3,en,Latn,CS0,N0,"{""origin"": ""Egmore"", ""destination"": ""Nehru Park"", ""transport_mode"": ""metro""}","{""origin_id"": ""METRO_EGMORE"", ""destination_id"": ""METRO_NEHRU_PARK""}",ANSWERABLE_WITH_PROVISIONAL_DATA,template_instantiation,TMPL_POINT_TO_POINT_ROUTE_EN_10
PILOT_T2_TR_003382,,SFAM_OUT_OF_SCOPE_017,FAM_OUT_OF_SCOPE_017,PARA_OUT_OF_SCOPE_16_1,T2_MEDIUM_V1,out_of_scope,REJECT_OUT_OF_SCOPE,Quick check: सेंट थॉमस माउंट के निकटतम सबसे अच्छे रेस्टोरेंट और भोजनालय की सूची दें। (बाहर F17) #4,hi,Deva,CS0,N0,"{""station"": ""सेंट थॉमस माउंट""}","{""station_id"": ""METRO_ST__THOMAS_MOUNT""}",OUT_OF_SCOPE,template_instantiation,TMPL_OUT_OF_SCOPE_HI_DEVA_16
PILOT_T2_TR_003383,,SFAM_STATION_ACCESSIBILITY_004,FAM_STATION_ACCESSIBILITY_004,PARA_STATION_ACCESSIBILITY_3_4,T2_MEDIUM_V1,accessibility,GET_ACCESSIBILITY_INFO,Could you specify Alandur station par handicapped passengers ke liye escalator stairs support status F4? #3,hi-en,Deva+Latn,CS4,N1,"{""station"": ""Alandur"", ""accessibility_feature"": ""escalator"", ""transport_mode"": ""metro""}","{""station_id"": ""METRO_ARIGNAR_ANNA_ALANDUR""}",ANSWERABLE_NOW,template_instantiation,TMPL_STATION_ACCESSIBILITY_MIXED_SCRIPT_CS_3
PILOT_T2_TR_003384,,SFAM_REALTIME_STATUS_QUERY_014,FAM_REALTIME_STATUS_QUERY_014,PARA_REALTIME_STATUS_QUERY_13_0,T2_MEDIUM_V1,realtime_status_query,REJECT_UNSUPPORTED_REALTIME,Please tell: Where is bus Blue Line right now and what is its live location? [live F14] #2,en,Latn,CS0,N0,"{""route_number"": ""Blue Line"", ""transport_mode"": ""bus""}","{""route_id"": ""CMRL_BLUE_CORRIDOR_1""}",REQUIRES_REALTIME_DATA,template_instantiation,TMPL_REALTIME_STATUS_QUERY_EN_13
PILOT_T2_TR_003385,,SFAM_TICKETING_AND_PASSES_009,FAM_TICKETING_AND_PASSES_009,PARA_TICKETING_AND_PASSES_8_1,T2_MEDIUM_V1,ticketing_rules,GET_TICKETING_POLICY,Please tell: यात्रियों के लिए क्यूआर टिकट प्राप्त करने के नियम और प्रक्रिया क्या हैं? (पास F9) #2,hi,Deva,CS0,N0,"{""ticket_type"": ""qr_ticket"", ""transport_mode"": ""पारगमन""}",{},ANSWERABLE_NOW,template_instantiation,TMPL_TICKETING_AND_PASSES_HI_DEVA_8
PILOT_T2_TR_003386,,SFAM_OUT_OF_SCOPE_010,FAM_OUT_OF_SCOPE_010,PARA_OUT_OF_SCOPE_9_1,T2_MEDIUM_V1,out_of_scope,REJECT_OUT_OF_SCOPE,Transit query: अन्ना नगर टावर के निकटतम सबसे अच्छे रेस्टोरेंट और भोजनालय की सूची दें। (बाहर F10) #5,hi,Deva,CS0,N2,"{""station"": ""अन्ना नगर टावर""}","{""station_id"": ""METRO_ANNA_NAGAR_TOWER""}",OUT_OF_SCOPE,template_instantiation,TMPL_OUT_OF_SCOPE_HI_DEVA_9
PILOT_T2_TR_003387,,SFAM_INTERCHANGE_TRANSFER_011,FAM_INTERCHANGE_TRANSFER_011,PARA_INTERCHANGE_TRANSFER_10_3,T2_MEDIUM_V1,interchange_query,GET_INTERCHANGE_DETAILS,Transit query: Transfer walking time and directions at Egmore multimodal terminal (F11) #5,hi-en,Latn,CS3,N1,"{""station"": ""Egmore"", ""facility_type"": ""interchange""}","{""station_id"": ""METRO_EGMORE""}",ANSWERABLE_AFTER_MANUAL_VERIFICATION,template_instantiation,TMPL_INTERCHANGE_TRANSFER_HINGLISH_LATN_10
PILOT_T2_TR_003388,,SFAM_FARE_CALCULATION_012,FAM_FARE_CALCULATION_012,PARA_FARE_CALCULATION_11_0,T2_MEDIUM_V1,fare_query,CALCULATE_FARE,Could you specify What is the single-journey ticket fare from Thousand Lights to Kilpauk on metro? [fare F12]? #3,en,Latn,CS0,N0,"{""origin"": ""Thousand Lights"", ""destination"": ""Kilpauk"", ""fare_type"": ""token"", ""transport_mode"": ""metro""}","{""origin_id"": ""METRO_THOUSAND_LIGHTS"", ""destination_id"": ""METRO_KILPAUK""}",ANSWERABLE_NOW,template_instantiation,TMPL_FARE_CALCULATION_EN_11
PILOT_T2_TR_003389,,SFAM_NEAREST_TRANSPORT_005,FAM_NEAREST_TRANSPORT_005,PARA_NEAREST_TRANSPORT_4_4,T2_MEDIUM_V1,nearest_transport,FIND_NEAREST_STATION,Could you specify Maruthi Hospital ke pass nearest metro stop connection distance bataye F5? #3,hi-en,Deva+Latn,CS4,N1,"{""landmark"": ""Maruthi Hospital"", ""transport_mode"": ""metro""}","{""place_id"": ""OSM_POI_7820652140""}",ANSWERABLE_NOW,template_instantiation,TMPL_NEAREST_TRANSPORT_MIXED_SCRIPT_CS_4
PILOT_T2_TR_003390,,SFAM_STATION_ACCESSIBILITY_017,FAM_STATION_ACCESSIBILITY_017,PARA_STATION_ACCESSIBILITY_16_1,T2_MEDIUM_V1,accessibility,GET_ACCESSIBILITY_INFO,Quick check: क्या सेंट थॉमस माउंट स्टेशन पर दिव्यांग यात्रियों के लिए व्हीलचेयर रैंप उपलब्ध है? (सुलभता F17) #4,hi,Deva,CS0,N0,"{""station"": ""सेंट थॉमस माउंट"", ""accessibility_feature"": ""wheelchair"", ""transport_mode"": ""मेट्रो""}","{""station_id"": ""METRO_ST__THOMAS_MOUNT""}",ANSWERABLE_NOW,template_instantiation,TMPL_STATION_ACCESSIBILITY_HI_DEVA_16
PILOT_T2_TR_003391,,SFAM_STATION_ACCESSIBILITY_014,FAM_STATION_ACCESSIBILITY_014,PARA_STATION_ACCESSIBILITY_13_2,T2_MEDIUM_V1,accessibility,GET_ACCESSIBILITY_INFO,Could you specify kya washermenpet metro station me wheelchair disabled ke liye passenger lift hai? [barrier-free F14]? #3,hi,Latn,CS0,N0,"{""station"": ""washermenpet"", ""accessibility_feature"": ""lift"", ""transport_mode"": ""metro""}","{""station_id"": ""METRO_WASHERMENPET""}",ANSWERABLE_NOW,template_instantiation,TMPL_STATION_ACCESSIBILITY_HI_LATN_13
PILOT_T2_TR_003392,,SFAM_MODE_AVAILABILITY_018,FAM_MODE_AVAILABILITY_018,PARA_MODE_AVAILABILITY_17_1,T2_MEDIUM_V1,service_availability,CHECK_SERVICE_AVAILABILITY,Please tell: क्या नेहरू पार्क से ब्रॉडवे के लिए कोई सार्वजनिक बस या ट्रेन उपलब्ध है? (उपलब्धता F18) #2,hi,Deva,CS0,N0,"{""origin"": ""नेहरू पार्क"", ""destination"": ""ब्रॉडवे"", ""transport_mode"": ""सार्वजनिक बस या ट्रेन""}","{""origin_id"": ""METRO_NEHRU_PARK"", ""destination_id"": ""BUS_27618346""}",ANSWERABLE_WITH_PROVISIONAL_DATA,template_instantiation,TMPL_MODE_AVAILABILITY_HI_DEVA_17
PILOT_T2_TR_003393,,SFAM_FARE_CALCULATION_008,FAM_FARE_CALCULATION_008,PARA_FARE_CALCULATION_7_2,T2_MEDIUM_V1,fare_query,CALCULATE_FARE,high court se little mount metro ride ka standard ticket cost kitna hoga? [kiraya F8],hi,Latn,CS0,N0,"{""origin"": ""high court"", ""destination"": ""little mount"", ""transport_mode"": ""metro""}","{""origin_id"": ""METRO_HIGHCOURT"", ""destination_id"": ""METRO_LITTLE_MOUNT""}",ANSWERABLE_NOW,template_instantiation,TMPL_FARE_CALCULATION_HI_LATN_7
PILOT_T2_TR_003394,,SFAM_POINT_TO_POINT_ROUTE_011,FAM_POINT_TO_POINT_ROUTE_011,PARA_POINT_TO_POINT_ROUTE_10_3,T2_MEDIUM_V1,route_query,PLAN_ROUTE,Could you specify Egmore to Nehru Park metro ride ka best direct route bataiye (F11)? #3,hi-en,Latn,CS3,N2,"{""origin"": ""Egmore"", ""destination"": ""Nehru Park"", ""transport_mode"": ""metro""}","{""origin_id"": ""METRO_EGMORE"", ""destination_id"": ""METRO_NEHRU_PARK""}",ANSWERABLE_WITH_PROVISIONAL_DATA,template_instantiation,TMPL_POINT_TO_POINT_ROUTE_HINGLISH_LATN_10
PILOT_T2_TR_003395,,SFAM_OUT_OF_SCOPE_003,FAM_OUT_OF_SCOPE_003,PARA_OUT_OF_SCOPE_2_3,T2_MEDIUM_V1,out_of_scope,REJECT_OUT_OF_SCOPE,Could you specify What is the general weather rain forecast in Chennai near Great Lakes Institute today (F3)?? #3,hi-en,Latn,CS3,N1,"{""landmark"": ""Great Lakes Institute""}","{""place_id"": ""OSM_POI_577328882""}",OUT_OF_SCOPE,template_instantiation,TMPL_OUT_OF_SCOPE_HINGLISH_LATN_2
PILOT_T2_TR_003396,,SFAM_TICKETING_AND_PASSES_003,FAM_TICKETING_AND_PASSES_003,PARA_TICKETING_AND_PASSES_2_1,T2_MEDIUM_V1,ticketing_rules,GET_TICKETING_POLICY,"Excuse me, यात्रियों के लिए क्यूआर टिकट प्राप्त करने के नियम और प्रक्रिया क्या हैं? (पास F3) #6",hi,Deva,CS0,N0,"{""ticket_type"": ""qr_ticket"", ""transport_mode"": ""पारगमन""}",{},ANSWERABLE_NOW,template_instantiation,TMPL_TICKETING_AND_PASSES_HI_DEVA_2
PILOT_T2_TR_003397,,SFAM_MODE_AVAILABILITY_003,FAM_MODE_AVAILABILITY_003,PARA_MODE_AVAILABILITY_2_0,T2_MEDIUM_V1,service_availability,CHECK_SERVICE_AVAILABILITY,Could you specify Are there direct public transport options from Guindy to Adyar? [avail F3]? #3,en,Latn,CS0,N0,"{""origin"": ""Guindy"", ""destination"": ""Adyar"", ""transport_mode"": ""any""}","{""origin_id"": ""METRO_GUINDY"", ""destination_id"": ""BUS_2587520213""}",ANSWERABLE_WITH_PROVISIONAL_DATA,template_instantiation,TMPL_MODE_AVAILABILITY_EN_2
PILOT_T2_TR_003398,,SFAM_OUT_OF_SCOPE_014,FAM_OUT_OF_SCOPE_014,PARA_OUT_OF_SCOPE_13_3,T2_MEDIUM_V1,out_of_scope,REJECT_OUT_OF_SCOPE,"Excuse me, What is the general weather rain forecast in Chennai near Maritime Institute today (F14)? #6",hi-en,Latn,CS3,N2,"{""landmark"": ""Maritime Institute""}","{""place_id"": ""OSM_POI_314081186""}",OUT_OF_SCOPE,template_instantiation,TMPL_OUT_OF_SCOPE_HINGLISH_LATN_13
PILOT_T2_TR_003399,,SFAM_TICKETING_AND_PASSES_015,FAM_TICKETING_AND_PASSES_015,PARA_TICKETING_AND_PASSES_14_3,T2_MEDIUM_V1,ticketing_rules,GET_TICKETING_POLICY,Quick check: How can regular passengers apply for and renew WhatsApp QR Ticket (F15)? #4,hi-en,Latn,CS3,N0,"{""ticket_type"": ""qr_ticket"", ""transport_mode"": ""transit""}",{},ANSWERABLE_NOW,template_instantiation,TMPL_TICKETING_AND_PASSES_HINGLISH_LATN_14
PILOT_T2_TR_003400,,SFAM_SERVICE_FREQUENCY_015,FAM_SERVICE_FREQUENCY_015,PARA_SERVICE_FREQUENCY_14_4,T2_MEDIUM_V1,service_timing,GET_SERVICE_FREQUENCY,Little Mount से Chennai Central trains kitni frequency se run karti hain interval F15,hi-en,Deva+Latn,CS4,N0,"{""origin"": ""Little Mount"", ""destination"": ""Chennai Central"", ""timing_type"": ""frequency"", ""transport_mode"": ""metro""}","{""origin_id"": ""METRO_LITTLE_MOUNT"", ""destination_id"": ""METRO_PURATCHI_THALAIVAR_DR__M_G_RAMACHANDRAN_CENTRAL""}",ANSWERABLE_NOW,template_instantiation,TMPL_SERVICE_FREQUENCY_MIXED_SCRIPT_CS_14
PILOT_T2_TR_003401,,SFAM_STATION_ACCESSIBILITY_002,FAM_STATION_ACCESSIBILITY_002,PARA_STATION_ACCESSIBILITY_1_0,T2_MEDIUM_V1,accessibility,GET_ACCESSIBILITY_INFO,"Excuse me, Are passenger elevator lift provisions available for differently abled passengers at Chennai Central? [a11y F2] #6",en,Latn,CS0,N0,"{""station"": ""Chennai Central"", ""accessibility_feature"": ""lift"", ""transport_mode"": ""metro""}","{""station_id"": ""METRO_PURATCHI_THALAIVAR_DR__M_G_RAMACHANDRAN_CENTRAL""}",ANSWERABLE_NOW,template_instantiation,TMPL_STATION_ACCESSIBILITY_EN_1
PILOT_T2_TR_003402,,SFAM_REALTIME_STATUS_QUERY_012,FAM_REALTIME_STATUS_QUERY_012,PARA_REALTIME_STATUS_QUERY_11_4,T2_MEDIUM_V1,realtime_status_query,REJECT_UNSUPPORTED_REALTIME,Thousand Lights se metro live delay status aur real time position tracking F12,hi-en,Deva+Latn,CS4,N0,"{""origin"": ""Thousand Lights"", ""transport_mode"": ""metro""}","{""origin_id"": ""METRO_THOUSAND_LIGHTS""}",REQUIRES_REALTIME_DATA,template_instantiation,TMPL_REALTIME_STATUS_QUERY_MIXED_SCRIPT_CS_11
PILOT_T2_TR_003403,,SFAM_STATION_FACILITIES_009,FAM_STATION_FACILITIES_009,PARA_STATION_FACILITIES_8_1,T2_MEDIUM_V1,station_facilities,GET_STATION_FACILITY,Could you specify क्या तिरुमंगलम मेट्रो स्टेशन पर कार पार्किंग की व्यवस्था उपलब्ध है? (सुविधा F9)? #3,hi,Deva,CS0,N0,"{""station"": ""तिरुमंगलम"", ""facility_type"": ""parking"", ""transport_mode"": ""मेट्रो""}","{""station_id"": ""METRO_THIRUMANGALAM""}",ANSWERABLE_NOW,template_instantiation,TMPL_STATION_FACILITIES_HI_DEVA_8
PILOT_T2_TR_003404,,SFAM_INTERCHANGE_TRANSFER_013,FAM_INTERCHANGE_TRANSFER_013,PARA_INTERCHANGE_TRANSFER_12_2,T2_MEDIUM_V1,interchange_query,GET_INTERCHANGE_DETAILS,Quick check: wimco nagar depot hub par metro line change karke pachaiyappa college kaise jaye? [platform F13] #4,hi,Latn,CS0,N0,"{""station"": ""wimco nagar depot"", ""destination"": ""pachaiyappa college"", ""facility_type"": ""interchange""}","{""station_id"": ""METRO_WIMCO_NAGAR"", ""destination_id"": ""METRO_PACHAIYAPPA_S_COLLEGE""}",ANSWERABLE_AFTER_MANUAL_VERIFICATION,template_instantiation,TMPL_INTERCHANGE_TRANSFER_HI_LATN_12
PILOT_T2_TR_003405,,SFAM_INTERCHANGE_TRANSFER_015,FAM_INTERCHANGE_TRANSFER_015,PARA_INTERCHANGE_TRANSFER_14_3,T2_MEDIUM_V1,interchange_query,GET_INTERCHANGE_DETAILS,Quick check: Transfer walking time and directions at Little Mount multimodal terminal (F15) #4,hi-en,Latn,CS3,N0,"{""station"": ""Little Mount"", ""facility_type"": ""interchange""}","{""station_id"": ""METRO_LITTLE_MOUNT""}",ANSWERABLE_AFTER_MANUAL_VERIFICATION,template_instantiation,TMPL_INTERCHANGE_TRANSFER_HINGLISH_LATN_14
PILOT_T2_TR_003406,,SFAM_STATION_FACILITIES_007,FAM_STATION_FACILITIES_007,PARA_STATION_FACILITIES_6_0,T2_MEDIUM_V1,station_facilities,GET_STATION_FACILITY,Please tell: Is EV vehicle charging facility available at Vadapalani metro station? [fac F7] #2,en,Latn,CS0,N0,"{""station"": ""Vadapalani"", ""facility_type"": ""ev_charging"", ""transport_mode"": ""metro""}","{""station_id"": ""METRO_VADAPALANI""}",ANSWERABLE_NOW,template_instantiation,TMPL_STATION_FACILITIES_EN_6
PILOT_T2_TR_003407,,SFAM_OUT_OF_SCOPE_017,FAM_OUT_OF_SCOPE_017,PARA_OUT_OF_SCOPE_16_1,T2_MEDIUM_V1,out_of_scope,REJECT_OUT_OF_SCOPE,Transit query: सेंट थॉमस माउंट के निकटतम सबसे अच्छे रेस्टोरेंट और भोजनालय की सूची दें। (बाहर F17) #5,hi,Deva,CS0,N2,"{""station"": ""सेंट थॉमस माउंट""}","{""station_id"": ""METRO_ST__THOMAS_MOUNT""}",OUT_OF_SCOPE,template_instantiation,TMPL_OUT_OF_SCOPE_HI_DEVA_16
PILOT_T2_TR_003408,,SFAM_FARE_CALCULATION_008,FAM_FARE_CALCULATION_008,PARA_FARE_CALCULATION_7_3,T2_MEDIUM_V1,fare_query,CALCULATE_FARE,Please tell: Calculate fare for travel between High Court and Little Mount stations (F8) #2,hi-en,Latn,CS3,N0,"{""origin"": ""High Court"", ""destination"": ""Little Mount"", ""transport_mode"": ""metro""}","{""origin_id"": ""METRO_HIGHCOURT"", ""destination_id"": ""METRO_LITTLE_MOUNT""}",ANSWERABLE_NOW,template_instantiation,TMPL_FARE_CALCULATION_HINGLISH_LATN_7
PILOT_T2_TR_003409,,SFAM_OUT_OF_SCOPE_003,FAM_OUT_OF_SCOPE_003,PARA_OUT_OF_SCOPE_2_4,T2_MEDIUM_V1,out_of_scope,REJECT_OUT_OF_SCOPE,Guindy ke pass hotel reservation aur movie ticket booking service F3,hi-en,Deva+Latn,CS4,N0,"{""station"": ""Guindy""}","{""station_id"": ""METRO_GUINDY""}",OUT_OF_SCOPE,template_instantiation,TMPL_OUT_OF_SCOPE_MIXED_SCRIPT_CS_2
PILOT_T2_TR_003410,,SFAM_MODE_AVAILABILITY_007,FAM_MODE_AVAILABILITY_007,PARA_MODE_AVAILABILITY_6_4,T2_MEDIUM_V1,service_availability,CHECK_SERVICE_AVAILABILITY,Could you specify क्या Vadapalani से Thiruvanmiyur transport line active hai mode info F7? #3,hi-en,Deva+Latn,CS4,N0,"{""origin"": ""Vadapalani"", ""destination"": ""Thiruvanmiyur"", ""transport_mode"": ""transport""}","{""origin_id"": ""METRO_VADAPALANI"", ""destination_id"": ""BUS_3247310920""}",ANSWERABLE_WITH_PROVISIONAL_DATA,template_instantiation,TMPL_MODE_AVAILABILITY_MIXED_SCRIPT_CS_6
PILOT_T2_TR_003411,,SFAM_FARE_CALCULATION_001,FAM_FARE_CALCULATION_001,PARA_FARE_CALCULATION_0_4,T2_MEDIUM_V1,fare_query,CALCULATE_FARE,Airport से High Court metro travel ka discounted smart card fare kya hai F1,hi-en,Deva+Latn,CS4,N0,"{""origin"": ""Airport"", ""destination"": ""High Court"", ""ticket_type"": ""smart_card"", ""transport_mode"": ""metro""}","{""origin_id"": ""METRO_CHENNAI_INTERNATIONAL_AIRPORT"", ""destination_id"": ""METRO_HIGHCOURT""}",ANSWERABLE_NOW,template_instantiation,TMPL_FARE_CALCULATION_MIXED_SCRIPT_CS_0
PILOT_T2_TR_003412,,SFAM_POINT_TO_POINT_ROUTE_002,FAM_POINT_TO_POINT_ROUTE_002,PARA_POINT_TO_POINT_ROUTE_1_2,T2_MEDIUM_V1,route_query,PLAN_ROUTE,chennai central se thirumangalam metro se travel kaise kare? [tarika F2],hi,Latn,CS0,N0,"{""origin"": ""chennai central"", ""destination"": ""thirumangalam"", ""transport_mode"": ""metro""}","{""origin_id"": ""METRO_PURATCHI_THALAIVAR_DR__M_G_RAMACHANDRAN_CENTRAL"", ""destination_id"": ""METRO_THIRUMANGALAM""}",ANSWERABLE_WITH_PROVISIONAL_DATA,template_instantiation,TMPL_POINT_TO_POINT_ROUTE_HI_LATN_1
PILOT_T2_TR_003413,,SFAM_TICKETING_AND_PASSES_011,FAM_TICKETING_AND_PASSES_011,PARA_TICKETING_AND_PASSES_10_3,T2_MEDIUM_V1,ticketing_rules,GET_TICKETING_POLICY,"Excuse me, How can regular passengers apply for and renew Student Concession Card (F11)? #6",hi-en,Latn,CS3,N2,"{""ticket_type"": ""student_pass"", ""transport_mode"": ""transit""}",{},ANSWERABLE_NOW,template_instantiation,TMPL_TICKETING_AND_PASSES_HINGLISH_LATN_10
PILOT_T2_TR_003414,,SFAM_FARE_CALCULATION_007,FAM_FARE_CALCULATION_007,PARA_FARE_CALCULATION_6_0,T2_MEDIUM_V1,fare_query,CALCULATE_FARE,Quick check: What is the single-journey ticket fare from Vadapalani to Washermenpet on metro? [fare F7] #4,en,Latn,CS0,N0,"{""origin"": ""Vadapalani"", ""destination"": ""Washermenpet"", ""fare_type"": ""token"", ""transport_mode"": ""metro""}","{""origin_id"": ""METRO_VADAPALANI"", ""destination_id"": ""METRO_WASHERMENPET""}",ANSWERABLE_NOW,template_instantiation,TMPL_FARE_CALCULATION_EN_6
PILOT_T2_TR_003415,,SFAM_STATION_FACILITIES_016,FAM_STATION_FACILITIES_016,PARA_STATION_FACILITIES_15_1,T2_MEDIUM_V1,station_facilities,GET_STATION_FACILITY,Could you specify क्या साइदापेट मेट्रो स्टेशन पर साइकिल स्टैंड की व्यवस्था उपलब्ध है? (सुविधा F16)? #3,hi,Deva,CS0,N0,"{""station"": ""साइदापेट"", ""facility_type"": ""bicycle_stand"", ""transport_mode"": ""मेट्रो""}","{""station_id"": ""METRO_SAIDAPET""}",ANSWERABLE_NOW,template_instantiation,TMPL_STATION_FACILITIES_HI_DEVA_15
PILOT_T2_TR_003416,,SFAM_INTERCHANGE_TRANSFER_020,FAM_INTERCHANGE_TRANSFER_020,PARA_INTERCHANGE_TRANSFER_19_0,T2_MEDIUM_V1,interchange_query,GET_INTERCHANGE_DETAILS,How do I switch lines to connect towards Vadapalani at Pachaiyappa College interchange? [xfer F20],en,Latn,CS0,N0,"{""station"": ""Pachaiyappa College"", ""destination"": ""Vadapalani"", ""facility_type"": ""interchange""}","{""station_id"": ""METRO_PACHAIYAPPA_S_COLLEGE"", ""destination_id"": ""METRO_VADAPALANI""}",ANSWERABLE_AFTER_MANUAL_VERIFICATION,template_instantiation,TMPL_INTERCHANGE_TRANSFER_EN_19
PILOT_T2_TR_003417,,SFAM_POINT_TO_POINT_ROUTE_006,FAM_POINT_TO_POINT_ROUTE_006,PARA_POINT_TO_POINT_ROUTE_5_3,T2_MEDIUM_V1,route_query,PLAN_ROUTE,Please tell: Koyambedu to Wimco Nagar Depot metro ride ka best direct route bataiye (F6) #2,hi-en,Latn,CS3,N0,"{""origin"": ""Koyambedu"", ""destination"": ""Wimco Nagar Depot"", ""transport_mode"": ""metro""}","{""origin_id"": ""METRO_KOYAMBEDU"", ""destination_id"": ""METRO_WIMCO_NAGAR""}",ANSWERABLE_WITH_PROVISIONAL_DATA,template_instantiation,TMPL_POINT_TO_POINT_ROUTE_HINGLISH_LATN_5
PILOT_T2_TR_003418,,SFAM_INTERCHANGE_TRANSFER_007,FAM_INTERCHANGE_TRANSFER_007,PARA_INTERCHANGE_TRANSFER_6_0,T2_MEDIUM_V1,interchange_query,GET_INTERCHANGE_DETAILS,Could you specify How do I switch lines to connect towards Washermenpet at Vadapalani interchange? [xfer F7]? #3,en,Latn,CS0,N0,"{""station"": ""Vadapalani"", ""destination"": ""Washermenpet"", ""facility_type"": ""interchange""}","{""station_id"": ""METRO_VADAPALANI"", ""destination_id"": ""METRO_WASHERMENPET""}",ANSWERABLE_AFTER_MANUAL_VERIFICATION,template_instantiation,TMPL_INTERCHANGE_TRANSFER_EN_6
PILOT_T2_TR_003419,,SFAM_OUT_OF_SCOPE_001,FAM_OUT_OF_SCOPE_001,PARA_OUT_OF_SCOPE_0_1,T2_MEDIUM_V1,out_of_scope,REJECT_OUT_OF_SCOPE,Quick check: एयरपोर्ट के निकटतम सबसे अच्छे रेस्टोरेंट और भोजनालय की सूची दें। (बाहर F1) #4,hi,Deva,CS0,N2,"{""station"": ""एयरपोर्ट""}","{""station_id"": ""METRO_CHENNAI_INTERNATIONAL_AIRPORT""}",OUT_OF_SCOPE,template_instantiation,TMPL_OUT_OF_SCOPE_HI_DEVA_0
PILOT_T2_TR_003420,,SFAM_INTERCHANGE_TRANSFER_020,FAM_INTERCHANGE_TRANSFER_020,PARA_INTERCHANGE_TRANSFER_19_3,T2_MEDIUM_V1,interchange_query,GET_INTERCHANGE_DETAILS,Quick check: Transfer walking time and directions at Pachaiyappa College multimodal terminal (F20) #4,hi-en,Latn,CS3,N0,"{""station"": ""Pachaiyappa College"", ""facility_type"": ""interchange""}","{""station_id"": ""METRO_PACHAIYAPPA_S_COLLEGE""}",ANSWERABLE_AFTER_MANUAL_VERIFICATION,template_instantiation,TMPL_INTERCHANGE_TRANSFER_HINGLISH_LATN_19
PILOT_T2_TR_003421,,SFAM_FARE_CALCULATION_008,FAM_FARE_CALCULATION_008,PARA_FARE_CALCULATION_7_2,T2_MEDIUM_V1,fare_query,CALCULATE_FARE,Quick check: high court se little mount metro ride ka standard ticket cost kitna hoga? [kiraya F8] #4,hi,Latn,CS0,N0,"{""origin"": ""high court"", ""destination"": ""little mount"", ""transport_mode"": ""metro""}","{""origin_id"": ""METRO_HIGHCOURT"", ""destination_id"": ""METRO_LITTLE_MOUNT""}",ANSWERABLE_NOW,template_instantiation,TMPL_FARE_CALCULATION_HI_LATN_7
PILOT_T2_TR_003422,,SFAM_FARE_CALCULATION_014,FAM_FARE_CALCULATION_014,PARA_FARE_CALCULATION_13_3,T2_MEDIUM_V1,fare_query,CALCULATE_FARE,Could you specify Calculate fare for travel between Washermenpet and Airport stations (F14)? #3,hi-en,Latn,CS3,N0,"{""origin"": ""Washermenpet"", ""destination"": ""Airport"", ""transport_mode"": ""metro""}","{""origin_id"": ""METRO_WASHERMENPET"", ""destination_id"": ""METRO_CHENNAI_INTERNATIONAL_AIRPORT""}",ANSWERABLE_NOW,template_instantiation,TMPL_FARE_CALCULATION_HINGLISH_LATN_13
PILOT_T2_TR_003423,,SFAM_NEAREST_TRANSPORT_013,FAM_NEAREST_TRANSPORT_013,PARA_NEAREST_TRANSPORT_12_3,T2_MEDIUM_V1,nearest_transport,FIND_NEAREST_STATION,Could you specify Find closest public transport access point near Great Lakes Institute (F13)? #3,hi-en,Latn,CS3,N0,"{""landmark"": ""Great Lakes Institute"", ""transport_mode"": ""public transport""}","{""place_id"": ""OSM_POI_577328882""}",ANSWERABLE_NOW,template_instantiation,TMPL_NEAREST_TRANSPORT_HINGLISH_LATN_12
PILOT_T2_TR_003424,,SFAM_SERVICE_FREQUENCY_004,FAM_SERVICE_FREQUENCY_004,PARA_SERVICE_FREQUENCY_3_0,T2_MEDIUM_V1,service_timing,GET_SERVICE_FREQUENCY,Please tell: How many minutes between trains on the line connecting Alandur and Egmore? [freq F4] #2,en,Latn,CS0,N0,"{""origin"": ""Alandur"", ""destination"": ""Egmore"", ""timing_type"": ""frequency"", ""transport_mode"": ""metro""}","{""origin_id"": ""METRO_ARIGNAR_ANNA_ALANDUR"", ""destination_id"": ""METRO_EGMORE""}",ANSWERABLE_NOW,template_instantiation,TMPL_SERVICE_FREQUENCY_EN_3
PILOT_T2_TR_003425,,SFAM_MULTIMODAL_ROUTE_010,FAM_MULTIMODAL_ROUTE_010,PARA_MULTIMODAL_ROUTE_9_4,T2_MEDIUM_V1,route_query,PLAN_MULTIMODAL_ROUTE,Karunguzhi से St. Thomas Mount multimodal transit connection kaise le plan F10,hi-en,Deva+Latn,CS4,N0,"{""origin"": ""Karunguzhi"", ""destination"": ""St. Thomas Mount"", ""transport_mode"": ""multimodal""}","{""origin_id"": ""BUS_5274698920"", ""destination_id"": ""METRO_ST__THOMAS_MOUNT""}",ANSWERABLE_WITH_PROVISIONAL_DATA,template_instantiation,TMPL_MULTIMODAL_ROUTE_MIXED_SCRIPT_CS_9
PILOT_T2_TR_003426,,SFAM_FARE_CALCULATION_014,FAM_FARE_CALCULATION_014,PARA_FARE_CALCULATION_13_0,T2_MEDIUM_V1,fare_query,CALCULATE_FARE,Please tell: What is the single-journey ticket fare from Washermenpet to Airport on metro? [fare F14] #2,en,Latn,CS0,N0,"{""origin"": ""Washermenpet"", ""destination"": ""Airport"", ""fare_type"": ""token"", ""transport_mode"": ""metro""}","{""origin_id"": ""METRO_WASHERMENPET"", ""destination_id"": ""METRO_CHENNAI_INTERNATIONAL_AIRPORT""}",ANSWERABLE_NOW,template_instantiation,TMPL_FARE_CALCULATION_EN_13
PILOT_T2_TR_003427,,SFAM_TICKETING_AND_PASSES_009,FAM_TICKETING_AND_PASSES_009,PARA_TICKETING_AND_PASSES_8_0,T2_MEDIUM_V1,ticketing_rules,GET_TICKETING_POLICY,Please tell: What are the rules and procedure to purchase a WhatsApp QR Ticket for commuters? [pass F9] #2,en,Latn,CS0,N0,"{""ticket_type"": ""qr_ticket"", ""transport_mode"": ""transit""}",{},ANSWERABLE_NOW,template_instantiation,TMPL_TICKETING_AND_PASSES_EN_8
PILOT_T2_TR_003428,,SFAM_STATION_FACILITIES_007,FAM_STATION_FACILITIES_007,PARA_STATION_FACILITIES_6_3,T2_MEDIUM_V1,station_facilities,GET_STATION_FACILITY,Quick check: Does Vadapalani station premises include operational EV vehicle charging (F7)? #4,hi-en,Latn,CS3,N0,"{""station"": ""Vadapalani"", ""facility_type"": ""ev_charging"", ""transport_mode"": ""metro""}","{""station_id"": ""METRO_VADAPALANI""}",ANSWERABLE_NOW,template_instantiation,TMPL_STATION_FACILITIES_HINGLISH_LATN_6
PILOT_T2_TR_003429,,SFAM_MODE_AVAILABILITY_017,FAM_MODE_AVAILABILITY_017,PARA_MODE_AVAILABILITY_16_1,T2_MEDIUM_V1,service_availability,CHECK_SERVICE_AVAILABILITY,Quick check: क्या सेंट थॉमस माउंट से तांबरम के लिए कोई सार्वजनिक बस या ट्रेन उपलब्ध है? (उपलब्धता F17) #4,hi,Deva,CS0,N0,"{""origin"": ""सेंट थॉमस माउंट"", ""destination"": ""तांबरम"", ""transport_mode"": ""सार्वजनिक बस या ट्रेन""}","{""origin_id"": ""METRO_ST__THOMAS_MOUNT"", ""destination_id"": ""BUS_5304399879""}",ANSWERABLE_WITH_PROVISIONAL_DATA,template_instantiation,TMPL_MODE_AVAILABILITY_HI_DEVA_16
PILOT_T2_TR_003430,,SFAM_FARE_CALCULATION_012,FAM_FARE_CALCULATION_012,PARA_FARE_CALCULATION_11_2,T2_MEDIUM_V1,fare_query,CALCULATE_FARE,Quick check: thousand lights se kilpauk metro ride ka standard ticket cost kitna hoga? [kiraya F12] #4,hi,Latn,CS0,N0,"{""origin"": ""thousand lights"", ""destination"": ""kilpauk"", ""transport_mode"": ""metro""}","{""origin_id"": ""METRO_THOUSAND_LIGHTS"", ""destination_id"": ""METRO_KILPAUK""}",ANSWERABLE_NOW,template_instantiation,TMPL_FARE_CALCULATION_HI_LATN_11
PILOT_T2_TR_003431,,SFAM_FARE_CALCULATION_013,FAM_FARE_CALCULATION_013,PARA_FARE_CALCULATION_12_3,T2_MEDIUM_V1,fare_query,CALCULATE_FARE,"Excuse me, Calculate fare for travel between Wimco Nagar Depot and Pachaiyappa College stations (F13) #6",hi-en,Latn,CS3,N2,"{""origin"": ""Wimco Nagar Depot"", ""destination"": ""Pachaiyappa College"", ""transport_mode"": ""metro""}","{""origin_id"": ""METRO_WIMCO_NAGAR"", ""destination_id"": ""METRO_PACHAIYAPPA_S_COLLEGE""}",ANSWERABLE_NOW,template_instantiation,TMPL_FARE_CALCULATION_HINGLISH_LATN_12
PILOT_T2_TR_003432,,SFAM_MULTIMODAL_ROUTE_011,FAM_MULTIMODAL_ROUTE_011,PARA_MULTIMODAL_ROUTE_10_2,T2_MEDIUM_V1,route_query,PLAN_MULTIMODAL_ROUTE,Please tell: kalpakkam se nehru park bus aur metro switch karke shortest transit kya hai? [opt F11] #2,hi,Latn,CS0,N0,"{""origin"": ""kalpakkam"", ""destination"": ""nehru park"", ""transport_mode"": ""bus aur metro""}","{""origin_id"": ""BUS_30143150"", ""destination_id"": ""METRO_NEHRU_PARK""}",ANSWERABLE_WITH_PROVISIONAL_DATA,template_instantiation,TMPL_MULTIMODAL_ROUTE_HI_LATN_10
PILOT_T2_TR_003433,,SFAM_SERVICE_FREQUENCY_009,FAM_SERVICE_FREQUENCY_009,PARA_SERVICE_FREQUENCY_8_2,T2_MEDIUM_V1,service_timing,GET_SERVICE_FREQUENCY,thirumangalam to saidapet metro service ka regular interval headway kya hai? [interval F9],hi,Latn,CS0,N0,"{""origin"": ""thirumangalam"", ""destination"": ""saidapet"", ""timing_type"": ""frequency"", ""transport_mode"": ""metro""}","{""origin_id"": ""METRO_THIRUMANGALAM"", ""destination_id"": ""METRO_SAIDAPET""}",ANSWERABLE_NOW,template_instantiation,TMPL_SERVICE_FREQUENCY_HI_LATN_8
PILOT_T2_TR_003434,,SFAM_INTERCHANGE_TRANSFER_008,FAM_INTERCHANGE_TRANSFER_008,PARA_INTERCHANGE_TRANSFER_7_4,T2_MEDIUM_V1,interchange_query,GET_INTERCHANGE_DETAILS,High Court interchange par line switch connection point details check F8,hi-en,Deva+Latn,CS4,N0,"{""station"": ""High Court"", ""facility_type"": ""interchange""}","{""station_id"": ""METRO_HIGHCOURT""}",ANSWERABLE_AFTER_MANUAL_VERIFICATION,template_instantiation,TMPL_INTERCHANGE_TRANSFER_MIXED_SCRIPT_CS_7
PILOT_T2_TR_003435,,SFAM_ROUTE_STOP_MEMBERSHIP_010,FAM_ROUTE_STOP_MEMBERSHIP_010,PARA_ROUTE_STOP_MEMBERSHIP_9_0,T2_MEDIUM_V1,route_stops,CHECK_STOP_ON_ROUTE,Could you specify Does bus route 12G make a scheduled halt at Karunguzhi? [chk F10]? #3,en,Latn,CS0,N0,"{""route_number"": ""12G"", ""stop"": ""Karunguzhi"", ""transport_mode"": ""bus""}","{""route_id"": ""GTFS_ROUTE_18750"", ""stop_id"": ""BUS_5274698920""}",ANSWERABLE_WITH_PROVISIONAL_DATA,template_instantiation,TMPL_ROUTE_STOP_MEMBERSHIP_EN_9
PILOT_T2_TR_003436,,SFAM_INTERCHANGE_TRANSFER_003,FAM_INTERCHANGE_TRANSFER_003,PARA_INTERCHANGE_TRANSFER_2_3,T2_MEDIUM_V1,interchange_query,GET_INTERCHANGE_DETAILS,"Hello assistant, Transfer walking time and directions at Guindy multimodal terminal (F3) #7",hi-en,Latn,CS3,N0,"{""station"": ""Guindy"", ""facility_type"": ""interchange""}","{""station_id"": ""METRO_GUINDY""}",ANSWERABLE_AFTER_MANUAL_VERIFICATION,template_instantiation,TMPL_INTERCHANGE_TRANSFER_HINGLISH_LATN_2
PILOT_T2_TR_003437,,SFAM_FARE_CALCULATION_007,FAM_FARE_CALCULATION_007,PARA_FARE_CALCULATION_6_2,T2_MEDIUM_V1,fare_query,CALCULATE_FARE,Please tell: vadapalani se washermenpet metro ride ka standard ticket cost kitna hoga? [kiraya F7] #2,hi,Latn,CS0,N1,"{""origin"": ""vadapalani"", ""destination"": ""washermenpet"", ""transport_mode"": ""metro""}","{""origin_id"": ""METRO_VADAPALANI"", ""destination_id"": ""METRO_WASHERMENPET""}",ANSWERABLE_NOW,template_instantiation,TMPL_FARE_CALCULATION_HI_LATN_6
PILOT_T2_TR_003438,,SFAM_SCHEDULED_DEPARTURE_001,FAM_SCHEDULED_DEPARTURE_001,PARA_SCHEDULED_DEPARTURE_0_2,T2_MEDIUM_V1,service_timing,GET_SCHEDULED_DEPARTURES,Please tell: airport se sham 7 baje departure timing schedule bataye. [timetable F1] #2,hi,Latn,CS0,N0,"{""origin"": ""airport"", ""time"": ""sham 7 baje"", ""resolved_time"": ""19:00:00""}","{""origin_id"": ""METRO_CHENNAI_INTERNATIONAL_AIRPORT""}",ANSWERABLE_NOW,template_instantiation,TMPL_SCHEDULED_DEPARTURE_HI_LATN_0
PILOT_T2_TR_003439,,SFAM_ROUTE_STOP_MEMBERSHIP_009,FAM_ROUTE_STOP_MEMBERSHIP_009,PARA_ROUTE_STOP_MEMBERSHIP_8_2,T2_MEDIUM_V1,route_stops,CHECK_STOP_ON_ROUTE,kya bus 29A ka madurantakam par stoppage hai confirm kare? [check F9],hi,Latn,CS0,N1,"{""route_number"": ""29A"", ""stop"": ""madurantakam"", ""transport_mode"": ""bus""}","{""route_id"": ""GTFS_ROUTE_18751"", ""stop_id"": ""BUS_5306412986""}",ANSWERABLE_WITH_PROVISIONAL_DATA,template_instantiation,TMPL_ROUTE_STOP_MEMBERSHIP_HI_LATN_8
PILOT_T2_TR_003440,,SFAM_ROUTE_STOP_MEMBERSHIP_003,FAM_ROUTE_STOP_MEMBERSHIP_003,PARA_ROUTE_STOP_MEMBERSHIP_2_2,T2_MEDIUM_V1,route_stops,CHECK_STOP_ON_ROUTE,kya bus 102A ka adyar par stoppage hai confirm kare? [check F3],hi,Latn,CS0,N1,"{""route_number"": ""102A"", ""stop"": ""adyar"", ""transport_mode"": ""bus""}","{""route_id"": ""GTFS_ROUTE_10248"", ""stop_id"": ""BUS_2587520213""}",ANSWERABLE_WITH_PROVISIONAL_DATA,template_instantiation,TMPL_ROUTE_STOP_MEMBERSHIP_HI_LATN_2
PILOT_T2_TR_003441,,SFAM_MULTIMODAL_ROUTE_019,FAM_MULTIMODAL_ROUTE_019,PARA_MULTIMODAL_ROUTE_18_0,T2_MEDIUM_V1,route_query,PLAN_MULTIMODAL_ROUTE,Could you specify What is the combined bus and metro route from Adyar to Koyambedu? [plan F19]? #3,en,Latn,CS0,N0,"{""origin"": ""Adyar"", ""destination"": ""Koyambedu"", ""transport_mode"": ""multimodal""}","{""origin_id"": ""BUS_2587520213"", ""destination_id"": ""METRO_KOYAMBEDU""}",ANSWERABLE_WITH_PROVISIONAL_DATA,template_instantiation,TMPL_MULTIMODAL_ROUTE_EN_18
PILOT_T2_TR_003442,,SFAM_STATION_FACILITIES_007,FAM_STATION_FACILITIES_007,PARA_STATION_FACILITIES_6_1,T2_MEDIUM_V1,station_facilities,GET_STATION_FACILITY,Quick check: क्या वडपलनी मेट्रो स्टेशन पर ईवी चार्जिंग की व्यवस्था उपलब्ध है? (सुविधा F7) #4,hi,Deva,CS0,N0,"{""station"": ""वडपलनी"", ""facility_type"": ""ev_charging"", ""transport_mode"": ""मेट्रो""}","{""station_id"": ""METRO_VADAPALANI""}",ANSWERABLE_NOW,template_instantiation,TMPL_STATION_FACILITIES_HI_DEVA_6
PILOT_T2_TR_003443,,SFAM_MODE_AVAILABILITY_012,FAM_MODE_AVAILABILITY_012,PARA_MODE_AVAILABILITY_11_1,T2_MEDIUM_V1,service_availability,CHECK_SERVICE_AVAILABILITY,"Excuse me, क्या थाउजेंड लाइट्स से वालाजाबाद के लिए कोई सार्वजनिक बस या ट्रेन उपलब्ध है? (उपलब्धता F12) #6",hi,Deva,CS0,N0,"{""origin"": ""थाउजेंड लाइट्स"", ""destination"": ""वालाजाबाद"", ""transport_mode"": ""सार्वजनिक बस या ट्रेन""}","{""origin_id"": ""METRO_THOUSAND_LIGHTS"", ""destination_id"": ""BUS_261716087""}",ANSWERABLE_WITH_PROVISIONAL_DATA,template_instantiation,TMPL_MODE_AVAILABILITY_HI_DEVA_11
PILOT_T2_TR_003444,,SFAM_MODE_AVAILABILITY_018,FAM_MODE_AVAILABILITY_018,PARA_MODE_AVAILABILITY_17_1,T2_MEDIUM_V1,service_availability,CHECK_SERVICE_AVAILABILITY,क्या नेहरू पार्क से ब्रॉडवे के लिए कोई सार्वजनिक बस या ट्रेन उपलब्ध है? (उपलब्धता F18),hi,Deva,CS0,N1,"{""origin"": ""नेहरू पार्क"", ""destination"": ""ब्रॉडवे"", ""transport_mode"": ""सार्वजनिक बस या ट्रेन""}","{""origin_id"": ""METRO_NEHRU_PARK"", ""destination_id"": ""BUS_27618346""}",ANSWERABLE_WITH_PROVISIONAL_DATA,template_instantiation,TMPL_MODE_AVAILABILITY_HI_DEVA_17
PILOT_T2_TR_003445,,SFAM_MODE_AVAILABILITY_002,FAM_MODE_AVAILABILITY_002,PARA_MODE_AVAILABILITY_1_4,T2_MEDIUM_V1,service_availability,CHECK_SERVICE_AVAILABILITY,क्या Chennai Central से Broadway transport line active hai mode info F2,hi-en,Deva+Latn,CS4,N0,"{""origin"": ""Chennai Central"", ""destination"": ""Broadway"", ""transport_mode"": ""transport""}","{""origin_id"": ""METRO_PURATCHI_THALAIVAR_DR__M_G_RAMACHANDRAN_CENTRAL"", ""destination_id"": ""BUS_27618346""}",ANSWERABLE_WITH_PROVISIONAL_DATA,template_instantiation,TMPL_MODE_AVAILABILITY_MIXED_SCRIPT_CS_1
PILOT_T2_TR_003446,,SFAM_SCHEDULED_DEPARTURE_002,FAM_SCHEDULED_DEPARTURE_002,PARA_SCHEDULED_DEPARTURE_1_3,T2_MEDIUM_V1,service_timing,GET_SCHEDULED_DEPARTURES,Chennai Central station se kal 8 baje train schedule kya hoga (F2),hi-en,Latn,CS3,N0,"{""origin"": ""Chennai Central"", ""temporal_relative"": ""kal"", ""resolved_temporal_offset"": ""UNRESOLVED_TEMPORAL_AMBIGUITY"", ""time"": ""8 baje"", ""temporal_ambiguity"": true, ""dual_candidates"": [""08:00:00"", ""20:00:00""]}","{""origin_id"": ""METRO_PURATCHI_THALAIVAR_DR__M_G_RAMACHANDRAN_CENTRAL""}",ANSWERABLE_NOW,template_instantiation,TMPL_SCHEDULED_DEPARTURE_HINGLISH_LATN_1
PILOT_T2_TR_003447,,SFAM_OUT_OF_SCOPE_015,FAM_OUT_OF_SCOPE_015,PARA_OUT_OF_SCOPE_14_1,T2_MEDIUM_V1,out_of_scope,REJECT_OUT_OF_SCOPE,Transit query: लिटिल माउंट के निकटतम सबसे अच्छे रेस्टोरेंट और भोजनालय की सूची दें। (बाहर F15) #5,hi,Deva,CS0,N2,"{""station"": ""लिटिल माउंट""}","{""station_id"": ""METRO_LITTLE_MOUNT""}",OUT_OF_SCOPE,template_instantiation,TMPL_OUT_OF_SCOPE_HI_DEVA_14
PILOT_T2_TR_003448,,SFAM_INTERCHANGE_TRANSFER_010,FAM_INTERCHANGE_TRANSFER_010,PARA_INTERCHANGE_TRANSFER_9_0,T2_MEDIUM_V1,interchange_query,GET_INTERCHANGE_DETAILS,Please tell: How do I switch lines to connect towards St. Thomas Mount at Anna Nagar Tower interchange? [xfer F10] #2,en,Latn,CS0,N0,"{""station"": ""Anna Nagar Tower"", ""destination"": ""St. Thomas Mount"", ""facility_type"": ""interchange""}","{""station_id"": ""METRO_ANNA_NAGAR_TOWER"", ""destination_id"": ""METRO_ST__THOMAS_MOUNT""}",ANSWERABLE_AFTER_MANUAL_VERIFICATION,template_instantiation,TMPL_INTERCHANGE_TRANSFER_EN_9
PILOT_T2_TR_003449,,SFAM_MULTIMODAL_ROUTE_017,FAM_MULTIMODAL_ROUTE_017,PARA_MULTIMODAL_ROUTE_16_0,T2_MEDIUM_V1,route_query,PLAN_MULTIMODAL_ROUTE,Please tell: What is the combined bus and metro route from Tambaram to Alandur? [plan F17] #2,en,Latn,CS0,N0,"{""origin"": ""Tambaram"", ""destination"": ""Alandur"", ""transport_mode"": ""multimodal""}","{""origin_id"": ""BUS_5304399879"", ""destination_id"": ""METRO_ARIGNAR_ANNA_ALANDUR""}",ANSWERABLE_WITH_PROVISIONAL_DATA,template_instantiation,TMPL_MULTIMODAL_ROUTE_EN_16
PILOT_T2_TR_003450,,SFAM_TICKETING_AND_PASSES_004,FAM_TICKETING_AND_PASSES_004,PARA_TICKETING_AND_PASSES_3_0,T2_MEDIUM_V1,ticketing_rules,GET_TICKETING_POLICY,What are the rules and procedure to purchase a Tourist One-Day Pass for commuters? [pass F4],en,Latn,CS0,N0,"{""ticket_type"": ""tourist_card"", ""transport_mode"": ""transit""}",{},ANSWERABLE_NOW,template_instantiation,TMPL_TICKETING_AND_PASSES_EN_3
PILOT_T2_TR_003451,,SFAM_MODE_AVAILABILITY_003,FAM_MODE_AVAILABILITY_003,PARA_MODE_AVAILABILITY_2_1,T2_MEDIUM_V1,service_availability,CHECK_SERVICE_AVAILABILITY,Could you specify क्या गिंडी से अडयार के लिए कोई सार्वजनिक बस या ट्रेन उपलब्ध है? (उपलब्धता F3)? #3,hi,Deva,CS0,N0,"{""origin"": ""गिंडी"", ""destination"": ""अडयार"", ""transport_mode"": ""सार्वजनिक बस या ट्रेन""}","{""origin_id"": ""METRO_GUINDY"", ""destination_id"": ""BUS_2587520213""}",ANSWERABLE_WITH_PROVISIONAL_DATA,template_instantiation,TMPL_MODE_AVAILABILITY_HI_DEVA_2
PILOT_T2_TR_003452,,SFAM_SCHEDULED_DEPARTURE_004,FAM_SCHEDULED_DEPARTURE_004,PARA_SCHEDULED_DEPARTURE_3_3,T2_MEDIUM_V1,service_timing,GET_SCHEDULED_DEPARTURES,Alandur station se kal 8 baje train schedule kya hoga (F4),hi-en,Latn,CS3,N1,"{""origin"": ""Alandur"", ""temporal_relative"": ""kal"", ""resolved_temporal_offset"": ""UNRESOLVED_TEMPORAL_AMBIGUITY"", ""time"": ""8 baje"", ""temporal_ambiguity"": true, ""dual_candidates"": [""08:00:00"", ""20:00:00""]}","{""origin_id"": ""METRO_ARIGNAR_ANNA_ALANDUR""}",ANSWERABLE_NOW,template_instantiation,TMPL_SCHEDULED_DEPARTURE_HINGLISH_LATN_3
PILOT_T2_TR_003453,,SFAM_STATION_ACCESSIBILITY_005,FAM_STATION_ACCESSIBILITY_005,PARA_STATION_ACCESSIBILITY_4_3,T2_MEDIUM_V1,accessibility,GET_ACCESSIBILITY_INFO,Verification of accessible wheelchair ramp support at CMBT metro (F5),hi-en,Latn,CS3,N0,"{""station"": ""CMBT"", ""accessibility_feature"": ""wheelchair"", ""transport_mode"": ""metro""}","{""station_id"": ""METRO_PURATCHI_THALAIVI_DR_J_JAYALALITHAA_CMBT""}",ANSWERABLE_NOW,template_instantiation,TMPL_STATION_ACCESSIBILITY_HINGLISH_LATN_4
PILOT_T2_TR_003454,,SFAM_TICKETING_AND_PASSES_015,FAM_TICKETING_AND_PASSES_015,PARA_TICKETING_AND_PASSES_14_0,T2_MEDIUM_V1,ticketing_rules,GET_TICKETING_POLICY,Transit query: What are the rules and procedure to purchase a WhatsApp QR Ticket for commuters? [pass F15] #5,en,Latn,CS0,N0,"{""ticket_type"": ""qr_ticket"", ""transport_mode"": ""transit""}",{},ANSWERABLE_NOW,template_instantiation,TMPL_TICKETING_AND_PASSES_EN_14
PILOT_T2_TR_003455,,SFAM_STATION_FACILITIES_001,FAM_STATION_FACILITIES_001,PARA_STATION_FACILITIES_0_2,T2_MEDIUM_V1,station_facilities,GET_STATION_FACILITY,Could you specify kya airport station par passenger car parking service available hai? [amenity F1]? #3,hi,Latn,CS0,N0,"{""station"": ""airport"", ""facility_type"": ""parking"", ""transport_mode"": ""metro""}","{""station_id"": ""METRO_CHENNAI_INTERNATIONAL_AIRPORT""}",ANSWERABLE_NOW,template_instantiation,TMPL_STATION_FACILITIES_HI_LATN_0
PILOT_T2_TR_003456,,SFAM_NEAREST_TRANSPORT_001,FAM_NEAREST_TRANSPORT_001,PARA_NEAREST_TRANSPORT_0_4,T2_MEDIUM_V1,nearest_transport,FIND_NEAREST_STATION,Could you specify Marina Beach ke pass nearest metro stop connection distance bataye F1? #3,hi-en,Deva+Latn,CS4,N1,"{""landmark"": ""Marina Beach"", ""transport_mode"": ""metro""}","{""place_id"": ""OSM_POI_12137617372""}",ANSWERABLE_NOW,template_instantiation,TMPL_NEAREST_TRANSPORT_MIXED_SCRIPT_CS_0
PILOT_T2_TR_003457,,SFAM_OUT_OF_SCOPE_010,FAM_OUT_OF_SCOPE_010,PARA_OUT_OF_SCOPE_9_3,T2_MEDIUM_V1,out_of_scope,REJECT_OUT_OF_SCOPE,Please tell: What is the general weather rain forecast in Chennai near Padalam Hospital today (F10)? #2,hi-en,Latn,CS3,N0,"{""landmark"": ""Padalam Hospital""}","{""place_id"": ""OSM_POI_7257518724""}",OUT_OF_SCOPE,template_instantiation,TMPL_OUT_OF_SCOPE_HINGLISH_LATN_9
PILOT_T2_TR_003458,,SFAM_MODE_AVAILABILITY_003,FAM_MODE_AVAILABILITY_003,PARA_MODE_AVAILABILITY_2_3,T2_MEDIUM_V1,service_availability,CHECK_SERVICE_AVAILABILITY,Could you specify Is public transit operational connecting Guindy and Adyar (F3)?? #3,hi-en,Latn,CS3,N1,"{""origin"": ""Guindy"", ""destination"": ""Adyar"", ""transport_mode"": ""public transit""}","{""origin_id"": ""METRO_GUINDY"", ""destination_id"": ""BUS_2587520213""}",ANSWERABLE_WITH_PROVISIONAL_DATA,template_instantiation,TMPL_MODE_AVAILABILITY_HINGLISH_LATN_2
PILOT_T2_TR_003459,,SFAM_STATION_ACCESSIBILITY_008,FAM_STATION_ACCESSIBILITY_008,PARA_STATION_ACCESSIBILITY_7_1,T2_MEDIUM_V1,accessibility,GET_ACCESSIBILITY_INFO,Quick check: क्या हाई कोर्ट स्टेशन पर दिव्यांग यात्रियों के लिए एस्केलेटर उपलब्ध है? (सुलभता F8) #4,hi,Deva,CS0,N0,"{""station"": ""हाई कोर्ट"", ""accessibility_feature"": ""escalator"", ""transport_mode"": ""मेट्रो""}","{""station_id"": ""METRO_HIGHCOURT""}",ANSWERABLE_NOW,template_instantiation,TMPL_STATION_ACCESSIBILITY_HI_DEVA_7
PILOT_T2_TR_003460,,SFAM_NEAREST_TRANSPORT_014,FAM_NEAREST_TRANSPORT_014,PARA_NEAREST_TRANSPORT_13_4,T2_MEDIUM_V1,nearest_transport,FIND_NEAREST_STATION,Please tell: Maritime Institute ke pass nearest metro stop connection distance bataye F14 #2,hi-en,Deva+Latn,CS4,N0,"{""landmark"": ""Maritime Institute"", ""transport_mode"": ""metro""}","{""place_id"": ""OSM_POI_314081186""}",ANSWERABLE_NOW,template_instantiation,TMPL_NEAREST_TRANSPORT_MIXED_SCRIPT_CS_13
PILOT_T2_TR_003461,,SFAM_SCHEDULED_DEPARTURE_011,FAM_SCHEDULED_DEPARTURE_011,PARA_SCHEDULED_DEPARTURE_10_3,T2_MEDIUM_V1,service_timing,GET_SCHEDULED_DEPARTURES,Egmore station se kal 8 baje train schedule kya hoga (F11),hi-en,Latn,CS3,N0,"{""origin"": ""Egmore"", ""temporal_relative"": ""kal"", ""resolved_temporal_offset"": ""UNRESOLVED_TEMPORAL_AMBIGUITY"", ""time"": ""8 baje"", ""temporal_ambiguity"": true, ""dual_candidates"": [""08:00:00"", ""20:00:00""]}","{""origin_id"": ""METRO_EGMORE""}",ANSWERABLE_NOW,template_instantiation,TMPL_SCHEDULED_DEPARTURE_HINGLISH_LATN_10
PILOT_T2_TR_003462,,SFAM_REALTIME_STATUS_QUERY_019,FAM_REALTIME_STATUS_QUERY_019,PARA_REALTIME_STATUS_QUERY_18_1,T2_MEDIUM_V1,realtime_status_query,REJECT_UNSUPPORTED_REALTIME,क्या किल्पौक से आने वाली ट्रेन अभी लेट चल रही है लाइव स्थिति बताएं? (ताज़ा F19),hi,Deva,CS0,N1,"{""origin"": ""किल्पौक"", ""transport_mode"": ""ट्रेन""}","{""origin_id"": ""METRO_KILPAUK""}",REQUIRES_REALTIME_DATA,template_instantiation,TMPL_REALTIME_STATUS_QUERY_HI_DEVA_18
PILOT_T2_TR_003463,,SFAM_MODE_AVAILABILITY_001,FAM_MODE_AVAILABILITY_001,PARA_MODE_AVAILABILITY_0_0,T2_MEDIUM_V1,service_availability,CHECK_SERVICE_AVAILABILITY,Could you specify Are there direct public transport options from Airport to Tambaram? [avail F1]? #3,en,Latn,CS0,N0,"{""origin"": ""Airport"", ""destination"": ""Tambaram"", ""transport_mode"": ""any""}","{""origin_id"": ""METRO_CHENNAI_INTERNATIONAL_AIRPORT"", ""destination_id"": ""BUS_5304399879""}",ANSWERABLE_WITH_PROVISIONAL_DATA,template_instantiation,TMPL_MODE_AVAILABILITY_EN_0
PILOT_T2_TR_003464,,SFAM_TICKETING_AND_PASSES_005,FAM_TICKETING_AND_PASSES_005,PARA_TICKETING_AND_PASSES_4_2,T2_MEDIUM_V1,ticketing_rules,GET_TICKETING_POLICY,student pass recharge karne ka guidelines aur validity rule bataye. [card F5],hi,Latn,CS0,N0,"{""ticket_type"": ""student_pass"", ""transport_mode"": ""transit""}",{},ANSWERABLE_NOW,template_instantiation,TMPL_TICKETING_AND_PASSES_HI_LATN_4
PILOT_T2_TR_003465,,SFAM_TICKETING_AND_PASSES_011,FAM_TICKETING_AND_PASSES_011,PARA_TICKETING_AND_PASSES_10_2,T2_MEDIUM_V1,ticketing_rules,GET_TICKETING_POLICY,student pass recharge karne ka guidelines aur validity rule bataye. [card F11],hi,Latn,CS0,N0,"{""ticket_type"": ""student_pass"", ""transport_mode"": ""transit""}",{},ANSWERABLE_NOW,template_instantiation,TMPL_TICKETING_AND_PASSES_HI_LATN_10
PILOT_T2_TR_003466,,SFAM_INTERCHANGE_TRANSFER_015,FAM_INTERCHANGE_TRANSFER_015,PARA_INTERCHANGE_TRANSFER_14_0,T2_MEDIUM_V1,interchange_query,GET_INTERCHANGE_DETAILS,Transit query: How do I switch lines to connect towards Chennai Central at Little Mount interchange? [xfer F15] #5,en,Latn,CS0,N0,"{""station"": ""Little Mount"", ""destination"": ""Chennai Central"", ""facility_type"": ""interchange""}","{""station_id"": ""METRO_LITTLE_MOUNT"", ""destination_id"": ""METRO_PURATCHI_THALAIVAR_DR__M_G_RAMACHANDRAN_CENTRAL""}",ANSWERABLE_AFTER_MANUAL_VERIFICATION,template_instantiation,TMPL_INTERCHANGE_TRANSFER_EN_14
PILOT_T2_TR_003467,,SFAM_ROUTE_STOP_MEMBERSHIP_012,FAM_ROUTE_STOP_MEMBERSHIP_012,PARA_ROUTE_STOP_MEMBERSHIP_11_1,T2_MEDIUM_V1,route_stops,CHECK_STOP_ON_ROUTE,Please tell: क्या बस 22 CT वालाजाबाद स्टॉप पर रुकती है? (जांच F12) #2,hi,Deva,CS0,N0,"{""route_number"": ""22 CT"", ""stop"": ""वालाजाबाद"", ""transport_mode"": ""बस""}","{""route_id"": ""GTFS_ROUTE_18753"", ""stop_id"": ""BUS_261716087""}",ANSWERABLE_WITH_PROVISIONAL_DATA,template_instantiation,TMPL_ROUTE_STOP_MEMBERSHIP_HI_DEVA_11
PILOT_T2_TR_003468,,SFAM_TICKETING_AND_PASSES_004,FAM_TICKETING_AND_PASSES_004,PARA_TICKETING_AND_PASSES_3_4,T2_MEDIUM_V1,ticketing_rules,GET_TICKETING_POLICY,Commuter Tourist One-Day Pass ke application aur terms ki complete details F4,hi-en,Deva+Latn,CS4,N0,"{""ticket_type"": ""tourist_card"", ""transport_mode"": ""transit""}",{},ANSWERABLE_NOW,template_instantiation,TMPL_TICKETING_AND_PASSES_MIXED_SCRIPT_CS_3
PILOT_T2_TR_003469,,SFAM_OUT_OF_SCOPE_013,FAM_OUT_OF_SCOPE_013,PARA_OUT_OF_SCOPE_12_2,T2_MEDIUM_V1,out_of_scope,REJECT_OUT_OF_SCOPE,Could you specify wimco nagar depot airport terminal ke flight delay timings check kijiye. [bahar F13]? #3,hi,Latn,CS0,N0,"{""station"": ""wimco nagar depot""}","{""station_id"": ""METRO_WIMCO_NAGAR""}",OUT_OF_SCOPE,template_instantiation,TMPL_OUT_OF_SCOPE_HI_LATN_12
PILOT_T2_TR_003470,,SFAM_NEAREST_TRANSPORT_013,FAM_NEAREST_TRANSPORT_013,PARA_NEAREST_TRANSPORT_12_1,T2_MEDIUM_V1,nearest_transport,FIND_NEAREST_STATION,Quick check: ग्रेट लेक्स संस्थान के सबसे निकटतम मेट्रो स्टेशन या बस स्टॉप कौन सा है? (निकट F13) #4,hi,Deva,CS0,N0,"{""landmark"": ""ग्रेट लेक्स संस्थान"", ""transport_mode"": ""मेट्रो या बस""}","{""place_id"": ""OSM_POI_577328882""}",ANSWERABLE_NOW,template_instantiation,TMPL_NEAREST_TRANSPORT_HI_DEVA_12
PILOT_T2_TR_003471,,SFAM_FARE_CALCULATION_015,FAM_FARE_CALCULATION_015,PARA_FARE_CALCULATION_14_3,T2_MEDIUM_V1,fare_query,CALCULATE_FARE,"Excuse me, Calculate fare for travel between Little Mount and Chennai Central stations (F15) #6",hi-en,Latn,CS3,N2,"{""origin"": ""Little Mount"", ""destination"": ""Chennai Central"", ""transport_mode"": ""metro""}","{""origin_id"": ""METRO_LITTLE_MOUNT"", ""destination_id"": ""METRO_PURATCHI_THALAIVAR_DR__M_G_RAMACHANDRAN_CENTRAL""}",ANSWERABLE_NOW,template_instantiation,TMPL_FARE_CALCULATION_HINGLISH_LATN_14
PILOT_T2_TR_003472,,SFAM_TICKETING_AND_PASSES_018,FAM_TICKETING_AND_PASSES_018,PARA_TICKETING_AND_PASSES_17_3,T2_MEDIUM_V1,ticketing_rules,GET_TICKETING_POLICY,Could you specify How can regular passengers apply for and renew National Common Mobility Card (F18)?? #3,hi-en,Latn,CS3,N0,"{""ticket_type"": ""ncmc_card"", ""transport_mode"": ""transit""}",{},ANSWERABLE_NOW,template_instantiation,TMPL_TICKETING_AND_PASSES_HINGLISH_LATN_17
PILOT_T2_TR_003473,,SFAM_REALTIME_STATUS_QUERY_008,FAM_REALTIME_STATUS_QUERY_008,PARA_REALTIME_STATUS_QUERY_7_1,T2_MEDIUM_V1,realtime_status_query,REJECT_UNSUPPORTED_REALTIME,Quick check: क्या हाई कोर्ट से आने वाली ट्रेन अभी लेट चल रही है लाइव स्थिति बताएं? (ताज़ा F8) #4,hi,Deva,CS0,N0,"{""origin"": ""हाई कोर्ट"", ""transport_mode"": ""ट्रेन""}","{""origin_id"": ""METRO_HIGHCOURT""}",REQUIRES_REALTIME_DATA,template_instantiation,TMPL_REALTIME_STATUS_QUERY_HI_DEVA_7
PILOT_T2_TR_003474,,SFAM_NEAREST_TRANSPORT_010,FAM_NEAREST_TRANSPORT_010,PARA_NEAREST_TRANSPORT_9_3,T2_MEDIUM_V1,nearest_transport,FIND_NEAREST_STATION,Could you specify Find closest public transport access point near Padalam Hospital (F10)? #3,hi-en,Latn,CS3,N0,"{""landmark"": ""Padalam Hospital"", ""transport_mode"": ""public transport""}","{""place_id"": ""OSM_POI_7257518724""}",ANSWERABLE_NOW,template_instantiation,TMPL_NEAREST_TRANSPORT_HINGLISH_LATN_9
PILOT_T2_TR_003475,,SFAM_STATION_ACCESSIBILITY_003,FAM_STATION_ACCESSIBILITY_003,PARA_STATION_ACCESSIBILITY_2_2,T2_MEDIUM_V1,accessibility,GET_ACCESSIBILITY_INFO,Could you specify kya guindy metro station me wheelchair disabled ke liye tactile paths for blind hai? [barrier-free F3]? #3,hi,Latn,CS0,N0,"{""station"": ""guindy"", ""accessibility_feature"": ""tactile_path"", ""transport_mode"": ""metro""}","{""station_id"": ""METRO_GUINDY""}",ANSWERABLE_NOW,template_instantiation,TMPL_STATION_ACCESSIBILITY_HI_LATN_2
PILOT_T2_TR_003476,,SFAM_TICKETING_AND_PASSES_004,FAM_TICKETING_AND_PASSES_004,PARA_TICKETING_AND_PASSES_3_1,T2_MEDIUM_V1,ticketing_rules,GET_TICKETING_POLICY,Transit query: यात्रियों के लिए टूरिस्ट कार्ड प्राप्त करने के नियम और प्रक्रिया क्या हैं? (पास F4) #5,hi,Deva,CS0,N0,"{""ticket_type"": ""tourist_card"", ""transport_mode"": ""पारगमन""}",{},ANSWERABLE_NOW,template_instantiation,TMPL_TICKETING_AND_PASSES_HI_DEVA_3
PILOT_T2_TR_003477,,SFAM_OUT_OF_SCOPE_010,FAM_OUT_OF_SCOPE_010,PARA_OUT_OF_SCOPE_9_0,T2_MEDIUM_V1,out_of_scope,REJECT_OUT_OF_SCOPE,Book a private cab taxi ride from Anna Nagar Tower to St. Thomas Mount. [cab F10],en,Latn,CS0,N0,"{""origin"": ""Anna Nagar Tower"", ""destination"": ""St. Thomas Mount""}","{""origin_id"": ""METRO_ANNA_NAGAR_TOWER"", ""destination_id"": ""METRO_ST__THOMAS_MOUNT""}",OUT_OF_SCOPE,template_instantiation,TMPL_OUT_OF_SCOPE_EN_9
PILOT_T2_TR_003478,,SFAM_MODE_AVAILABILITY_012,FAM_MODE_AVAILABILITY_012,PARA_MODE_AVAILABILITY_11_0,T2_MEDIUM_V1,service_availability,CHECK_SERVICE_AVAILABILITY,Please tell: Are there direct public transport options from Thousand Lights to Walajabad? [avail F12] #2,en,Latn,CS0,N0,"{""origin"": ""Thousand Lights"", ""destination"": ""Walajabad"", ""transport_mode"": ""any""}","{""origin_id"": ""METRO_THOUSAND_LIGHTS"", ""destination_id"": ""BUS_261716087""}",ANSWERABLE_WITH_PROVISIONAL_DATA,template_instantiation,TMPL_MODE_AVAILABILITY_EN_11
PILOT_T2_TR_003479,,SFAM_STATION_FACILITIES_019,FAM_STATION_FACILITIES_019,PARA_STATION_FACILITIES_18_3,T2_MEDIUM_V1,station_facilities,GET_STATION_FACILITY,Transit query: Does Kilpauk station premises include operational EV vehicle charging (F19)? #5,hi-en,Latn,CS3,N0,"{""station"": ""Kilpauk"", ""facility_type"": ""ev_charging"", ""transport_mode"": ""metro""}","{""station_id"": ""METRO_KILPAUK""}",ANSWERABLE_NOW,template_instantiation,TMPL_STATION_FACILITIES_HINGLISH_LATN_18
PILOT_T2_TR_003480,,SFAM_STATION_FACILITIES_013,FAM_STATION_FACILITIES_013,PARA_STATION_FACILITIES_12_1,T2_MEDIUM_V1,station_facilities,GET_STATION_FACILITY,"Excuse me, क्या विमको नगर मेट्रो स्टेशन पर कार पार्किंग की व्यवस्था उपलब्ध है? (सुविधा F13) #6",hi,Deva,CS0,N0,"{""station"": ""विमको नगर"", ""facility_type"": ""parking"", ""transport_mode"": ""मेट्रो""}","{""station_id"": ""METRO_WIMCO_NAGAR""}",ANSWERABLE_NOW,template_instantiation,TMPL_STATION_FACILITIES_HI_DEVA_12
PILOT_T2_TR_003481,,SFAM_OUT_OF_SCOPE_001,FAM_OUT_OF_SCOPE_001,PARA_OUT_OF_SCOPE_0_0,T2_MEDIUM_V1,out_of_scope,REJECT_OUT_OF_SCOPE,"Excuse me, Book a private cab taxi ride from Airport to High Court. [cab F1] #6",en,Latn,CS0,N0,"{""origin"": ""Airport"", ""destination"": ""High Court""}","{""origin_id"": ""METRO_CHENNAI_INTERNATIONAL_AIRPORT"", ""destination_id"": ""METRO_HIGHCOURT""}",OUT_OF_SCOPE,template_instantiation,TMPL_OUT_OF_SCOPE_EN_0
PILOT_T2_TR_003482,,SFAM_STATION_ACCESSIBILITY_014,FAM_STATION_ACCESSIBILITY_014,PARA_STATION_ACCESSIBILITY_13_1,T2_MEDIUM_V1,accessibility,GET_ACCESSIBILITY_INFO,Quick check: क्या वॉशरमैनपेट स्टेशन पर दिव्यांग यात्रियों के लिए यात्री लिफ्ट उपलब्ध है? (सुलभता F14) #4,hi,Deva,CS0,N0,"{""station"": ""वॉशरमैनपेट"", ""accessibility_feature"": ""lift"", ""transport_mode"": ""मेट्रो""}","{""station_id"": ""METRO_WASHERMENPET""}",ANSWERABLE_NOW,template_instantiation,TMPL_STATION_ACCESSIBILITY_HI_DEVA_13
PILOT_T2_TR_003483,,SFAM_TICKETING_AND_PASSES_008,FAM_TICKETING_AND_PASSES_008,PARA_TICKETING_AND_PASSES_7_3,T2_MEDIUM_V1,ticketing_rules,GET_TICKETING_POLICY,"Excuse me, How can regular passengers apply for and renew Smart Card (F8)? #6",hi-en,Latn,CS3,N2,"{""ticket_type"": ""smart_card"", ""transport_mode"": ""transit""}",{},ANSWERABLE_NOW,template_instantiation,TMPL_TICKETING_AND_PASSES_HINGLISH_LATN_7
PILOT_T2_TR_003484,,SFAM_NEAREST_TRANSPORT_007,FAM_NEAREST_TRANSPORT_007,PARA_NEAREST_TRANSPORT_6_2,T2_MEDIUM_V1,nearest_transport,FIND_NEAREST_STATION,mother child hospital se closest walking distance metro transit point kaunsa hai? [paas F7],hi,Latn,CS0,N0,"{""landmark"": ""mother child hospital"", ""transport_mode"": ""metro""}","{""place_id"": ""OSM_POI_7257518731""}",ANSWERABLE_NOW,template_instantiation,TMPL_NEAREST_TRANSPORT_HI_LATN_6
PILOT_T2_TR_003485,,SFAM_ROUTE_STOP_MEMBERSHIP_002,FAM_ROUTE_STOP_MEMBERSHIP_002,PARA_ROUTE_STOP_MEMBERSHIP_1_0,T2_MEDIUM_V1,route_stops,CHECK_STOP_ON_ROUTE,Could you specify Does bus route 102 make a scheduled halt at Broadway? [chk F2]? #3,en,Latn,CS0,N0,"{""route_number"": ""102"", ""stop"": ""Broadway"", ""transport_mode"": ""bus""}","{""route_id"": ""GTFS_ROUTE_16861"", ""stop_id"": ""BUS_27618346""}",ANSWERABLE_WITH_PROVISIONAL_DATA,template_instantiation,TMPL_ROUTE_STOP_MEMBERSHIP_EN_1
PILOT_T2_TR_003486,,SFAM_TICKETING_AND_PASSES_007,FAM_TICKETING_AND_PASSES_007,PARA_TICKETING_AND_PASSES_6_2,T2_MEDIUM_V1,ticketing_rules,GET_TICKETING_POLICY,monthly pass recharge karne ka guidelines aur validity rule bataye. [card F7],hi,Latn,CS0,N0,"{""ticket_type"": ""monthly_pass"", ""transport_mode"": ""transit""}",{},ANSWERABLE_NOW,template_instantiation,TMPL_TICKETING_AND_PASSES_HI_LATN_6
PILOT_T2_TR_003487,,SFAM_ROUTE_STOP_SEQUENCE_017,FAM_ROUTE_STOP_SEQUENCE_017,PARA_ROUTE_STOP_SEQUENCE_16_1,T2_MEDIUM_V1,route_stops,LIST_ROUTE_STOPS,Please tell: बस रूट 102 के सभी ठहरावों की क्रमबद्ध सूची दिखाएं। (क्रम F17) #2,hi,Deva,CS0,N0,"{""route_number"": ""102"", ""transport_mode"": ""बस""}","{""route_id"": ""GTFS_ROUTE_16861""}",ANSWERABLE_WITH_PROVISIONAL_DATA,template_instantiation,TMPL_ROUTE_STOP_SEQUENCE_HI_DEVA_16
PILOT_T2_TR_003488,,SFAM_NEAREST_TRANSPORT_018,FAM_NEAREST_TRANSPORT_018,PARA_NEAREST_TRANSPORT_17_1,T2_MEDIUM_V1,nearest_transport,FIND_NEAREST_STATION,Transit query: मदुरंतकम अस्पताल के सबसे निकटतम मेट्रो स्टेशन या बस स्टॉप कौन सा है? (निकट F18) #5,hi,Deva,CS0,N2,"{""landmark"": ""मदुरंतकम अस्पताल"", ""transport_mode"": ""मेट्रो या बस""}","{""place_id"": ""OSM_POI_7257518777""}",ANSWERABLE_NOW,template_instantiation,TMPL_NEAREST_TRANSPORT_HI_DEVA_17
PILOT_T2_TR_003489,,SFAM_SCHEDULED_DEPARTURE_013,FAM_SCHEDULED_DEPARTURE_013,PARA_SCHEDULED_DEPARTURE_12_3,T2_MEDIUM_V1,service_timing,GET_SCHEDULED_DEPARTURES,Wimco Nagar Depot station se kal 8 baje train schedule kya hoga (F13),hi-en,Latn,CS3,N0,"{""origin"": ""Wimco Nagar Depot"", ""temporal_relative"": ""kal"", ""resolved_temporal_offset"": ""UNRESOLVED_TEMPORAL_AMBIGUITY"", ""time"": ""8 baje"", ""temporal_ambiguity"": true, ""dual_candidates"": [""08:00:00"", ""20:00:00""]}","{""origin_id"": ""METRO_WIMCO_NAGAR""}",ANSWERABLE_NOW,template_instantiation,TMPL_SCHEDULED_DEPARTURE_HINGLISH_LATN_12
PILOT_T2_TR_003490,,SFAM_STATION_FACILITIES_013,FAM_STATION_FACILITIES_013,PARA_STATION_FACILITIES_12_0,T2_MEDIUM_V1,station_facilities,GET_STATION_FACILITY,"Excuse me, Is car parking facility available at Wimco Nagar Depot metro station? [fac F13] #6",en,Latn,CS0,N0,"{""station"": ""Wimco Nagar Depot"", ""facility_type"": ""parking"", ""transport_mode"": ""metro""}","{""station_id"": ""METRO_WIMCO_NAGAR""}",ANSWERABLE_NOW,template_instantiation,TMPL_STATION_FACILITIES_EN_12
PILOT_T2_TR_003491,,SFAM_OUT_OF_SCOPE_001,FAM_OUT_OF_SCOPE_001,PARA_OUT_OF_SCOPE_0_1,T2_MEDIUM_V1,out_of_scope,REJECT_OUT_OF_SCOPE,Transit query: एयरपोर्ट के निकटतम सबसे अच्छे रेस्टोरेंट और भोजनालय की सूची दें। (बाहर F1) #5,hi,Deva,CS0,N0,"{""station"": ""एयरपोर्ट""}","{""station_id"": ""METRO_CHENNAI_INTERNATIONAL_AIRPORT""}",OUT_OF_SCOPE,template_instantiation,TMPL_OUT_OF_SCOPE_HI_DEVA_0
PILOT_T2_TR_003492,,SFAM_TICKETING_AND_PASSES_008,FAM_TICKETING_AND_PASSES_008,PARA_TICKETING_AND_PASSES_7_3,T2_MEDIUM_V1,ticketing_rules,GET_TICKETING_POLICY,Transit query: How can regular passengers apply for and renew Smart Card (F8)? #5,hi-en,Latn,CS3,N1,"{""ticket_type"": ""smart_card"", ""transport_mode"": ""transit""}",{},ANSWERABLE_NOW,template_instantiation,TMPL_TICKETING_AND_PASSES_HINGLISH_LATN_7
PILOT_T2_TR_003493,,SFAM_STATION_FACILITIES_001,FAM_STATION_FACILITIES_001,PARA_STATION_FACILITIES_0_0,T2_MEDIUM_V1,station_facilities,GET_STATION_FACILITY,Could you specify Is car parking facility available at Airport metro station? [fac F1]? #3,en,Latn,CS0,N0,"{""station"": ""Airport"", ""facility_type"": ""parking"", ""transport_mode"": ""metro""}","{""station_id"": ""METRO_CHENNAI_INTERNATIONAL_AIRPORT""}",ANSWERABLE_NOW,template_instantiation,TMPL_STATION_FACILITIES_EN_0
PILOT_T2_TR_003494,,SFAM_INTERCHANGE_TRANSFER_007,FAM_INTERCHANGE_TRANSFER_007,PARA_INTERCHANGE_TRANSFER_6_0,T2_MEDIUM_V1,interchange_query,GET_INTERCHANGE_DETAILS,Transit query: How do I switch lines to connect towards Washermenpet at Vadapalani interchange? [xfer F7] #5,en,Latn,CS0,N0,"{""station"": ""Vadapalani"", ""destination"": ""Washermenpet"", ""facility_type"": ""interchange""}","{""station_id"": ""METRO_VADAPALANI"", ""destination_id"": ""METRO_WASHERMENPET""}",ANSWERABLE_AFTER_MANUAL_VERIFICATION,template_instantiation,TMPL_INTERCHANGE_TRANSFER_EN_6
PILOT_T2_TR_003495,,SFAM_NEAREST_TRANSPORT_007,FAM_NEAREST_TRANSPORT_007,PARA_NEAREST_TRANSPORT_6_4,T2_MEDIUM_V1,nearest_transport,FIND_NEAREST_STATION,Please tell: Mother Child Hospital ke pass nearest metro stop connection distance bataye F7 #2,hi-en,Deva+Latn,CS4,N0,"{""landmark"": ""Mother Child Hospital"", ""transport_mode"": ""metro""}","{""place_id"": ""OSM_POI_7257518731""}",ANSWERABLE_NOW,template_instantiation,TMPL_NEAREST_TRANSPORT_MIXED_SCRIPT_CS_6
PILOT_T2_TR_003496,,SFAM_FIRST_AND_LAST_SERVICE_002,FAM_FIRST_AND_LAST_SERVICE_002,PARA_FIRST_AND_LAST_SERVICE_1_0,T2_MEDIUM_V1,service_timing,GET_FIRST_LAST_SERVICE,Could you specify What time does the earliest and latest train depart Chennai Central for Thirumangalam? [hrs F2]? #3,en,Latn,CS0,N0,"{""origin"": ""Chennai Central"", ""destination"": ""Thirumangalam"", ""timing_type"": ""first_last"", ""transport_mode"": ""metro""}","{""origin_id"": ""METRO_PURATCHI_THALAIVAR_DR__M_G_RAMACHANDRAN_CENTRAL"", ""destination_id"": ""METRO_THIRUMANGALAM""}",ANSWERABLE_NOW,template_instantiation,TMPL_FIRST_AND_LAST_SERVICE_EN_1
PILOT_T2_TR_003497,,SFAM_SERVICE_FREQUENCY_015,FAM_SERVICE_FREQUENCY_015,PARA_SERVICE_FREQUENCY_14_0,T2_MEDIUM_V1,service_timing,GET_SERVICE_FREQUENCY,How many minutes between trains on the line connecting Little Mount and Chennai Central? [freq F15],en,Latn,CS0,N0,"{""origin"": ""Little Mount"", ""destination"": ""Chennai Central"", ""timing_type"": ""frequency"", ""transport_mode"": ""metro""}","{""origin_id"": ""METRO_LITTLE_MOUNT"", ""destination_id"": ""METRO_PURATCHI_THALAIVAR_DR__M_G_RAMACHANDRAN_CENTRAL""}",ANSWERABLE_NOW,template_instantiation,TMPL_SERVICE_FREQUENCY_EN_14
PILOT_T2_TR_003498,,SFAM_OUT_OF_SCOPE_015,FAM_OUT_OF_SCOPE_015,PARA_OUT_OF_SCOPE_14_2,T2_MEDIUM_V1,out_of_scope,REJECT_OUT_OF_SCOPE,Could you specify little mount airport terminal ke flight delay timings check kijiye. [bahar F15]? #3,hi,Latn,CS0,N0,"{""station"": ""little mount""}","{""station_id"": ""METRO_LITTLE_MOUNT""}",OUT_OF_SCOPE,template_instantiation,TMPL_OUT_OF_SCOPE_HI_LATN_14
PILOT_T2_TR_003499,,SFAM_NEAREST_TRANSPORT_003,FAM_NEAREST_TRANSPORT_003,PARA_NEAREST_TRANSPORT_2_0,T2_MEDIUM_V1,nearest_transport,FIND_NEAREST_STATION,Could you specify Which is the nearest metro station or transit stop to Great Lakes Institute? [loc F3]? #3,en,Latn,CS0,N0,"{""landmark"": ""Great Lakes Institute"", ""transport_mode"": ""metro""}","{""place_id"": ""OSM_POI_577328882""}",ANSWERABLE_NOW,template_instantiation,TMPL_NEAREST_TRANSPORT_EN_2
PILOT_T2_TR_003500,,SFAM_ROUTE_STOP_SEQUENCE_010,FAM_ROUTE_STOP_SEQUENCE_010,PARA_ROUTE_STOP_SEQUENCE_9_1,T2_MEDIUM_V1,route_stops,LIST_ROUTE_STOPS,बस रूट 12G के सभी ठहरावों की क्रमबद्ध सूची दिखाएं। (क्रम F10),hi,Deva,CS0,N0,"{""route_number"": ""12G"", ""transport_mode"": ""बस""}","{""route_id"": ""GTFS_ROUTE_18750""}",ANSWERABLE_WITH_PROVISIONAL_DATA,template_instantiation,TMPL_ROUTE_STOP_SEQUENCE_HI_DEVA_9
PILOT_T2_TR_003501,,SFAM_INTERCHANGE_TRANSFER_020,FAM_INTERCHANGE_TRANSFER_020,PARA_INTERCHANGE_TRANSFER_19_3,T2_MEDIUM_V1,interchange_query,GET_INTERCHANGE_DETAILS,Transit query: Transfer walking time and directions at Pachaiyappa College multimodal terminal (F20) #5,hi-en,Latn,CS3,N0,"{""station"": ""Pachaiyappa College"", ""facility_type"": ""interchange""}","{""station_id"": ""METRO_PACHAIYAPPA_S_COLLEGE""}",ANSWERABLE_AFTER_MANUAL_VERIFICATION,template_instantiation,TMPL_INTERCHANGE_TRANSFER_HINGLISH_LATN_19
PILOT_T2_TR_003502,,SFAM_INTERCHANGE_TRANSFER_016,FAM_INTERCHANGE_TRANSFER_016,PARA_INTERCHANGE_TRANSFER_15_1,T2_MEDIUM_V1,interchange_query,GET_INTERCHANGE_DETAILS,Quick check: साइदापेट इंटरचेंज पर दूसरी लाइन में ट्रांसफर करने का मार्ग क्या है? (बदलाव F16) #4,hi,Deva,CS0,N0,"{""station"": ""साइदापेट"", ""facility_type"": ""इंटरचेंज""}","{""station_id"": ""METRO_SAIDAPET""}",ANSWERABLE_AFTER_MANUAL_VERIFICATION,template_instantiation,TMPL_INTERCHANGE_TRANSFER_HI_DEVA_15
PILOT_T2_TR_003503,,SFAM_POINT_TO_POINT_ROUTE_002,FAM_POINT_TO_POINT_ROUTE_002,PARA_POINT_TO_POINT_ROUTE_1_1,T2_MEDIUM_V1,route_query,PLAN_ROUTE,Could you specify चेन्नई सेंट्रल से तिरुमंगलम मेट्रो से जाने का रास्ता क्या है? (प्रारूप F2)? #3,hi,Deva,CS0,N1,"{""origin"": ""चेन्नई सेंट्रल"", ""destination"": ""तिरुमंगलम"", ""transport_mode"": ""मेट्रो""}","{""origin_id"": ""METRO_PURATCHI_THALAIVAR_DR__M_G_RAMACHANDRAN_CENTRAL"", ""destination_id"": ""METRO_THIRUMANGALAM""}",ANSWERABLE_WITH_PROVISIONAL_DATA,template_instantiation,TMPL_POINT_TO_POINT_ROUTE_HI_DEVA_1
PILOT_T2_TR_003504,,SFAM_STATION_ACCESSIBILITY_020,FAM_STATION_ACCESSIBILITY_020,PARA_STATION_ACCESSIBILITY_19_4,T2_MEDIUM_V1,accessibility,GET_ACCESSIBILITY_INFO,Pachaiyappa College station par handicapped passengers ke liye escalator stairs support status F20,hi-en,Deva+Latn,CS4,N2,"{""station"": ""Pachaiyappa College"", ""accessibility_feature"": ""escalator"", ""transport_mode"": ""metro""}","{""station_id"": ""METRO_PACHAIYAPPA_S_COLLEGE""}",ANSWERABLE_NOW,template_instantiation,TMPL_STATION_ACCESSIBILITY_MIXED_SCRIPT_CS_19
PILOT_T2_TR_003505,,SFAM_STATION_ACCESSIBILITY_011,FAM_STATION_ACCESSIBILITY_011,PARA_STATION_ACCESSIBILITY_10_1,T2_MEDIUM_V1,accessibility,GET_ACCESSIBILITY_INFO,Transit query: क्या एग्मोर स्टेशन पर दिव्यांग यात्रियों के लिए टैक्टाइल पाथ उपलब्ध है? (सुलभता F11) #5,hi,Deva,CS0,N2,"{""station"": ""एग्मोर"", ""accessibility_feature"": ""tactile_path"", ""transport_mode"": ""मेट्रो""}","{""station_id"": ""METRO_EGMORE""}",ANSWERABLE_NOW,template_instantiation,TMPL_STATION_ACCESSIBILITY_HI_DEVA_10
PILOT_T2_TR_003506,,SFAM_ROUTE_STOP_MEMBERSHIP_007,FAM_ROUTE_STOP_MEMBERSHIP_007,PARA_ROUTE_STOP_MEMBERSHIP_6_1,T2_MEDIUM_V1,route_stops,CHECK_STOP_ON_ROUTE,Could you specify क्या बस 19B तिरुवान्मियूर स्टॉप पर रुकती है? (जांच F7)? #3,hi,Deva,CS0,N0,"{""route_number"": ""19B"", ""stop"": ""तिरुवान्मियूर"", ""transport_mode"": ""बस""}","{""route_id"": ""GTFS_ROUTE_10696"", ""stop_id"": ""BUS_3247310920""}",ANSWERABLE_WITH_PROVISIONAL_DATA,template_instantiation,TMPL_ROUTE_STOP_MEMBERSHIP_HI_DEVA_6
PILOT_T2_TR_003507,,SFAM_SCHEDULED_DEPARTURE_009,FAM_SCHEDULED_DEPARTURE_009,PARA_SCHEDULED_DEPARTURE_8_0,T2_MEDIUM_V1,service_timing,GET_SCHEDULED_DEPARTURES,Show metro departure timetable at bare 8 o'clock from Thirumangalam [sched F9],en,Latn,CS0,N0,"{""origin"": ""Thirumangalam"", ""time"": ""8 o'clock"", ""temporal_ambiguity"": true, ""dual_candidates"": [""08:00:00"", ""20:00:00""]}","{""origin_id"": ""METRO_THIRUMANGALAM""}",ANSWERABLE_NOW,template_instantiation,TMPL_SCHEDULED_DEPARTURE_EN_8
PILOT_T2_TR_003508,,SFAM_FARE_CALCULATION_011,FAM_FARE_CALCULATION_011,PARA_FARE_CALCULATION_10_1,T2_MEDIUM_V1,fare_query,CALCULATE_FARE,एग्मोर से नेहरू पार्क तक का मेट्रो का टोकन किराया कितना रुपया है? (किराया F11),hi,Deva,CS0,N1,"{""origin"": ""एग्मोर"", ""destination"": ""नेहरू पार्क"", ""fare_type"": ""टोकन"", ""transport_mode"": ""मेट्रो""}","{""origin_id"": ""METRO_EGMORE"", ""destination_id"": ""METRO_NEHRU_PARK""}",ANSWERABLE_NOW,template_instantiation,TMPL_FARE_CALCULATION_HI_DEVA_10
PILOT_T2_TR_003509,,SFAM_TICKETING_AND_PASSES_016,FAM_TICKETING_AND_PASSES_016,PARA_TICKETING_AND_PASSES_15_3,T2_MEDIUM_V1,ticketing_rules,GET_TICKETING_POLICY,"Excuse me, How can regular passengers apply for and renew Tourist One-Day Pass (F16)? #6",hi-en,Latn,CS3,N1,"{""ticket_type"": ""tourist_card"", ""transport_mode"": ""transit""}",{},ANSWERABLE_NOW,template_instantiation,TMPL_TICKETING_AND_PASSES_HINGLISH_LATN_15
PILOT_T2_TR_003510,,SFAM_FARE_CALCULATION_007,FAM_FARE_CALCULATION_007,PARA_FARE_CALCULATION_6_3,T2_MEDIUM_V1,fare_query,CALCULATE_FARE,Please tell: Calculate fare for travel between Vadapalani and Washermenpet stations (F7) #2,hi-en,Latn,CS3,N0,"{""origin"": ""Vadapalani"", ""destination"": ""Washermenpet"", ""transport_mode"": ""metro""}","{""origin_id"": ""METRO_VADAPALANI"", ""destination_id"": ""METRO_WASHERMENPET""}",ANSWERABLE_NOW,template_instantiation,TMPL_FARE_CALCULATION_HINGLISH_LATN_6
PILOT_T2_TR_003511,,SFAM_INTERCHANGE_TRANSFER_007,FAM_INTERCHANGE_TRANSFER_007,PARA_INTERCHANGE_TRANSFER_6_1,T2_MEDIUM_V1,interchange_query,GET_INTERCHANGE_DETAILS,वडपलनी इंटरचेंज पर दूसरी लाइन में ट्रांसफर करने का मार्ग क्या है? (बदलाव F7),hi,Deva,CS0,N1,"{""station"": ""वडपलनी"", ""facility_type"": ""इंटरचेंज""}","{""station_id"": ""METRO_VADAPALANI""}",ANSWERABLE_AFTER_MANUAL_VERIFICATION,template_instantiation,TMPL_INTERCHANGE_TRANSFER_HI_DEVA_6
PILOT_T2_TR_003512,,SFAM_OUT_OF_SCOPE_001,FAM_OUT_OF_SCOPE_001,PARA_OUT_OF_SCOPE_0_4,T2_MEDIUM_V1,out_of_scope,REJECT_OUT_OF_SCOPE,Airport ke pass hotel reservation aur movie ticket booking service F1,hi-en,Deva+Latn,CS4,N0,"{""station"": ""Airport""}","{""station_id"": ""METRO_CHENNAI_INTERNATIONAL_AIRPORT""}",OUT_OF_SCOPE,template_instantiation,TMPL_OUT_OF_SCOPE_MIXED_SCRIPT_CS_0
PILOT_T2_TR_003513,,SFAM_FIRST_AND_LAST_SERVICE_016,FAM_FIRST_AND_LAST_SERVICE_016,PARA_FIRST_AND_LAST_SERVICE_15_0,T2_MEDIUM_V1,service_timing,GET_FIRST_LAST_SERVICE,What time does the earliest and latest train depart Saidapet for Guindy? [hrs F16],en,Latn,CS0,N0,"{""origin"": ""Saidapet"", ""destination"": ""Guindy"", ""timing_type"": ""first_last"", ""transport_mode"": ""metro""}","{""origin_id"": ""METRO_SAIDAPET"", ""destination_id"": ""METRO_GUINDY""}",ANSWERABLE_NOW,template_instantiation,TMPL_FIRST_AND_LAST_SERVICE_EN_15
PILOT_T2_TR_003514,,SFAM_STATION_FACILITIES_016,FAM_STATION_FACILITIES_016,PARA_STATION_FACILITIES_15_1,T2_MEDIUM_V1,station_facilities,GET_STATION_FACILITY,Please tell: क्या साइदापेट मेट्रो स्टेशन पर साइकिल स्टैंड की व्यवस्था उपलब्ध है? (सुविधा F16) #2,hi,Deva,CS0,N0,"{""station"": ""साइदापेट"", ""facility_type"": ""bicycle_stand"", ""transport_mode"": ""मेट्रो""}","{""station_id"": ""METRO_SAIDAPET""}",ANSWERABLE_NOW,template_instantiation,TMPL_STATION_FACILITIES_HI_DEVA_15
PILOT_T2_TR_003515,,SFAM_STATION_ACCESSIBILITY_006,FAM_STATION_ACCESSIBILITY_006,PARA_STATION_ACCESSIBILITY_5_0,T2_MEDIUM_V1,accessibility,GET_ACCESSIBILITY_INFO,Could you specify Are passenger elevator lift provisions available for differently abled passengers at Koyambedu? [a11y F6]? #3,en,Latn,CS0,N0,"{""station"": ""Koyambedu"", ""accessibility_feature"": ""lift"", ""transport_mode"": ""metro""}","{""station_id"": ""METRO_KOYAMBEDU""}",ANSWERABLE_NOW,template_instantiation,TMPL_STATION_ACCESSIBILITY_EN_5
PILOT_T2_TR_003516,,SFAM_FARE_CALCULATION_013,FAM_FARE_CALCULATION_013,PARA_FARE_CALCULATION_12_3,T2_MEDIUM_V1,fare_query,CALCULATE_FARE,Quick check: Calculate fare for travel between Wimco Nagar Depot and Pachaiyappa College stations (F13) #4,hi-en,Latn,CS3,N0,"{""origin"": ""Wimco Nagar Depot"", ""destination"": ""Pachaiyappa College"", ""transport_mode"": ""metro""}","{""origin_id"": ""METRO_WIMCO_NAGAR"", ""destination_id"": ""METRO_PACHAIYAPPA_S_COLLEGE""}",ANSWERABLE_NOW,template_instantiation,TMPL_FARE_CALCULATION_HINGLISH_LATN_12
PILOT_T2_TR_003517,,SFAM_TICKETING_AND_PASSES_007,FAM_TICKETING_AND_PASSES_007,PARA_TICKETING_AND_PASSES_6_1,T2_MEDIUM_V1,ticketing_rules,GET_TICKETING_POLICY,Could you specify यात्रियों के लिए मासिक पास प्राप्त करने के नियम और प्रक्रिया क्या हैं? (पास F7)? #3,hi,Deva,CS0,N0,"{""ticket_type"": ""monthly_pass"", ""transport_mode"": ""पारगमन""}",{},ANSWERABLE_NOW,template_instantiation,TMPL_TICKETING_AND_PASSES_HI_DEVA_6
PILOT_T2_TR_003518,,SFAM_MULTIMODAL_ROUTE_015,FAM_MULTIMODAL_ROUTE_015,PARA_MULTIMODAL_ROUTE_14_2,T2_MEDIUM_V1,route_query,PLAN_MULTIMODAL_ROUTE,bus stand se chennai central bus aur metro switch karke shortest transit kya hai? [opt F15],hi,Latn,CS0,N1,"{""origin"": ""bus stand"", ""destination"": ""chennai central"", ""transport_mode"": ""bus aur metro""}","{""origin_id"": ""BUS_5300484122"", ""destination_id"": ""METRO_PURATCHI_THALAIVAR_DR__M_G_RAMACHANDRAN_CENTRAL""}",ANSWERABLE_WITH_PROVISIONAL_DATA,template_instantiation,TMPL_MULTIMODAL_ROUTE_HI_LATN_14
PILOT_T2_TR_003519,,SFAM_INTERCHANGE_TRANSFER_020,FAM_INTERCHANGE_TRANSFER_020,PARA_INTERCHANGE_TRANSFER_19_2,T2_MEDIUM_V1,interchange_query,GET_INTERCHANGE_DETAILS,pachaiyappa college hub par metro line change karke vadapalani kaise jaye? [platform F20],hi,Latn,CS0,N0,"{""station"": ""pachaiyappa college"", ""destination"": ""vadapalani"", ""facility_type"": ""interchange""}","{""station_id"": ""METRO_PACHAIYAPPA_S_COLLEGE"", ""destination_id"": ""METRO_VADAPALANI""}",ANSWERABLE_AFTER_MANUAL_VERIFICATION,template_instantiation,TMPL_INTERCHANGE_TRANSFER_HI_LATN_19
PILOT_T2_TR_003520,,SFAM_NEAREST_TRANSPORT_018,FAM_NEAREST_TRANSPORT_018,PARA_NEAREST_TRANSPORT_17_3,T2_MEDIUM_V1,nearest_transport,FIND_NEAREST_STATION,Please tell: Find closest public transport access point near Madhuranthagam Hospital (F18) #2,hi-en,Latn,CS3,N0,"{""landmark"": ""Madhuranthagam Hospital"", ""transport_mode"": ""public transport""}","{""place_id"": ""OSM_POI_7257518777""}",ANSWERABLE_NOW,template_instantiation,TMPL_NEAREST_TRANSPORT_HINGLISH_LATN_17
PILOT_T2_TR_003521,,SFAM_STATION_ACCESSIBILITY_003,FAM_STATION_ACCESSIBILITY_003,PARA_STATION_ACCESSIBILITY_2_1,T2_MEDIUM_V1,accessibility,GET_ACCESSIBILITY_INFO,Quick check: क्या गिंडी स्टेशन पर दिव्यांग यात्रियों के लिए टैक्टाइल पाथ उपलब्ध है? (सुलभता F3) #4,hi,Deva,CS0,N2,"{""station"": ""गिंडी"", ""accessibility_feature"": ""tactile_path"", ""transport_mode"": ""मेट्रो""}","{""station_id"": ""METRO_GUINDY""}",ANSWERABLE_NOW,template_instantiation,TMPL_STATION_ACCESSIBILITY_HI_DEVA_2
PILOT_T2_TR_003522,,SFAM_OUT_OF_SCOPE_010,FAM_OUT_OF_SCOPE_010,PARA_OUT_OF_SCOPE_9_2,T2_MEDIUM_V1,out_of_scope,REJECT_OUT_OF_SCOPE,Please tell: anna nagar tower airport terminal ke flight delay timings check kijiye. [bahar F10] #2,hi,Latn,CS0,N1,"{""station"": ""anna nagar tower""}","{""station_id"": ""METRO_ANNA_NAGAR_TOWER""}",OUT_OF_SCOPE,template_instantiation,TMPL_OUT_OF_SCOPE_HI_LATN_9
PILOT_T2_TR_003523,,SFAM_SCHEDULED_DEPARTURE_009,FAM_SCHEDULED_DEPARTURE_009,PARA_SCHEDULED_DEPARTURE_8_1,T2_MEDIUM_V1,service_timing,GET_SCHEDULED_DEPARTURES,Please tell: तिरुमंगलम से सुबह 8 बजे छूटने वाली गाड़ियों की समय सारणी दिखाएं। (समय F9) #2,hi,Deva,CS0,N0,"{""origin"": ""तिरुमंगलम"", ""time"": ""सुबह 8 बजे"", ""resolved_time"": ""08:00:00""}","{""origin_id"": ""METRO_THIRUMANGALAM""}",ANSWERABLE_NOW,template_instantiation,TMPL_SCHEDULED_DEPARTURE_HI_DEVA_8
PILOT_T2_TR_003524,,SFAM_MULTIMODAL_ROUTE_001,FAM_MULTIMODAL_ROUTE_001,PARA_MULTIMODAL_ROUTE_0_3,T2_MEDIUM_V1,route_query,PLAN_MULTIMODAL_ROUTE,Can you give combined bus and train route from Tambaram to High Court (F1)?,hi-en,Latn,CS3,N2,"{""origin"": ""Tambaram"", ""destination"": ""High Court"", ""transport_mode"": ""bus and train""}","{""origin_id"": ""BUS_5304399879"", ""destination_id"": ""METRO_HIGHCOURT""}",ANSWERABLE_WITH_PROVISIONAL_DATA,template_instantiation,TMPL_MULTIMODAL_ROUTE_HINGLISH_LATN_0
PILOT_T2_TR_003525,,SFAM_POINT_TO_POINT_ROUTE_008,FAM_POINT_TO_POINT_ROUTE_008,PARA_POINT_TO_POINT_ROUTE_7_1,T2_MEDIUM_V1,route_query,PLAN_ROUTE,Please tell: हाई कोर्ट से लिटिल माउंट मेट्रो से जाने का रास्ता क्या है? (प्रारूप F8) #2,hi,Deva,CS0,N0,"{""origin"": ""हाई कोर्ट"", ""destination"": ""लिटिल माउंट"", ""transport_mode"": ""मेट्रो""}","{""origin_id"": ""METRO_HIGHCOURT"", ""destination_id"": ""METRO_LITTLE_MOUNT""}",ANSWERABLE_WITH_PROVISIONAL_DATA,template_instantiation,TMPL_POINT_TO_POINT_ROUTE_HI_DEVA_7
PILOT_T2_TR_003526,,SFAM_ROUTE_STOP_MEMBERSHIP_007,FAM_ROUTE_STOP_MEMBERSHIP_007,PARA_ROUTE_STOP_MEMBERSHIP_6_1,T2_MEDIUM_V1,route_stops,CHECK_STOP_ON_ROUTE,Please tell: क्या बस 19B तिरुवान्मियूर स्टॉप पर रुकती है? (जांच F7) #2,hi,Deva,CS0,N0,"{""route_number"": ""19B"", ""stop"": ""तिरुवान्मियूर"", ""transport_mode"": ""बस""}","{""route_id"": ""GTFS_ROUTE_10696"", ""stop_id"": ""BUS_3247310920""}",ANSWERABLE_WITH_PROVISIONAL_DATA,template_instantiation,TMPL_ROUTE_STOP_MEMBERSHIP_HI_DEVA_6
PILOT_T2_TR_003527,,SFAM_FIRST_AND_LAST_SERVICE_018,FAM_FIRST_AND_LAST_SERVICE_018,PARA_FIRST_AND_LAST_SERVICE_17_2,T2_MEDIUM_V1,service_timing,GET_FIRST_LAST_SERVICE,nehru park se cmbt first morning aur last night metro departure timing batao [samay F18],hi,Latn,CS0,N0,"{""origin"": ""nehru park"", ""destination"": ""cmbt"", ""timing_type"": ""first_last"", ""transport_mode"": ""metro""}","{""origin_id"": ""METRO_NEHRU_PARK"", ""destination_id"": ""METRO_PURATCHI_THALAIVI_DR_J_JAYALALITHAA_CMBT""}",ANSWERABLE_NOW,template_instantiation,TMPL_FIRST_AND_LAST_SERVICE_HI_LATN_17
PILOT_T2_TR_003528,,SFAM_REALTIME_STATUS_QUERY_008,FAM_REALTIME_STATUS_QUERY_008,PARA_REALTIME_STATUS_QUERY_7_2,T2_MEDIUM_V1,realtime_status_query,REJECT_UNSUPPORTED_REALTIME,Bus 47A ka real time current gps location update kahan pahuncha? [track F8],hi,Latn,CS0,N0,"{""route_number"": ""47A"", ""transport_mode"": ""bus""}","{""route_id"": ""GTFS_ROUTE_19412""}",REQUIRES_REALTIME_DATA,template_instantiation,TMPL_REALTIME_STATUS_QUERY_HI_LATN_7
PILOT_T2_TR_003529,,SFAM_OUT_OF_SCOPE_009,FAM_OUT_OF_SCOPE_009,PARA_OUT_OF_SCOPE_8_1,T2_MEDIUM_V1,out_of_scope,REJECT_OUT_OF_SCOPE,Quick check: तिरुमंगलम के निकटतम सबसे अच्छे रेस्टोरेंट और भोजनालय की सूची दें। (बाहर F9) #4,hi,Deva,CS0,N0,"{""station"": ""तिरुमंगलम""}","{""station_id"": ""METRO_THIRUMANGALAM""}",OUT_OF_SCOPE,template_instantiation,TMPL_OUT_OF_SCOPE_HI_DEVA_8
PILOT_T2_TR_003530,,SFAM_MODE_AVAILABILITY_009,FAM_MODE_AVAILABILITY_009,PARA_MODE_AVAILABILITY_8_4,T2_MEDIUM_V1,service_availability,CHECK_SERVICE_AVAILABILITY,क्या Thirumangalam से Madurantakam transport line active hai mode info F9,hi-en,Deva+Latn,CS4,N0,"{""origin"": ""Thirumangalam"", ""destination"": ""Madurantakam"", ""transport_mode"": ""transport""}","{""origin_id"": ""METRO_THIRUMANGALAM"", ""destination_id"": ""BUS_5306412986""}",ANSWERABLE_WITH_PROVISIONAL_DATA,template_instantiation,TMPL_MODE_AVAILABILITY_MIXED_SCRIPT_CS_8
PILOT_T2_TR_003531,,SFAM_STATION_ACCESSIBILITY_016,FAM_STATION_ACCESSIBILITY_016,PARA_STATION_ACCESSIBILITY_15_1,T2_MEDIUM_V1,accessibility,GET_ACCESSIBILITY_INFO,क्या साइदापेट स्टेशन पर दिव्यांग यात्रियों के लिए एस्केलेटर उपलब्ध है? (सुलभता F16),hi,Deva,CS0,N1,"{""station"": ""साइदापेट"", ""accessibility_feature"": ""escalator"", ""transport_mode"": ""मेट्रो""}","{""station_id"": ""METRO_SAIDAPET""}",ANSWERABLE_NOW,template_instantiation,TMPL_STATION_ACCESSIBILITY_HI_DEVA_15
PILOT_T2_TR_003532,,SFAM_SCHEDULED_DEPARTURE_002,FAM_SCHEDULED_DEPARTURE_002,PARA_SCHEDULED_DEPARTURE_1_3,T2_MEDIUM_V1,service_timing,GET_SCHEDULED_DEPARTURES,Could you specify Chennai Central station se kal 8 baje train schedule kya hoga (F2)? #3,hi-en,Latn,CS3,N2,"{""origin"": ""Chennai Central"", ""temporal_relative"": ""kal"", ""resolved_temporal_offset"": ""UNRESOLVED_TEMPORAL_AMBIGUITY"", ""time"": ""8 baje"", ""temporal_ambiguity"": true, ""dual_candidates"": [""08:00:00"", ""20:00:00""]}","{""origin_id"": ""METRO_PURATCHI_THALAIVAR_DR__M_G_RAMACHANDRAN_CENTRAL""}",ANSWERABLE_NOW,template_instantiation,TMPL_SCHEDULED_DEPARTURE_HINGLISH_LATN_1
PILOT_T2_TR_003533,,SFAM_INTERCHANGE_TRANSFER_016,FAM_INTERCHANGE_TRANSFER_016,PARA_INTERCHANGE_TRANSFER_15_1,T2_MEDIUM_V1,interchange_query,GET_INTERCHANGE_DETAILS,Transit query: साइदापेट इंटरचेंज पर दूसरी लाइन में ट्रांसफर करने का मार्ग क्या है? (बदलाव F16) #5,hi,Deva,CS0,N2,"{""station"": ""साइदापेट"", ""facility_type"": ""इंटरचेंज""}","{""station_id"": ""METRO_SAIDAPET""}",ANSWERABLE_AFTER_MANUAL_VERIFICATION,template_instantiation,TMPL_INTERCHANGE_TRANSFER_HI_DEVA_15
PILOT_T2_TR_003534,,SFAM_NEAREST_TRANSPORT_011,FAM_NEAREST_TRANSPORT_011,PARA_NEAREST_TRANSPORT_10_1,T2_MEDIUM_V1,nearest_transport,FIND_NEAREST_STATION,Please tell: मरीना बीच के सबसे निकटतम मेट्रो स्टेशन या बस स्टॉप कौन सा है? (निकट F11) #2,hi,Deva,CS0,N0,"{""landmark"": ""मरीना बीच"", ""transport_mode"": ""मेट्रो या बस""}","{""place_id"": ""OSM_POI_12137617372""}",ANSWERABLE_NOW,template_instantiation,TMPL_NEAREST_TRANSPORT_HI_DEVA_10
PILOT_T2_TR_003535,,SFAM_OUT_OF_SCOPE_003,FAM_OUT_OF_SCOPE_003,PARA_OUT_OF_SCOPE_2_4,T2_MEDIUM_V1,out_of_scope,REJECT_OUT_OF_SCOPE,Could you specify Guindy ke pass hotel reservation aur movie ticket booking service F3? #3,hi-en,Deva+Latn,CS4,N1,"{""station"": ""Guindy""}","{""station_id"": ""METRO_GUINDY""}",OUT_OF_SCOPE,template_instantiation,TMPL_OUT_OF_SCOPE_MIXED_SCRIPT_CS_2
PILOT_T2_TR_003536,,SFAM_MODE_AVAILABILITY_018,FAM_MODE_AVAILABILITY_018,PARA_MODE_AVAILABILITY_17_0,T2_MEDIUM_V1,service_availability,CHECK_SERVICE_AVAILABILITY,Quick check: Are there direct public transport options from Nehru Park to Broadway? [avail F18] #4,en,Latn,CS0,N0,"{""origin"": ""Nehru Park"", ""destination"": ""Broadway"", ""transport_mode"": ""any""}","{""origin_id"": ""METRO_NEHRU_PARK"", ""destination_id"": ""BUS_27618346""}",ANSWERABLE_WITH_PROVISIONAL_DATA,template_instantiation,TMPL_MODE_AVAILABILITY_EN_17
PILOT_T2_TR_003537,,SFAM_REALTIME_STATUS_QUERY_020,FAM_REALTIME_STATUS_QUERY_020,PARA_REALTIME_STATUS_QUERY_19_1,T2_MEDIUM_V1,realtime_status_query,REJECT_UNSUPPORTED_REALTIME,Please tell: क्या पचैयप्पा कॉलेज से आने वाली ट्रेन अभी लेट चल रही है लाइव स्थिति बताएं? (ताज़ा F20) #2,hi,Deva,CS0,N0,"{""origin"": ""पचैयप्पा कॉलेज"", ""transport_mode"": ""ट्रेन""}","{""origin_id"": ""METRO_PACHAIYAPPA_S_COLLEGE""}",REQUIRES_REALTIME_DATA,template_instantiation,TMPL_REALTIME_STATUS_QUERY_HI_DEVA_19
PILOT_T2_TR_003538,,SFAM_STATION_ACCESSIBILITY_006,FAM_STATION_ACCESSIBILITY_006,PARA_STATION_ACCESSIBILITY_5_2,T2_MEDIUM_V1,accessibility,GET_ACCESSIBILITY_INFO,Quick check: kya koyambedu metro station me wheelchair disabled ke liye passenger lift hai? [barrier-free F6] #4,hi,Latn,CS0,N0,"{""station"": ""koyambedu"", ""accessibility_feature"": ""lift"", ""transport_mode"": ""metro""}","{""station_id"": ""METRO_KOYAMBEDU""}",ANSWERABLE_NOW,template_instantiation,TMPL_STATION_ACCESSIBILITY_HI_LATN_5
PILOT_T2_TR_003539,,SFAM_STATION_ACCESSIBILITY_013,FAM_STATION_ACCESSIBILITY_013,PARA_STATION_ACCESSIBILITY_12_3,T2_MEDIUM_V1,accessibility,GET_ACCESSIBILITY_INFO,Could you specify Verification of accessible wheelchair ramp support at Wimco Nagar Depot metro (F13)? #3,hi-en,Latn,CS3,N0,"{""station"": ""Wimco Nagar Depot"", ""accessibility_feature"": ""wheelchair"", ""transport_mode"": ""metro""}","{""station_id"": ""METRO_WIMCO_NAGAR""}",ANSWERABLE_NOW,template_instantiation,TMPL_STATION_ACCESSIBILITY_HINGLISH_LATN_12
PILOT_T2_TR_003540,,SFAM_TICKETING_AND_PASSES_020,FAM_TICKETING_AND_PASSES_020,PARA_TICKETING_AND_PASSES_19_3,T2_MEDIUM_V1,ticketing_rules,GET_TICKETING_POLICY,How can regular passengers apply for and renew Smart Card (F20)?,hi-en,Latn,CS3,N0,"{""ticket_type"": ""smart_card"", ""transport_mode"": ""transit""}",{},ANSWERABLE_NOW,template_instantiation,TMPL_TICKETING_AND_PASSES_HINGLISH_LATN_19
PILOT_T2_TR_003541,,SFAM_MODE_AVAILABILITY_004,FAM_MODE_AVAILABILITY_004,PARA_MODE_AVAILABILITY_3_3,T2_MEDIUM_V1,service_availability,CHECK_SERVICE_AVAILABILITY,Please tell: Is public transit operational connecting Alandur and Velachery (F4)? #2,hi-en,Latn,CS3,N0,"{""origin"": ""Alandur"", ""destination"": ""Velachery"", ""transport_mode"": ""public transit""}","{""origin_id"": ""METRO_ARIGNAR_ANNA_ALANDUR"", ""destination_id"": ""BUS_1764308008""}",ANSWERABLE_WITH_PROVISIONAL_DATA,template_instantiation,TMPL_MODE_AVAILABILITY_HINGLISH_LATN_3
PILOT_T2_TR_003542,,SFAM_MULTIMODAL_ROUTE_020,FAM_MULTIMODAL_ROUTE_020,PARA_MULTIMODAL_ROUTE_19_3,T2_MEDIUM_V1,route_query,PLAN_MULTIMODAL_ROUTE,Please tell: Can you give combined bus and train route from Velachery to Vadapalani (F20)? #2,hi-en,Latn,CS3,N0,"{""origin"": ""Velachery"", ""destination"": ""Vadapalani"", ""transport_mode"": ""bus and train""}","{""origin_id"": ""BUS_1764308008"", ""destination_id"": ""METRO_VADAPALANI""}",ANSWERABLE_WITH_PROVISIONAL_DATA,template_instantiation,TMPL_MULTIMODAL_ROUTE_HINGLISH_LATN_19
PILOT_T2_TR_003543,,SFAM_STATION_ACCESSIBILITY_011,FAM_STATION_ACCESSIBILITY_011,PARA_STATION_ACCESSIBILITY_10_3,T2_MEDIUM_V1,accessibility,GET_ACCESSIBILITY_INFO,"Excuse me, Verification of accessible tactile floor paths support at Egmore metro (F11) #6",hi-en,Latn,CS3,N2,"{""station"": ""Egmore"", ""accessibility_feature"": ""tactile_path"", ""transport_mode"": ""metro""}","{""station_id"": ""METRO_EGMORE""}",ANSWERABLE_NOW,template_instantiation,TMPL_STATION_ACCESSIBILITY_HINGLISH_LATN_10
PILOT_T2_TR_003544,,SFAM_ROUTE_STOP_MEMBERSHIP_019,FAM_ROUTE_STOP_MEMBERSHIP_019,PARA_ROUTE_STOP_MEMBERSHIP_18_0,T2_MEDIUM_V1,route_stops,CHECK_STOP_ON_ROUTE,Does bus route 570 make a scheduled halt at Adyar? [chk F19],en,Latn,CS0,N0,"{""route_number"": ""570"", ""stop"": ""Adyar"", ""transport_mode"": ""bus""}","{""route_id"": ""GTFS_ROUTE_17967"", ""stop_id"": ""BUS_2587520213""}",ANSWERABLE_WITH_PROVISIONAL_DATA,template_instantiation,TMPL_ROUTE_STOP_MEMBERSHIP_EN_18
PILOT_T2_TR_003545,,SFAM_INTERCHANGE_TRANSFER_013,FAM_INTERCHANGE_TRANSFER_013,PARA_INTERCHANGE_TRANSFER_12_3,T2_MEDIUM_V1,interchange_query,GET_INTERCHANGE_DETAILS,Transit query: Transfer walking time and directions at Wimco Nagar Depot multimodal terminal (F13) #5,hi-en,Latn,CS3,N1,"{""station"": ""Wimco Nagar Depot"", ""facility_type"": ""interchange""}","{""station_id"": ""METRO_WIMCO_NAGAR""}",ANSWERABLE_AFTER_MANUAL_VERIFICATION,template_instantiation,TMPL_INTERCHANGE_TRANSFER_HINGLISH_LATN_12
PILOT_T2_TR_003546,,SFAM_REALTIME_STATUS_QUERY_013,FAM_REALTIME_STATUS_QUERY_013,PARA_REALTIME_STATUS_QUERY_12_3,T2_MEDIUM_V1,realtime_status_query,REJECT_UNSUPPORTED_REALTIME,Transit query: Live crowd density and train arrival countdown at Wimco Nagar Depot right now (F13) #5,hi-en,Latn,CS3,N1,"{""station"": ""Wimco Nagar Depot"", ""transport_mode"": ""metro""}","{""station_id"": ""METRO_WIMCO_NAGAR""}",REQUIRES_REALTIME_DATA,template_instantiation,TMPL_REALTIME_STATUS_QUERY_HINGLISH_LATN_12
PILOT_T2_TR_003547,,SFAM_NEAREST_TRANSPORT_005,FAM_NEAREST_TRANSPORT_005,PARA_NEAREST_TRANSPORT_4_1,T2_MEDIUM_V1,nearest_transport,FIND_NEAREST_STATION,Could you specify मारुति अस्पताल के सबसे निकटतम मेट्रो स्टेशन या बस स्टॉप कौन सा है? (निकट F5)? #3,hi,Deva,CS0,N0,"{""landmark"": ""मारुति अस्पताल"", ""transport_mode"": ""मेट्रो या बस""}","{""place_id"": ""OSM_POI_7820652140""}",ANSWERABLE_NOW,template_instantiation,TMPL_NEAREST_TRANSPORT_HI_DEVA_4
PILOT_T2_TR_003548,,SFAM_TICKETING_AND_PASSES_011,FAM_TICKETING_AND_PASSES_011,PARA_TICKETING_AND_PASSES_10_1,T2_MEDIUM_V1,ticketing_rules,GET_TICKETING_POLICY,यात्रियों के लिए छात्र रियायती पास प्राप्त करने के नियम और प्रक्रिया क्या हैं? (पास F11),hi,Deva,CS0,N1,"{""ticket_type"": ""student_pass"", ""transport_mode"": ""पारगमन""}",{},ANSWERABLE_NOW,template_instantiation,TMPL_TICKETING_AND_PASSES_HI_DEVA_10
PILOT_T2_TR_003549,,SFAM_TICKETING_AND_PASSES_019,FAM_TICKETING_AND_PASSES_019,PARA_TICKETING_AND_PASSES_18_3,T2_MEDIUM_V1,ticketing_rules,GET_TICKETING_POLICY,"Excuse me, How can regular passengers apply for and renew Monthly Season Pass (F19)? #6",hi-en,Latn,CS3,N1,"{""ticket_type"": ""monthly_pass"", ""transport_mode"": ""transit""}",{},ANSWERABLE_NOW,template_instantiation,TMPL_TICKETING_AND_PASSES_HINGLISH_LATN_18
PILOT_T2_TR_003550,,SFAM_OUT_OF_SCOPE_003,FAM_OUT_OF_SCOPE_003,PARA_OUT_OF_SCOPE_2_3,T2_MEDIUM_V1,out_of_scope,REJECT_OUT_OF_SCOPE,What is the general weather rain forecast in Chennai near Great Lakes Institute today (F3)?,hi-en,Latn,CS3,N0,"{""landmark"": ""Great Lakes Institute""}","{""place_id"": ""OSM_POI_577328882""}",OUT_OF_SCOPE,template_instantiation,TMPL_OUT_OF_SCOPE_HINGLISH_LATN_2
PILOT_T2_TR_003551,,SFAM_STATION_ACCESSIBILITY_016,FAM_STATION_ACCESSIBILITY_016,PARA_STATION_ACCESSIBILITY_15_3,T2_MEDIUM_V1,accessibility,GET_ACCESSIBILITY_INFO,Quick check: Verification of accessible escalator stairs support at Saidapet metro (F16) #4,hi-en,Latn,CS3,N0,"{""station"": ""Saidapet"", ""accessibility_feature"": ""escalator"", ""transport_mode"": ""metro""}","{""station_id"": ""METRO_SAIDAPET""}",ANSWERABLE_NOW,template_instantiation,TMPL_STATION_ACCESSIBILITY_HINGLISH_LATN_15
PILOT_T2_TR_003552,,SFAM_TICKETING_AND_PASSES_004,FAM_TICKETING_AND_PASSES_004,PARA_TICKETING_AND_PASSES_3_1,T2_MEDIUM_V1,ticketing_rules,GET_TICKETING_POLICY,Quick check: यात्रियों के लिए टूरिस्ट कार्ड प्राप्त करने के नियम और प्रक्रिया क्या हैं? (पास F4) #4,hi,Deva,CS0,N2,"{""ticket_type"": ""tourist_card"", ""transport_mode"": ""पारगमन""}",{},ANSWERABLE_NOW,template_instantiation,TMPL_TICKETING_AND_PASSES_HI_DEVA_3
PILOT_T2_TR_003553,,SFAM_REALTIME_STATUS_QUERY_014,FAM_REALTIME_STATUS_QUERY_014,PARA_REALTIME_STATUS_QUERY_13_3,T2_MEDIUM_V1,realtime_status_query,REJECT_UNSUPPORTED_REALTIME,"Excuse me, Live crowd density and train arrival countdown at Washermenpet right now (F14) #6",hi-en,Latn,CS3,N2,"{""station"": ""Washermenpet"", ""transport_mode"": ""metro""}","{""station_id"": ""METRO_WASHERMENPET""}",REQUIRES_REALTIME_DATA,template_instantiation,TMPL_REALTIME_STATUS_QUERY_HINGLISH_LATN_13
PILOT_T2_TR_003554,,SFAM_TICKETING_AND_PASSES_008,FAM_TICKETING_AND_PASSES_008,PARA_TICKETING_AND_PASSES_7_4,T2_MEDIUM_V1,ticketing_rules,GET_TICKETING_POLICY,Commuter Smart Card ke application aur terms ki complete details F8,hi-en,Deva+Latn,CS4,N0,"{""ticket_type"": ""smart_card"", ""transport_mode"": ""transit""}",{},ANSWERABLE_NOW,template_instantiation,TMPL_TICKETING_AND_PASSES_MIXED_SCRIPT_CS_7
PILOT_T2_TR_003555,,SFAM_MODE_AVAILABILITY_012,FAM_MODE_AVAILABILITY_012,PARA_MODE_AVAILABILITY_11_3,T2_MEDIUM_V1,service_availability,CHECK_SERVICE_AVAILABILITY,"Excuse me, Is public transit operational connecting Thousand Lights and Walajabad (F12)? #6",hi-en,Latn,CS3,N2,"{""origin"": ""Thousand Lights"", ""destination"": ""Walajabad"", ""transport_mode"": ""public transit""}","{""origin_id"": ""METRO_THOUSAND_LIGHTS"", ""destination_id"": ""BUS_261716087""}",ANSWERABLE_WITH_PROVISIONAL_DATA,template_instantiation,TMPL_MODE_AVAILABILITY_HINGLISH_LATN_11
PILOT_T2_TR_003556,,SFAM_STATION_ACCESSIBILITY_011,FAM_STATION_ACCESSIBILITY_011,PARA_STATION_ACCESSIBILITY_10_0,T2_MEDIUM_V1,accessibility,GET_ACCESSIBILITY_INFO,Transit query: Are tactile floor paths provisions available for differently abled passengers at Egmore? [a11y F11] #5,en,Latn,CS0,N0,"{""station"": ""Egmore"", ""accessibility_feature"": ""tactile_path"", ""transport_mode"": ""metro""}","{""station_id"": ""METRO_EGMORE""}",ANSWERABLE_NOW,template_instantiation,TMPL_STATION_ACCESSIBILITY_EN_10
PILOT_T2_TR_003557,,SFAM_OUT_OF_SCOPE_010,FAM_OUT_OF_SCOPE_010,PARA_OUT_OF_SCOPE_9_1,T2_MEDIUM_V1,out_of_scope,REJECT_OUT_OF_SCOPE,अन्ना नगर टावर के निकटतम सबसे अच्छे रेस्टोरेंट और भोजनालय की सूची दें। (बाहर F10),hi,Deva,CS0,N1,"{""station"": ""अन्ना नगर टावर""}","{""station_id"": ""METRO_ANNA_NAGAR_TOWER""}",OUT_OF_SCOPE,template_instantiation,TMPL_OUT_OF_SCOPE_HI_DEVA_9
PILOT_T2_TR_003558,,SFAM_STATION_FACILITIES_017,FAM_STATION_FACILITIES_017,PARA_STATION_FACILITIES_16_0,T2_MEDIUM_V1,station_facilities,GET_STATION_FACILITY,Could you specify Is car parking facility available at St. Thomas Mount metro station? [fac F17]? #3,en,Latn,CS0,N0,"{""station"": ""St. Thomas Mount"", ""facility_type"": ""parking"", ""transport_mode"": ""metro""}","{""station_id"": ""METRO_ST__THOMAS_MOUNT""}",ANSWERABLE_NOW,template_instantiation,TMPL_STATION_FACILITIES_EN_16
PILOT_T2_TR_003559,,SFAM_NEAREST_TRANSPORT_004,FAM_NEAREST_TRANSPORT_004,PARA_NEAREST_TRANSPORT_3_0,T2_MEDIUM_V1,nearest_transport,FIND_NEAREST_STATION,Transit query: Which is the nearest metro station or transit stop to Maritime Institute? [loc F4] #5,en,Latn,CS0,N0,"{""landmark"": ""Maritime Institute"", ""transport_mode"": ""metro""}","{""place_id"": ""OSM_POI_314081186""}",ANSWERABLE_NOW,template_instantiation,TMPL_NEAREST_TRANSPORT_EN_3
PILOT_T2_TR_003560,,SFAM_REALTIME_STATUS_QUERY_014,FAM_REALTIME_STATUS_QUERY_014,PARA_REALTIME_STATUS_QUERY_13_0,T2_MEDIUM_V1,realtime_status_query,REJECT_UNSUPPORTED_REALTIME,Could you specify Where is bus Blue Line right now and what is its live location? [live F14]? #3,en,Latn,CS0,N0,"{""route_number"": ""Blue Line"", ""transport_mode"": ""bus""}","{""route_id"": ""CMRL_BLUE_CORRIDOR_1""}",REQUIRES_REALTIME_DATA,template_instantiation,TMPL_REALTIME_STATUS_QUERY_EN_13
PILOT_T2_TR_003561,,SFAM_REALTIME_STATUS_QUERY_013,FAM_REALTIME_STATUS_QUERY_013,PARA_REALTIME_STATUS_QUERY_12_2,T2_MEDIUM_V1,realtime_status_query,REJECT_UNSUPPORTED_REALTIME,Quick check: Bus 15 CT8 ka real time current gps location update kahan pahuncha? [track F13] #4,hi,Latn,CS0,N0,"{""route_number"": ""15 CT8"", ""transport_mode"": ""bus""}","{""route_id"": ""GTFS_ROUTE_20494""}",REQUIRES_REALTIME_DATA,template_instantiation,TMPL_REALTIME_STATUS_QUERY_HI_LATN_12
PILOT_T2_TR_003562,,SFAM_MODE_AVAILABILITY_005,FAM_MODE_AVAILABILITY_005,PARA_MODE_AVAILABILITY_4_0,T2_MEDIUM_V1,service_availability,CHECK_SERVICE_AVAILABILITY,Transit query: Are there direct public transport options from CMBT to Besant Nagar? [avail F5] #5,en,Latn,CS0,N0,"{""origin"": ""CMBT"", ""destination"": ""Besant Nagar"", ""transport_mode"": ""any""}","{""origin_id"": ""METRO_PURATCHI_THALAIVI_DR_J_JAYALALITHAA_CMBT"", ""destination_id"": ""BUS_417750654""}",ANSWERABLE_WITH_PROVISIONAL_DATA,template_instantiation,TMPL_MODE_AVAILABILITY_EN_4
PILOT_T2_TR_003563,,SFAM_MODE_AVAILABILITY_008,FAM_MODE_AVAILABILITY_008,PARA_MODE_AVAILABILITY_7_3,T2_MEDIUM_V1,service_availability,CHECK_SERVICE_AVAILABILITY,Transit query: Is public transit operational connecting High Court and Mylapore (F8)? #5,hi-en,Latn,CS3,N1,"{""origin"": ""High Court"", ""destination"": ""Mylapore"", ""transport_mode"": ""public transit""}","{""origin_id"": ""METRO_HIGHCOURT"", ""destination_id"": ""BUS_410614381""}",ANSWERABLE_WITH_PROVISIONAL_DATA,template_instantiation,TMPL_MODE_AVAILABILITY_HINGLISH_LATN_7
PILOT_T2_TR_003564,,SFAM_POINT_TO_POINT_ROUTE_001,FAM_POINT_TO_POINT_ROUTE_001,PARA_POINT_TO_POINT_ROUTE_0_0,T2_MEDIUM_V1,route_query,PLAN_ROUTE,Please tell: How do I commute from Airport to High Court by metro? [pattern F1] #2,en,Latn,CS0,N0,"{""origin"": ""Airport"", ""destination"": ""High Court"", ""transport_mode"": ""metro""}","{""origin_id"": ""METRO_CHENNAI_INTERNATIONAL_AIRPORT"", ""destination_id"": ""METRO_HIGHCOURT""}",ANSWERABLE_WITH_PROVISIONAL_DATA,template_instantiation,TMPL_POINT_TO_POINT_ROUTE_EN_0
PILOT_T2_TR_003565,,SFAM_NEAREST_TRANSPORT_013,FAM_NEAREST_TRANSPORT_013,PARA_NEAREST_TRANSPORT_12_3,T2_MEDIUM_V1,nearest_transport,FIND_NEAREST_STATION,"Excuse me, Find closest public transport access point near Great Lakes Institute (F13) #6",hi-en,Latn,CS3,N2,"{""landmark"": ""Great Lakes Institute"", ""transport_mode"": ""public transport""}","{""place_id"": ""OSM_POI_577328882""}",ANSWERABLE_NOW,template_instantiation,TMPL_NEAREST_TRANSPORT_HINGLISH_LATN_12
PILOT_T2_TR_003566,,SFAM_STATION_FACILITIES_009,FAM_STATION_FACILITIES_009,PARA_STATION_FACILITIES_8_3,T2_MEDIUM_V1,station_facilities,GET_STATION_FACILITY,Does Thirumangalam station premises include operational car parking (F9)?,hi-en,Latn,CS3,N0,"{""station"": ""Thirumangalam"", ""facility_type"": ""parking"", ""transport_mode"": ""metro""}","{""station_id"": ""METRO_THIRUMANGALAM""}",ANSWERABLE_NOW,template_instantiation,TMPL_STATION_FACILITIES_HINGLISH_LATN_8
PILOT_T2_TR_003567,,SFAM_FARE_CALCULATION_012,FAM_FARE_CALCULATION_012,PARA_FARE_CALCULATION_11_1,T2_MEDIUM_V1,fare_query,CALCULATE_FARE,Quick check: थाउजेंड लाइट्स से किल्पौक तक का मेट्रो का टोकन किराया कितना रुपया है? (किराया F12) #4,hi,Deva,CS0,N0,"{""origin"": ""थाउजेंड लाइट्स"", ""destination"": ""किल्पौक"", ""fare_type"": ""टोकन"", ""transport_mode"": ""मेट्रो""}","{""origin_id"": ""METRO_THOUSAND_LIGHTS"", ""destination_id"": ""METRO_KILPAUK""}",ANSWERABLE_NOW,template_instantiation,TMPL_FARE_CALCULATION_HI_DEVA_11
PILOT_T2_TR_003568,,SFAM_MODE_AVAILABILITY_008,FAM_MODE_AVAILABILITY_008,PARA_MODE_AVAILABILITY_7_1,T2_MEDIUM_V1,service_availability,CHECK_SERVICE_AVAILABILITY,Could you specify क्या हाई कोर्ट से मायलापुर के लिए कोई सार्वजनिक बस या ट्रेन उपलब्ध है? (उपलब्धता F8)? #3,hi,Deva,CS0,N0,"{""origin"": ""हाई कोर्ट"", ""destination"": ""मायलापुर"", ""transport_mode"": ""सार्वजनिक बस या ट्रेन""}","{""origin_id"": ""METRO_HIGHCOURT"", ""destination_id"": ""BUS_410614381""}",ANSWERABLE_WITH_PROVISIONAL_DATA,template_instantiation,TMPL_MODE_AVAILABILITY_HI_DEVA_7
PILOT_T2_TR_003569,,SFAM_STATION_FACILITIES_015,FAM_STATION_FACILITIES_015,PARA_STATION_FACILITIES_14_0,T2_MEDIUM_V1,station_facilities,GET_STATION_FACILITY,"Excuse me, Is EV vehicle charging facility available at Little Mount metro station? [fac F15] #6",en,Latn,CS0,N0,"{""station"": ""Little Mount"", ""facility_type"": ""ev_charging"", ""transport_mode"": ""metro""}","{""station_id"": ""METRO_LITTLE_MOUNT""}",ANSWERABLE_NOW,template_instantiation,TMPL_STATION_FACILITIES_EN_14
PILOT_T2_TR_003570,,SFAM_STATION_ACCESSIBILITY_004,FAM_STATION_ACCESSIBILITY_004,PARA_STATION_ACCESSIBILITY_3_0,T2_MEDIUM_V1,accessibility,GET_ACCESSIBILITY_INFO,Are escalator stairs provisions available for differently abled passengers at Alandur? [a11y F4],en,Latn,CS0,N0,"{""station"": ""Alandur"", ""accessibility_feature"": ""escalator"", ""transport_mode"": ""metro""}","{""station_id"": ""METRO_ARIGNAR_ANNA_ALANDUR""}",ANSWERABLE_NOW,template_instantiation,TMPL_STATION_ACCESSIBILITY_EN_3
PILOT_T2_TR_003571,,SFAM_OUT_OF_SCOPE_020,FAM_OUT_OF_SCOPE_020,PARA_OUT_OF_SCOPE_19_3,T2_MEDIUM_V1,out_of_scope,REJECT_OUT_OF_SCOPE,What is the general weather rain forecast in Chennai near Padalam Hospital today (F20)?,hi-en,Latn,CS3,N0,"{""landmark"": ""Padalam Hospital""}","{""place_id"": ""OSM_POI_7257518724""}",OUT_OF_SCOPE,template_instantiation,TMPL_OUT_OF_SCOPE_HINGLISH_LATN_19
PILOT_T2_TR_003572,,SFAM_INTERCHANGE_TRANSFER_015,FAM_INTERCHANGE_TRANSFER_015,PARA_INTERCHANGE_TRANSFER_14_4,T2_MEDIUM_V1,interchange_query,GET_INTERCHANGE_DETAILS,Little Mount interchange par line switch connection point details check F15,hi-en,Deva+Latn,CS4,N0,"{""station"": ""Little Mount"", ""facility_type"": ""interchange""}","{""station_id"": ""METRO_LITTLE_MOUNT""}",ANSWERABLE_AFTER_MANUAL_VERIFICATION,template_instantiation,TMPL_INTERCHANGE_TRANSFER_MIXED_SCRIPT_CS_14
PILOT_T2_TR_003573,,SFAM_STATION_ACCESSIBILITY_017,FAM_STATION_ACCESSIBILITY_017,PARA_STATION_ACCESSIBILITY_16_0,T2_MEDIUM_V1,accessibility,GET_ACCESSIBILITY_INFO,Could you specify Are wheelchair ramp provisions available for differently abled passengers at St. Thomas Mount? [a11y F17]? #3,en,Latn,CS0,N0,"{""station"": ""St. Thomas Mount"", ""accessibility_feature"": ""wheelchair"", ""transport_mode"": ""metro""}","{""station_id"": ""METRO_ST__THOMAS_MOUNT""}",ANSWERABLE_NOW,template_instantiation,TMPL_STATION_ACCESSIBILITY_EN_16
PILOT_T2_TR_003574,,SFAM_OUT_OF_SCOPE_003,FAM_OUT_OF_SCOPE_003,PARA_OUT_OF_SCOPE_2_1,T2_MEDIUM_V1,out_of_scope,REJECT_OUT_OF_SCOPE,"Excuse me, गिंडी के निकटतम सबसे अच्छे रेस्टोरेंट और भोजनालय की सूची दें। (बाहर F3) #6",hi,Deva,CS0,N0,"{""station"": ""गिंडी""}","{""station_id"": ""METRO_GUINDY""}",OUT_OF_SCOPE,template_instantiation,TMPL_OUT_OF_SCOPE_HI_DEVA_2
PILOT_T2_TR_003575,,SFAM_STATION_ACCESSIBILITY_013,FAM_STATION_ACCESSIBILITY_013,PARA_STATION_ACCESSIBILITY_12_4,T2_MEDIUM_V1,accessibility,GET_ACCESSIBILITY_INFO,Wimco Nagar Depot station par handicapped passengers ke liye wheelchair ramp support status F13,hi-en,Deva+Latn,CS4,N0,"{""station"": ""Wimco Nagar Depot"", ""accessibility_feature"": ""wheelchair"", ""transport_mode"": ""metro""}","{""station_id"": ""METRO_WIMCO_NAGAR""}",ANSWERABLE_NOW,template_instantiation,TMPL_STATION_ACCESSIBILITY_MIXED_SCRIPT_CS_12
PILOT_T2_TR_003576,,SFAM_FARE_CALCULATION_014,FAM_FARE_CALCULATION_014,PARA_FARE_CALCULATION_13_3,T2_MEDIUM_V1,fare_query,CALCULATE_FARE,Transit query: Calculate fare for travel between Washermenpet and Airport stations (F14) #5,hi-en,Latn,CS3,N1,"{""origin"": ""Washermenpet"", ""destination"": ""Airport"", ""transport_mode"": ""metro""}","{""origin_id"": ""METRO_WASHERMENPET"", ""destination_id"": ""METRO_CHENNAI_INTERNATIONAL_AIRPORT""}",ANSWERABLE_NOW,template_instantiation,TMPL_FARE_CALCULATION_HINGLISH_LATN_13
PILOT_T2_TR_003577,,SFAM_FIRST_AND_LAST_SERVICE_013,FAM_FIRST_AND_LAST_SERVICE_013,PARA_FIRST_AND_LAST_SERVICE_12_3,T2_MEDIUM_V1,service_timing,GET_FIRST_LAST_SERVICE,First train and last train operational hours between Wimco Nagar Depot and Pachaiyappa College (F13),hi-en,Latn,CS3,N0,"{""origin"": ""Wimco Nagar Depot"", ""destination"": ""Pachaiyappa College"", ""timing_type"": ""first_last"", ""transport_mode"": ""train""}","{""origin_id"": ""METRO_WIMCO_NAGAR"", ""destination_id"": ""METRO_PACHAIYAPPA_S_COLLEGE""}",ANSWERABLE_NOW,template_instantiation,TMPL_FIRST_AND_LAST_SERVICE_HINGLISH_LATN_12
PILOT_T2_TR_003578,,SFAM_ROUTE_STOP_SEQUENCE_019,FAM_ROUTE_STOP_SEQUENCE_019,PARA_ROUTE_STOP_SEQUENCE_18_1,T2_MEDIUM_V1,route_stops,LIST_ROUTE_STOPS,Please tell: बस रूट 570 के सभी ठहरावों की क्रमबद्ध सूची दिखाएं। (क्रम F19) #2,hi,Deva,CS0,N0,"{""route_number"": ""570"", ""transport_mode"": ""बस""}","{""route_id"": ""GTFS_ROUTE_17967""}",ANSWERABLE_WITH_PROVISIONAL_DATA,template_instantiation,TMPL_ROUTE_STOP_SEQUENCE_HI_DEVA_18
PILOT_T2_TR_003579,,SFAM_STATION_FACILITIES_010,FAM_STATION_FACILITIES_010,PARA_STATION_FACILITIES_9_3,T2_MEDIUM_V1,station_facilities,GET_STATION_FACILITY,Please tell: Does Anna Nagar Tower station premises include operational two-wheeler bike parking (F10)? #2,hi-en,Latn,CS3,N0,"{""station"": ""Anna Nagar Tower"", ""facility_type"": ""two_wheeler_parking"", ""transport_mode"": ""metro""}","{""station_id"": ""METRO_ANNA_NAGAR_TOWER""}",ANSWERABLE_NOW,template_instantiation,TMPL_STATION_FACILITIES_HINGLISH_LATN_9
PILOT_T2_TR_003580,,SFAM_MODE_AVAILABILITY_007,FAM_MODE_AVAILABILITY_007,PARA_MODE_AVAILABILITY_6_2,T2_MEDIUM_V1,service_availability,CHECK_SERVICE_AVAILABILITY,vadapalani se thiruvanmiyur tak direct transit options available hain kya? [suvidha F7],hi,Latn,CS0,N0,"{""origin"": ""vadapalani"", ""destination"": ""thiruvanmiyur"", ""transport_mode"": ""any""}","{""origin_id"": ""METRO_VADAPALANI"", ""destination_id"": ""BUS_3247310920""}",ANSWERABLE_WITH_PROVISIONAL_DATA,template_instantiation,TMPL_MODE_AVAILABILITY_HI_LATN_6
PILOT_T2_TR_003581,,SFAM_INTERCHANGE_TRANSFER_007,FAM_INTERCHANGE_TRANSFER_007,PARA_INTERCHANGE_TRANSFER_6_1,T2_MEDIUM_V1,interchange_query,GET_INTERCHANGE_DETAILS,Quick check: वडपलनी इंटरचेंज पर दूसरी लाइन में ट्रांसफर करने का मार्ग क्या है? (बदलाव F7) #4,hi,Deva,CS0,N0,"{""station"": ""वडपलनी"", ""facility_type"": ""इंटरचेंज""}","{""station_id"": ""METRO_VADAPALANI""}",ANSWERABLE_AFTER_MANUAL_VERIFICATION,template_instantiation,TMPL_INTERCHANGE_TRANSFER_HI_DEVA_6
PILOT_T2_TR_003582,,SFAM_FARE_CALCULATION_011,FAM_FARE_CALCULATION_011,PARA_FARE_CALCULATION_10_3,T2_MEDIUM_V1,fare_query,CALCULATE_FARE,Could you specify Calculate fare for travel between Egmore and Nehru Park stations (F11)? #3,hi-en,Latn,CS3,N0,"{""origin"": ""Egmore"", ""destination"": ""Nehru Park"", ""transport_mode"": ""metro""}","{""origin_id"": ""METRO_EGMORE"", ""destination_id"": ""METRO_NEHRU_PARK""}",ANSWERABLE_NOW,template_instantiation,TMPL_FARE_CALCULATION_HINGLISH_LATN_10
PILOT_T2_TR_003583,,SFAM_MODE_AVAILABILITY_013,FAM_MODE_AVAILABILITY_013,PARA_MODE_AVAILABILITY_12_2,T2_MEDIUM_V1,service_availability,CHECK_SERVICE_AVAILABILITY,Could you specify wimco nagar depot se nelvoy tak direct transit options available hain kya? [suvidha F13]? #3,hi,Latn,CS0,N0,"{""origin"": ""wimco nagar depot"", ""destination"": ""nelvoy"", ""transport_mode"": ""any""}","{""origin_id"": ""METRO_WIMCO_NAGAR"", ""destination_id"": ""BUS_469106564""}",ANSWERABLE_WITH_PROVISIONAL_DATA,template_instantiation,TMPL_MODE_AVAILABILITY_HI_LATN_12
PILOT_T2_TR_003584,,SFAM_FARE_CALCULATION_012,FAM_FARE_CALCULATION_012,PARA_FARE_CALCULATION_11_3,T2_MEDIUM_V1,fare_query,CALCULATE_FARE,Could you specify Calculate fare for travel between Thousand Lights and Kilpauk stations (F12)? #3,hi-en,Latn,CS3,N0,"{""origin"": ""Thousand Lights"", ""destination"": ""Kilpauk"", ""transport_mode"": ""metro""}","{""origin_id"": ""METRO_THOUSAND_LIGHTS"", ""destination_id"": ""METRO_KILPAUK""}",ANSWERABLE_NOW,template_instantiation,TMPL_FARE_CALCULATION_HINGLISH_LATN_11
PILOT_T2_TR_003585,,SFAM_REALTIME_STATUS_QUERY_013,FAM_REALTIME_STATUS_QUERY_013,PARA_REALTIME_STATUS_QUERY_12_2,T2_MEDIUM_V1,realtime_status_query,REJECT_UNSUPPORTED_REALTIME,Bus 15 CT8 ka real time current gps location update kahan pahuncha? [track F13],hi,Latn,CS0,N0,"{""route_number"": ""15 CT8"", ""transport_mode"": ""bus""}","{""route_id"": ""GTFS_ROUTE_20494""}",REQUIRES_REALTIME_DATA,template_instantiation,TMPL_REALTIME_STATUS_QUERY_HI_LATN_12
PILOT_T2_TR_003586,,SFAM_MODE_AVAILABILITY_009,FAM_MODE_AVAILABILITY_009,PARA_MODE_AVAILABILITY_8_3,T2_MEDIUM_V1,service_availability,CHECK_SERVICE_AVAILABILITY,Please tell: Is public transit operational connecting Thirumangalam and Madurantakam (F9)? #2,hi-en,Latn,CS3,N0,"{""origin"": ""Thirumangalam"", ""destination"": ""Madurantakam"", ""transport_mode"": ""public transit""}","{""origin_id"": ""METRO_THIRUMANGALAM"", ""destination_id"": ""BUS_5306412986""}",ANSWERABLE_WITH_PROVISIONAL_DATA,template_instantiation,TMPL_MODE_AVAILABILITY_HINGLISH_LATN_8
PILOT_T2_TR_003587,,SFAM_TICKETING_AND_PASSES_019,FAM_TICKETING_AND_PASSES_019,PARA_TICKETING_AND_PASSES_18_0,T2_MEDIUM_V1,ticketing_rules,GET_TICKETING_POLICY,Transit query: What are the rules and procedure to purchase a Monthly Season Pass for commuters? [pass F19] #5,en,Latn,CS0,N0,"{""ticket_type"": ""monthly_pass"", ""transport_mode"": ""transit""}",{},ANSWERABLE_NOW,template_instantiation,TMPL_TICKETING_AND_PASSES_EN_18
PILOT_T2_TR_003588,,SFAM_MODE_AVAILABILITY_008,FAM_MODE_AVAILABILITY_008,PARA_MODE_AVAILABILITY_7_1,T2_MEDIUM_V1,service_availability,CHECK_SERVICE_AVAILABILITY,क्या हाई कोर्ट से मायलापुर के लिए कोई सार्वजनिक बस या ट्रेन उपलब्ध है? (उपलब्धता F8),hi,Deva,CS0,N1,"{""origin"": ""हाई कोर्ट"", ""destination"": ""मायलापुर"", ""transport_mode"": ""सार्वजनिक बस या ट्रेन""}","{""origin_id"": ""METRO_HIGHCOURT"", ""destination_id"": ""BUS_410614381""}",ANSWERABLE_WITH_PROVISIONAL_DATA,template_instantiation,TMPL_MODE_AVAILABILITY_HI_DEVA_7
PILOT_T2_TR_003589,,SFAM_INTERCHANGE_TRANSFER_011,FAM_INTERCHANGE_TRANSFER_011,PARA_INTERCHANGE_TRANSFER_10_0,T2_MEDIUM_V1,interchange_query,GET_INTERCHANGE_DETAILS,Could you specify How do I switch lines to connect towards Nehru Park at Egmore interchange? [xfer F11]? #3,en,Latn,CS0,N0,"{""station"": ""Egmore"", ""destination"": ""Nehru Park"", ""facility_type"": ""interchange""}","{""station_id"": ""METRO_EGMORE"", ""destination_id"": ""METRO_NEHRU_PARK""}",ANSWERABLE_AFTER_MANUAL_VERIFICATION,template_instantiation,TMPL_INTERCHANGE_TRANSFER_EN_10
PILOT_T2_TR_003590,,SFAM_ROUTE_STOP_SEQUENCE_018,FAM_ROUTE_STOP_SEQUENCE_018,PARA_ROUTE_STOP_SEQUENCE_17_1,T2_MEDIUM_V1,route_stops,LIST_ROUTE_STOPS,Could you specify बस रूट 102A के सभी ठहरावों की क्रमबद्ध सूची दिखाएं। (क्रम F18)? #3,hi,Deva,CS0,N0,"{""route_number"": ""102A"", ""transport_mode"": ""बस""}","{""route_id"": ""GTFS_ROUTE_10248""}",ANSWERABLE_WITH_PROVISIONAL_DATA,template_instantiation,TMPL_ROUTE_STOP_SEQUENCE_HI_DEVA_17
PILOT_T2_TR_003591,,SFAM_NEAREST_TRANSPORT_018,FAM_NEAREST_TRANSPORT_018,PARA_NEAREST_TRANSPORT_17_1,T2_MEDIUM_V1,nearest_transport,FIND_NEAREST_STATION,Quick check: मदुरंतकम अस्पताल के सबसे निकटतम मेट्रो स्टेशन या बस स्टॉप कौन सा है? (निकट F18) #4,hi,Deva,CS0,N0,"{""landmark"": ""मदुरंतकम अस्पताल"", ""transport_mode"": ""मेट्रो या बस""}","{""place_id"": ""OSM_POI_7257518777""}",ANSWERABLE_NOW,template_instantiation,TMPL_NEAREST_TRANSPORT_HI_DEVA_17
PILOT_T2_TR_003592,,SFAM_REALTIME_STATUS_QUERY_017,FAM_REALTIME_STATUS_QUERY_017,PARA_REALTIME_STATUS_QUERY_16_3,T2_MEDIUM_V1,realtime_status_query,REJECT_UNSUPPORTED_REALTIME,Could you specify Live crowd density and train arrival countdown at St. Thomas Mount right now (F17)? #3,hi-en,Latn,CS3,N0,"{""station"": ""St. Thomas Mount"", ""transport_mode"": ""metro""}","{""station_id"": ""METRO_ST__THOMAS_MOUNT""}",REQUIRES_REALTIME_DATA,template_instantiation,TMPL_REALTIME_STATUS_QUERY_HINGLISH_LATN_16
PILOT_T2_TR_003593,,SFAM_MODE_AVAILABILITY_011,FAM_MODE_AVAILABILITY_011,PARA_MODE_AVAILABILITY_10_1,T2_MEDIUM_V1,service_availability,CHECK_SERVICE_AVAILABILITY,"Excuse me, क्या एग्मोर से कलपक्कम के लिए कोई सार्वजनिक बस या ट्रेन उपलब्ध है? (उपलब्धता F11) #6",hi,Deva,CS0,N0,"{""origin"": ""एग्मोर"", ""destination"": ""कलपक्कम"", ""transport_mode"": ""सार्वजनिक बस या ट्रेन""}","{""origin_id"": ""METRO_EGMORE"", ""destination_id"": ""BUS_30143150""}",ANSWERABLE_WITH_PROVISIONAL_DATA,template_instantiation,TMPL_MODE_AVAILABILITY_HI_DEVA_10
PILOT_T2_TR_003594,,SFAM_STATION_ACCESSIBILITY_005,FAM_STATION_ACCESSIBILITY_005,PARA_STATION_ACCESSIBILITY_4_0,T2_MEDIUM_V1,accessibility,GET_ACCESSIBILITY_INFO,Quick check: Are wheelchair ramp provisions available for differently abled passengers at CMBT? [a11y F5] #4,en,Latn,CS0,N0,"{""station"": ""CMBT"", ""accessibility_feature"": ""wheelchair"", ""transport_mode"": ""metro""}","{""station_id"": ""METRO_PURATCHI_THALAIVI_DR_J_JAYALALITHAA_CMBT""}",ANSWERABLE_NOW,template_instantiation,TMPL_STATION_ACCESSIBILITY_EN_4
PILOT_T2_TR_003595,,SFAM_MODE_AVAILABILITY_017,FAM_MODE_AVAILABILITY_017,PARA_MODE_AVAILABILITY_16_1,T2_MEDIUM_V1,service_availability,CHECK_SERVICE_AVAILABILITY,क्या सेंट थॉमस माउंट से तांबरम के लिए कोई सार्वजनिक बस या ट्रेन उपलब्ध है? (उपलब्धता F17),hi,Deva,CS0,N1,"{""origin"": ""सेंट थॉमस माउंट"", ""destination"": ""तांबरम"", ""transport_mode"": ""सार्वजनिक बस या ट्रेन""}","{""origin_id"": ""METRO_ST__THOMAS_MOUNT"", ""destination_id"": ""BUS_5304399879""}",ANSWERABLE_WITH_PROVISIONAL_DATA,template_instantiation,TMPL_MODE_AVAILABILITY_HI_DEVA_16
PILOT_T2_TR_003596,,SFAM_STATION_ACCESSIBILITY_013,FAM_STATION_ACCESSIBILITY_013,PARA_STATION_ACCESSIBILITY_12_3,T2_MEDIUM_V1,accessibility,GET_ACCESSIBILITY_INFO,Quick check: Verification of accessible wheelchair ramp support at Wimco Nagar Depot metro (F13) #4,hi-en,Latn,CS3,N0,"{""station"": ""Wimco Nagar Depot"", ""accessibility_feature"": ""wheelchair"", ""transport_mode"": ""metro""}","{""station_id"": ""METRO_WIMCO_NAGAR""}",ANSWERABLE_NOW,template_instantiation,TMPL_STATION_ACCESSIBILITY_HINGLISH_LATN_12
PILOT_T2_TR_003597,,SFAM_MULTIMODAL_ROUTE_014,FAM_MULTIMODAL_ROUTE_014,PARA_MULTIMODAL_ROUTE_13_2,T2_MEDIUM_V1,route_query,PLAN_MULTIMODAL_ROUTE,uttiramerur se airport bus aur metro switch karke shortest transit kya hai? [opt F14],hi,Latn,CS0,N1,"{""origin"": ""uttiramerur"", ""destination"": ""airport"", ""transport_mode"": ""bus aur metro""}","{""origin_id"": ""BUS_4987577873"", ""destination_id"": ""METRO_CHENNAI_INTERNATIONAL_AIRPORT""}",ANSWERABLE_WITH_PROVISIONAL_DATA,template_instantiation,TMPL_MULTIMODAL_ROUTE_HI_LATN_13
PILOT_T2_TR_003598,,SFAM_FARE_CALCULATION_017,FAM_FARE_CALCULATION_017,PARA_FARE_CALCULATION_16_3,T2_MEDIUM_V1,fare_query,CALCULATE_FARE,Please tell: Calculate fare for travel between St. Thomas Mount and Alandur stations (F17) #2,hi-en,Latn,CS3,N0,"{""origin"": ""St. Thomas Mount"", ""destination"": ""Alandur"", ""transport_mode"": ""metro""}","{""origin_id"": ""METRO_ST__THOMAS_MOUNT"", ""destination_id"": ""METRO_ARIGNAR_ANNA_ALANDUR""}",ANSWERABLE_NOW,template_instantiation,TMPL_FARE_CALCULATION_HINGLISH_LATN_16
PILOT_T2_TR_003599,,SFAM_FARE_CALCULATION_003,FAM_FARE_CALCULATION_003,PARA_FARE_CALCULATION_2_3,T2_MEDIUM_V1,fare_query,CALCULATE_FARE,Could you specify Calculate fare for travel between Guindy and Anna Nagar Tower stations (F3)? #3,hi-en,Latn,CS3,N1,"{""origin"": ""Guindy"", ""destination"": ""Anna Nagar Tower"", ""transport_mode"": ""metro""}","{""origin_id"": ""METRO_GUINDY"", ""destination_id"": ""METRO_ANNA_NAGAR_TOWER""}",ANSWERABLE_NOW,template_instantiation,TMPL_FARE_CALCULATION_HINGLISH_LATN_2
PILOT_T2_TR_003600,,SFAM_FIRST_AND_LAST_SERVICE_017,FAM_FIRST_AND_LAST_SERVICE_017,PARA_FIRST_AND_LAST_SERVICE_16_1,T2_MEDIUM_V1,service_timing,GET_FIRST_LAST_SERVICE,Please tell: सेंट थॉमस माउंट से आलंदूर के लिए पहली और आखिरी ट्रेन का समय क्या है? (समय F17) #2,hi,Deva,CS0,N0,"{""origin"": ""सेंट थॉमस माउंट"", ""destination"": ""आलंदूर"", ""timing_type"": ""first_last"", ""transport_mode"": ""ट्रेन""}","{""origin_id"": ""METRO_ST__THOMAS_MOUNT"", ""destination_id"": ""METRO_ARIGNAR_ANNA_ALANDUR""}",ANSWERABLE_NOW,template_instantiation,TMPL_FIRST_AND_LAST_SERVICE_HI_DEVA_16
PILOT_T2_TR_003601,,SFAM_STATION_ACCESSIBILITY_014,FAM_STATION_ACCESSIBILITY_014,PARA_STATION_ACCESSIBILITY_13_3,T2_MEDIUM_V1,accessibility,GET_ACCESSIBILITY_INFO,"Excuse me, Verification of accessible passenger elevator lift support at Washermenpet metro (F14) #6",hi-en,Latn,CS3,N2,"{""station"": ""Washermenpet"", ""accessibility_feature"": ""lift"", ""transport_mode"": ""metro""}","{""station_id"": ""METRO_WASHERMENPET""}",ANSWERABLE_NOW,template_instantiation,TMPL_STATION_ACCESSIBILITY_HINGLISH_LATN_13
PILOT_T2_TR_003602,,SFAM_INTERCHANGE_TRANSFER_014,FAM_INTERCHANGE_TRANSFER_014,PARA_INTERCHANGE_TRANSFER_13_0,T2_MEDIUM_V1,interchange_query,GET_INTERCHANGE_DETAILS,How do I switch lines to connect towards Airport at Washermenpet interchange? [xfer F14],en,Latn,CS0,N0,"{""station"": ""Washermenpet"", ""destination"": ""Airport"", ""facility_type"": ""interchange""}","{""station_id"": ""METRO_WASHERMENPET"", ""destination_id"": ""METRO_CHENNAI_INTERNATIONAL_AIRPORT""}",ANSWERABLE_AFTER_MANUAL_VERIFICATION,template_instantiation,TMPL_INTERCHANGE_TRANSFER_EN_13
PILOT_T2_TR_003603,,SFAM_INTERCHANGE_TRANSFER_014,FAM_INTERCHANGE_TRANSFER_014,PARA_INTERCHANGE_TRANSFER_13_3,T2_MEDIUM_V1,interchange_query,GET_INTERCHANGE_DETAILS,"Excuse me, Transfer walking time and directions at Washermenpet multimodal terminal (F14) #6",hi-en,Latn,CS3,N2,"{""station"": ""Washermenpet"", ""facility_type"": ""interchange""}","{""station_id"": ""METRO_WASHERMENPET""}",ANSWERABLE_AFTER_MANUAL_VERIFICATION,template_instantiation,TMPL_INTERCHANGE_TRANSFER_HINGLISH_LATN_13
PILOT_T2_TR_003604,,SFAM_INTERCHANGE_TRANSFER_011,FAM_INTERCHANGE_TRANSFER_011,PARA_INTERCHANGE_TRANSFER_10_0,T2_MEDIUM_V1,interchange_query,GET_INTERCHANGE_DETAILS,How do I switch lines to connect towards Nehru Park at Egmore interchange? [xfer F11],en,Latn,CS0,N0,"{""station"": ""Egmore"", ""destination"": ""Nehru Park"", ""facility_type"": ""interchange""}","{""station_id"": ""METRO_EGMORE"", ""destination_id"": ""METRO_NEHRU_PARK""}",ANSWERABLE_AFTER_MANUAL_VERIFICATION,template_instantiation,TMPL_INTERCHANGE_TRANSFER_EN_10
PILOT_T2_TR_003605,,SFAM_STATION_ACCESSIBILITY_020,FAM_STATION_ACCESSIBILITY_020,PARA_STATION_ACCESSIBILITY_19_3,T2_MEDIUM_V1,accessibility,GET_ACCESSIBILITY_INFO,Quick check: Verification of accessible escalator stairs support at Pachaiyappa College metro (F20) #4,hi-en,Latn,CS3,N0,"{""station"": ""Pachaiyappa College"", ""accessibility_feature"": ""escalator"", ""transport_mode"": ""metro""}","{""station_id"": ""METRO_PACHAIYAPPA_S_COLLEGE""}",ANSWERABLE_NOW,template_instantiation,TMPL_STATION_ACCESSIBILITY_HINGLISH_LATN_19
PILOT_T2_TR_003606,,SFAM_STATION_FACILITIES_007,FAM_STATION_FACILITIES_007,PARA_STATION_FACILITIES_6_0,T2_MEDIUM_V1,station_facilities,GET_STATION_FACILITY,Could you specify Is EV vehicle charging facility available at Vadapalani metro station? [fac F7]? #3,en,Latn,CS0,N0,"{""station"": ""Vadapalani"", ""facility_type"": ""ev_charging"", ""transport_mode"": ""metro""}","{""station_id"": ""METRO_VADAPALANI""}",ANSWERABLE_NOW,template_instantiation,TMPL_STATION_FACILITIES_EN_6
PILOT_T2_TR_003607,,SFAM_NEAREST_TRANSPORT_009,FAM_NEAREST_TRANSPORT_009,PARA_NEAREST_TRANSPORT_8_1,T2_MEDIUM_V1,nearest_transport,FIND_NEAREST_STATION,Could you specify कर्पगा संस्थान के सबसे निकटतम मेट्रो स्टेशन या बस स्टॉप कौन सा है? (निकट F9)? #3,hi,Deva,CS0,N0,"{""landmark"": ""कर्पगा संस्थान"", ""transport_mode"": ""मेट्रो या बस""}","{""place_id"": ""OSM_POI_3082849503""}",ANSWERABLE_NOW,template_instantiation,TMPL_NEAREST_TRANSPORT_HI_DEVA_8
PILOT_T2_TR_003608,,SFAM_STATION_FACILITIES_001,FAM_STATION_FACILITIES_001,PARA_STATION_FACILITIES_0_1,T2_MEDIUM_V1,station_facilities,GET_STATION_FACILITY,Quick check: क्या एयरपोर्ट मेट्रो स्टेशन पर कार पार्किंग की व्यवस्था उपलब्ध है? (सुविधा F1) #4,hi,Deva,CS0,N2,"{""station"": ""एयरपोर्ट"", ""facility_type"": ""parking"", ""transport_mode"": ""मेट्रो""}","{""station_id"": ""METRO_CHENNAI_INTERNATIONAL_AIRPORT""}",ANSWERABLE_NOW,template_instantiation,TMPL_STATION_FACILITIES_HI_DEVA_0
PILOT_T2_TR_003609,,SFAM_POINT_TO_POINT_ROUTE_001,FAM_POINT_TO_POINT_ROUTE_001,PARA_POINT_TO_POINT_ROUTE_0_1,T2_MEDIUM_V1,route_query,PLAN_ROUTE,Could you specify एयरपोर्ट से हाई कोर्ट मेट्रो से जाने का रास्ता क्या है? (प्रारूप F1)? #3,hi,Deva,CS0,N1,"{""origin"": ""एयरपोर्ट"", ""destination"": ""हाई कोर्ट"", ""transport_mode"": ""मेट्रो""}","{""origin_id"": ""METRO_CHENNAI_INTERNATIONAL_AIRPORT"", ""destination_id"": ""METRO_HIGHCOURT""}",ANSWERABLE_WITH_PROVISIONAL_DATA,template_instantiation,TMPL_POINT_TO_POINT_ROUTE_HI_DEVA_0
PILOT_T2_TR_003610,,SFAM_TICKETING_AND_PASSES_003,FAM_TICKETING_AND_PASSES_003,PARA_TICKETING_AND_PASSES_2_1,T2_MEDIUM_V1,ticketing_rules,GET_TICKETING_POLICY,"Hello assistant, यात्रियों के लिए क्यूआर टिकट प्राप्त करने के नियम और प्रक्रिया क्या हैं? (पास F3) #7",hi,Deva,CS0,N1,"{""ticket_type"": ""qr_ticket"", ""transport_mode"": ""पारगमन""}",{},ANSWERABLE_NOW,template_instantiation,TMPL_TICKETING_AND_PASSES_HI_DEVA_2
PILOT_T2_TR_003611,,SFAM_INTERCHANGE_TRANSFER_009,FAM_INTERCHANGE_TRANSFER_009,PARA_INTERCHANGE_TRANSFER_8_1,T2_MEDIUM_V1,interchange_query,GET_INTERCHANGE_DETAILS,Please tell: तिरुमंगलम इंटरचेंज पर दूसरी लाइन में ट्रांसफर करने का मार्ग क्या है? (बदलाव F9) #2,hi,Deva,CS0,N0,"{""station"": ""तिरुमंगलम"", ""facility_type"": ""इंटरचेंज""}","{""station_id"": ""METRO_THIRUMANGALAM""}",ANSWERABLE_AFTER_MANUAL_VERIFICATION,template_instantiation,TMPL_INTERCHANGE_TRANSFER_HI_DEVA_8
PILOT_T2_TR_003612,,SFAM_MULTIMODAL_ROUTE_001,FAM_MULTIMODAL_ROUTE_001,PARA_MULTIMODAL_ROUTE_0_0,T2_MEDIUM_V1,route_query,PLAN_MULTIMODAL_ROUTE,Could you specify What is the combined bus and metro route from Tambaram to High Court? [plan F1]? #3,en,Latn,CS0,N0,"{""origin"": ""Tambaram"", ""destination"": ""High Court"", ""transport_mode"": ""multimodal""}","{""origin_id"": ""BUS_5304399879"", ""destination_id"": ""METRO_HIGHCOURT""}",ANSWERABLE_WITH_PROVISIONAL_DATA,template_instantiation,TMPL_MULTIMODAL_ROUTE_EN_0
PILOT_T2_TR_003613,,SFAM_SCHEDULED_DEPARTURE_017,FAM_SCHEDULED_DEPARTURE_017,PARA_SCHEDULED_DEPARTURE_16_3,T2_MEDIUM_V1,service_timing,GET_SCHEDULED_DEPARTURES,St. Thomas Mount station se kal 8 baje train schedule kya hoga (F17),hi-en,Latn,CS3,N0,"{""origin"": ""St. Thomas Mount"", ""temporal_relative"": ""kal"", ""resolved_temporal_offset"": ""UNRESOLVED_TEMPORAL_AMBIGUITY"", ""time"": ""8 baje"", ""temporal_ambiguity"": true, ""dual_candidates"": [""08:00:00"", ""20:00:00""]}","{""origin_id"": ""METRO_ST__THOMAS_MOUNT""}",ANSWERABLE_NOW,template_instantiation,TMPL_SCHEDULED_DEPARTURE_HINGLISH_LATN_16
PILOT_T2_TR_003614,,SFAM_FIRST_AND_LAST_SERVICE_012,FAM_FIRST_AND_LAST_SERVICE_012,PARA_FIRST_AND_LAST_SERVICE_11_3,T2_MEDIUM_V1,service_timing,GET_FIRST_LAST_SERVICE,Please tell: First train and last train operational hours between Thousand Lights and Kilpauk (F12) #2,hi-en,Latn,CS3,N1,"{""origin"": ""Thousand Lights"", ""destination"": ""Kilpauk"", ""timing_type"": ""first_last"", ""transport_mode"": ""train""}","{""origin_id"": ""METRO_THOUSAND_LIGHTS"", ""destination_id"": ""METRO_KILPAUK""}",ANSWERABLE_NOW,template_instantiation,TMPL_FIRST_AND_LAST_SERVICE_HINGLISH_LATN_11
PILOT_T2_TR_003615,,SFAM_STATION_FACILITIES_016,FAM_STATION_FACILITIES_016,PARA_STATION_FACILITIES_15_1,T2_MEDIUM_V1,station_facilities,GET_STATION_FACILITY,"Excuse me, क्या साइदापेट मेट्रो स्टेशन पर साइकिल स्टैंड की व्यवस्था उपलब्ध है? (सुविधा F16) #6",hi,Deva,CS0,N0,"{""station"": ""साइदापेट"", ""facility_type"": ""bicycle_stand"", ""transport_mode"": ""मेट्रो""}","{""station_id"": ""METRO_SAIDAPET""}",ANSWERABLE_NOW,template_instantiation,TMPL_STATION_FACILITIES_HI_DEVA_15
PILOT_T2_TR_003616,,SFAM_FARE_CALCULATION_007,FAM_FARE_CALCULATION_007,PARA_FARE_CALCULATION_6_4,T2_MEDIUM_V1,fare_query,CALCULATE_FARE,Vadapalani से Washermenpet metro travel ka discounted smart card fare kya hai F7,hi-en,Deva+Latn,CS4,N0,"{""origin"": ""Vadapalani"", ""destination"": ""Washermenpet"", ""ticket_type"": ""smart_card"", ""transport_mode"": ""metro""}","{""origin_id"": ""METRO_VADAPALANI"", ""destination_id"": ""METRO_WASHERMENPET""}",ANSWERABLE_NOW,template_instantiation,TMPL_FARE_CALCULATION_MIXED_SCRIPT_CS_6
PILOT_T2_TR_003617,,SFAM_ROUTE_STOP_SEQUENCE_014,FAM_ROUTE_STOP_SEQUENCE_014,PARA_ROUTE_STOP_SEQUENCE_13_1,T2_MEDIUM_V1,route_stops,LIST_ROUTE_STOPS,Please tell: बस रूट Blue Line के सभी ठहरावों की क्रमबद्ध सूची दिखाएं। (क्रम F14) #2,hi,Deva,CS0,N0,"{""route_number"": ""Blue Line"", ""transport_mode"": ""बस""}","{""route_id"": ""CMRL_BLUE_CORRIDOR_1""}",ANSWERABLE_WITH_PROVISIONAL_DATA,template_instantiation,TMPL_ROUTE_STOP_SEQUENCE_HI_DEVA_13
PILOT_T2_TR_003618,,SFAM_TICKETING_AND_PASSES_019,FAM_TICKETING_AND_PASSES_019,PARA_TICKETING_AND_PASSES_18_4,T2_MEDIUM_V1,ticketing_rules,GET_TICKETING_POLICY,Commuter Monthly Season Pass ke application aur terms ki complete details F19,hi-en,Deva+Latn,CS4,N2,"{""ticket_type"": ""monthly_pass"", ""transport_mode"": ""transit""}",{},ANSWERABLE_NOW,template_instantiation,TMPL_TICKETING_AND_PASSES_MIXED_SCRIPT_CS_18
PILOT_T2_TR_003619,,SFAM_STATION_ACCESSIBILITY_002,FAM_STATION_ACCESSIBILITY_002,PARA_STATION_ACCESSIBILITY_1_3,T2_MEDIUM_V1,accessibility,GET_ACCESSIBILITY_INFO,Verification of accessible passenger elevator lift support at Chennai Central metro (F2),hi-en,Latn,CS3,N0,"{""station"": ""Chennai Central"", ""accessibility_feature"": ""lift"", ""transport_mode"": ""metro""}","{""station_id"": ""METRO_PURATCHI_THALAIVAR_DR__M_G_RAMACHANDRAN_CENTRAL""}",ANSWERABLE_NOW,template_instantiation,TMPL_STATION_ACCESSIBILITY_HINGLISH_LATN_1
PILOT_T2_TR_003620,,SFAM_TICKETING_AND_PASSES_003,FAM_TICKETING_AND_PASSES_003,PARA_TICKETING_AND_PASSES_2_2,T2_MEDIUM_V1,ticketing_rules,GET_TICKETING_POLICY,qr ticket recharge karne ka guidelines aur validity rule bataye. [card F3],hi,Latn,CS0,N0,"{""ticket_type"": ""qr_ticket"", ""transport_mode"": ""transit""}",{},ANSWERABLE_NOW,template_instantiation,TMPL_TICKETING_AND_PASSES_HI_LATN_2
PILOT_T2_TR_003621,,SFAM_OUT_OF_SCOPE_001,FAM_OUT_OF_SCOPE_001,PARA_OUT_OF_SCOPE_0_1,T2_MEDIUM_V1,out_of_scope,REJECT_OUT_OF_SCOPE,"Hello assistant, एयरपोर्ट के निकटतम सबसे अच्छे रेस्टोरेंट और भोजनालय की सूची दें। (बाहर F1) #7",hi,Deva,CS0,N1,"{""station"": ""एयरपोर्ट""}","{""station_id"": ""METRO_CHENNAI_INTERNATIONAL_AIRPORT""}",OUT_OF_SCOPE,template_instantiation,TMPL_OUT_OF_SCOPE_HI_DEVA_0
PILOT_T2_TR_003622,,SFAM_NEAREST_TRANSPORT_004,FAM_NEAREST_TRANSPORT_004,PARA_NEAREST_TRANSPORT_3_1,T2_MEDIUM_V1,nearest_transport,FIND_NEAREST_STATION,मैरीटाइम संस्थान के सबसे निकटतम मेट्रो स्टेशन या बस स्टॉप कौन सा है? (निकट F4),hi,Deva,CS0,N0,"{""landmark"": ""मैरीटाइम संस्थान"", ""transport_mode"": ""मेट्रो या बस""}","{""place_id"": ""OSM_POI_314081186""}",ANSWERABLE_NOW,template_instantiation,TMPL_NEAREST_TRANSPORT_HI_DEVA_3
PILOT_T2_TR_003623,,SFAM_INTERCHANGE_TRANSFER_012,FAM_INTERCHANGE_TRANSFER_012,PARA_INTERCHANGE_TRANSFER_11_2,T2_MEDIUM_V1,interchange_query,GET_INTERCHANGE_DETAILS,Could you specify thousand lights hub par metro line change karke kilpauk kaise jaye? [platform F12]? #3,hi,Latn,CS0,N0,"{""station"": ""thousand lights"", ""destination"": ""kilpauk"", ""facility_type"": ""interchange""}","{""station_id"": ""METRO_THOUSAND_LIGHTS"", ""destination_id"": ""METRO_KILPAUK""}",ANSWERABLE_AFTER_MANUAL_VERIFICATION,template_instantiation,TMPL_INTERCHANGE_TRANSFER_HI_LATN_11
PILOT_T2_TR_003624,,SFAM_FARE_CALCULATION_001,FAM_FARE_CALCULATION_001,PARA_FARE_CALCULATION_0_0,T2_MEDIUM_V1,fare_query,CALCULATE_FARE,What is the single-journey ticket fare from Airport to High Court on metro? [fare F1],en,Latn,CS0,N0,"{""origin"": ""Airport"", ""destination"": ""High Court"", ""fare_type"": ""token"", ""transport_mode"": ""metro""}","{""origin_id"": ""METRO_CHENNAI_INTERNATIONAL_AIRPORT"", ""destination_id"": ""METRO_HIGHCOURT""}",ANSWERABLE_NOW,template_instantiation,TMPL_FARE_CALCULATION_EN_0
PILOT_T2_TR_003625,,SFAM_TICKETING_AND_PASSES_003,FAM_TICKETING_AND_PASSES_003,PARA_TICKETING_AND_PASSES_2_0,T2_MEDIUM_V1,ticketing_rules,GET_TICKETING_POLICY,"Hello assistant, What are the rules and procedure to purchase a WhatsApp QR Ticket for commuters? [pass F3] #7",en,Latn,CS0,N1,"{""ticket_type"": ""qr_ticket"", ""transport_mode"": ""transit""}",{},ANSWERABLE_NOW,template_instantiation,TMPL_TICKETING_AND_PASSES_EN_2
PILOT_T2_TR_003626,,SFAM_STATION_FACILITIES_020,FAM_STATION_FACILITIES_020,PARA_STATION_FACILITIES_19_0,T2_MEDIUM_V1,station_facilities,GET_STATION_FACILITY,Please tell: Is bicycle parking stand facility available at Pachaiyappa College metro station? [fac F20] #2,en,Latn,CS0,N0,"{""station"": ""Pachaiyappa College"", ""facility_type"": ""bicycle_stand"", ""transport_mode"": ""metro""}","{""station_id"": ""METRO_PACHAIYAPPA_S_COLLEGE""}",ANSWERABLE_NOW,template_instantiation,TMPL_STATION_FACILITIES_EN_19
PILOT_T2_TR_003627,,SFAM_ROUTE_STOP_SEQUENCE_010,FAM_ROUTE_STOP_SEQUENCE_010,PARA_ROUTE_STOP_SEQUENCE_9_4,T2_MEDIUM_V1,route_stops,LIST_ROUTE_STOPS,Route 12G bus के सभी stops ka sequence display karein data F10,hi-en,Deva+Latn,CS4,N0,"{""route_number"": ""12G"", ""transport_mode"": ""bus""}","{""route_id"": ""GTFS_ROUTE_18750""}",ANSWERABLE_WITH_PROVISIONAL_DATA,template_instantiation,TMPL_ROUTE_STOP_SEQUENCE_MIXED_SCRIPT_CS_9
PILOT_T2_TR_003628,,SFAM_POINT_TO_POINT_ROUTE_018,FAM_POINT_TO_POINT_ROUTE_018,PARA_POINT_TO_POINT_ROUTE_17_0,T2_MEDIUM_V1,route_query,PLAN_ROUTE,How do I commute from Nehru Park to CMBT by metro? [pattern F18],en,Latn,CS0,N0,"{""origin"": ""Nehru Park"", ""destination"": ""CMBT"", ""transport_mode"": ""metro""}","{""origin_id"": ""METRO_NEHRU_PARK"", ""destination_id"": ""METRO_PURATCHI_THALAIVI_DR_J_JAYALALITHAA_CMBT""}",ANSWERABLE_WITH_PROVISIONAL_DATA,template_instantiation,TMPL_POINT_TO_POINT_ROUTE_EN_17
PILOT_T2_TR_003629,,SFAM_REALTIME_STATUS_QUERY_019,FAM_REALTIME_STATUS_QUERY_019,PARA_REALTIME_STATUS_QUERY_18_3,T2_MEDIUM_V1,realtime_status_query,REJECT_UNSUPPORTED_REALTIME,Live crowd density and train arrival countdown at Kilpauk right now (F19),hi-en,Latn,CS3,N0,"{""station"": ""Kilpauk"", ""transport_mode"": ""metro""}","{""station_id"": ""METRO_KILPAUK""}",REQUIRES_REALTIME_DATA,template_instantiation,TMPL_REALTIME_STATUS_QUERY_HINGLISH_LATN_18
PILOT_T2_TR_003630,,SFAM_STATION_FACILITIES_017,FAM_STATION_FACILITIES_017,PARA_STATION_FACILITIES_16_0,T2_MEDIUM_V1,station_facilities,GET_STATION_FACILITY,"Excuse me, Is car parking facility available at St. Thomas Mount metro station? [fac F17] #6",en,Latn,CS0,N0,"{""station"": ""St. Thomas Mount"", ""facility_type"": ""parking"", ""transport_mode"": ""metro""}","{""station_id"": ""METRO_ST__THOMAS_MOUNT""}",ANSWERABLE_NOW,template_instantiation,TMPL_STATION_FACILITIES_EN_16
PILOT_T2_TR_003631,,SFAM_OUT_OF_SCOPE_013,FAM_OUT_OF_SCOPE_013,PARA_OUT_OF_SCOPE_12_3,T2_MEDIUM_V1,out_of_scope,REJECT_OUT_OF_SCOPE,Could you specify What is the general weather rain forecast in Chennai near Great Lakes Institute today (F13)?? #3,hi-en,Latn,CS3,N0,"{""landmark"": ""Great Lakes Institute""}","{""place_id"": ""OSM_POI_577328882""}",OUT_OF_SCOPE,template_instantiation,TMPL_OUT_OF_SCOPE_HINGLISH_LATN_12
PILOT_T2_TR_003632,,SFAM_MODE_AVAILABILITY_001,FAM_MODE_AVAILABILITY_001,PARA_MODE_AVAILABILITY_0_1,T2_MEDIUM_V1,service_availability,CHECK_SERVICE_AVAILABILITY,Quick check: क्या एयरपोर्ट से तांबरम के लिए कोई सार्वजनिक बस या ट्रेन उपलब्ध है? (उपलब्धता F1) #4,hi,Deva,CS0,N2,"{""origin"": ""एयरपोर्ट"", ""destination"": ""तांबरम"", ""transport_mode"": ""सार्वजनिक बस या ट्रेन""}","{""origin_id"": ""METRO_CHENNAI_INTERNATIONAL_AIRPORT"", ""destination_id"": ""BUS_5304399879""}",ANSWERABLE_WITH_PROVISIONAL_DATA,template_instantiation,TMPL_MODE_AVAILABILITY_HI_DEVA_0
PILOT_T2_TR_003633,,SFAM_REALTIME_STATUS_QUERY_003,FAM_REALTIME_STATUS_QUERY_003,PARA_REALTIME_STATUS_QUERY_2_4,T2_MEDIUM_V1,realtime_status_query,REJECT_UNSUPPORTED_REALTIME,Please tell: Guindy se metro live delay status aur real time position tracking F3 #2,hi-en,Deva+Latn,CS4,N0,"{""origin"": ""Guindy"", ""transport_mode"": ""metro""}","{""origin_id"": ""METRO_GUINDY""}",REQUIRES_REALTIME_DATA,template_instantiation,TMPL_REALTIME_STATUS_QUERY_MIXED_SCRIPT_CS_2
PILOT_T2_TR_003634,,SFAM_REALTIME_STATUS_QUERY_017,FAM_REALTIME_STATUS_QUERY_017,PARA_REALTIME_STATUS_QUERY_16_2,T2_MEDIUM_V1,realtime_status_query,REJECT_UNSUPPORTED_REALTIME,Bus 102 ka real time current gps location update kahan pahuncha? [track F17],hi,Latn,CS0,N0,"{""route_number"": ""102"", ""transport_mode"": ""bus""}","{""route_id"": ""GTFS_ROUTE_16861""}",REQUIRES_REALTIME_DATA,template_instantiation,TMPL_REALTIME_STATUS_QUERY_HI_LATN_16
PILOT_T2_TR_003635,,SFAM_POINT_TO_POINT_ROUTE_011,FAM_POINT_TO_POINT_ROUTE_011,PARA_POINT_TO_POINT_ROUTE_10_1,T2_MEDIUM_V1,route_query,PLAN_ROUTE,Could you specify एग्मोर से नेहरू पार्क मेट्रो से जाने का रास्ता क्या है? (प्रारूप F11)? #3,hi,Deva,CS0,N0,"{""origin"": ""एग्मोर"", ""destination"": ""नेहरू पार्क"", ""transport_mode"": ""मेट्रो""}","{""origin_id"": ""METRO_EGMORE"", ""destination_id"": ""METRO_NEHRU_PARK""}",ANSWERABLE_WITH_PROVISIONAL_DATA,template_instantiation,TMPL_POINT_TO_POINT_ROUTE_HI_DEVA_10
PILOT_T2_TR_003636,,SFAM_MODE_AVAILABILITY_017,FAM_MODE_AVAILABILITY_017,PARA_MODE_AVAILABILITY_16_1,T2_MEDIUM_V1,service_availability,CHECK_SERVICE_AVAILABILITY,Transit query: क्या सेंट थॉमस माउंट से तांबरम के लिए कोई सार्वजनिक बस या ट्रेन उपलब्ध है? (उपलब्धता F17) #5,hi,Deva,CS0,N2,"{""origin"": ""सेंट थॉमस माउंट"", ""destination"": ""तांबरम"", ""transport_mode"": ""सार्वजनिक बस या ट्रेन""}","{""origin_id"": ""METRO_ST__THOMAS_MOUNT"", ""destination_id"": ""BUS_5304399879""}",ANSWERABLE_WITH_PROVISIONAL_DATA,template_instantiation,TMPL_MODE_AVAILABILITY_HI_DEVA_16
PILOT_T2_TR_003637,,SFAM_OUT_OF_SCOPE_005,FAM_OUT_OF_SCOPE_005,PARA_OUT_OF_SCOPE_4_3,T2_MEDIUM_V1,out_of_scope,REJECT_OUT_OF_SCOPE,Quick check: What is the general weather rain forecast in Chennai near Maruthi Hospital today (F5)? #4,hi-en,Latn,CS3,N2,"{""landmark"": ""Maruthi Hospital""}","{""place_id"": ""OSM_POI_7820652140""}",OUT_OF_SCOPE,template_instantiation,TMPL_OUT_OF_SCOPE_HINGLISH_LATN_4
PILOT_T2_TR_003638,,SFAM_NEAREST_TRANSPORT_017,FAM_NEAREST_TRANSPORT_017,PARA_NEAREST_TRANSPORT_16_2,T2_MEDIUM_V1,nearest_transport,FIND_NEAREST_STATION,Could you specify mother child hospital se closest walking distance metro transit point kaunsa hai? [paas F17]? #3,hi,Latn,CS0,N0,"{""landmark"": ""mother child hospital"", ""transport_mode"": ""metro""}","{""place_id"": ""OSM_POI_7257518731""}",ANSWERABLE_NOW,template_instantiation,TMPL_NEAREST_TRANSPORT_HI_LATN_16
PILOT_T2_TR_003639,,SFAM_STATION_ACCESSIBILITY_017,FAM_STATION_ACCESSIBILITY_017,PARA_STATION_ACCESSIBILITY_16_1,T2_MEDIUM_V1,accessibility,GET_ACCESSIBILITY_INFO,"Excuse me, क्या सेंट थॉमस माउंट स्टेशन पर दिव्यांग यात्रियों के लिए व्हीलचेयर रैंप उपलब्ध है? (सुलभता F17) #6",hi,Deva,CS0,N0,"{""station"": ""सेंट थॉमस माउंट"", ""accessibility_feature"": ""wheelchair"", ""transport_mode"": ""मेट्रो""}","{""station_id"": ""METRO_ST__THOMAS_MOUNT""}",ANSWERABLE_NOW,template_instantiation,TMPL_STATION_ACCESSIBILITY_HI_DEVA_16
PILOT_T2_TR_003640,,SFAM_FARE_CALCULATION_011,FAM_FARE_CALCULATION_011,PARA_FARE_CALCULATION_10_1,T2_MEDIUM_V1,fare_query,CALCULATE_FARE,Please tell: एग्मोर से नेहरू पार्क तक का मेट्रो का टोकन किराया कितना रुपया है? (किराया F11) #2,hi,Deva,CS0,N0,"{""origin"": ""एग्मोर"", ""destination"": ""नेहरू पार्क"", ""fare_type"": ""टोकन"", ""transport_mode"": ""मेट्रो""}","{""origin_id"": ""METRO_EGMORE"", ""destination_id"": ""METRO_NEHRU_PARK""}",ANSWERABLE_NOW,template_instantiation,TMPL_FARE_CALCULATION_HI_DEVA_10
PILOT_T2_TR_003641,,SFAM_TICKETING_AND_PASSES_019,FAM_TICKETING_AND_PASSES_019,PARA_TICKETING_AND_PASSES_18_2,T2_MEDIUM_V1,ticketing_rules,GET_TICKETING_POLICY,Please tell: monthly pass recharge karne ka guidelines aur validity rule bataye. [card F19] #2,hi,Latn,CS0,N1,"{""ticket_type"": ""monthly_pass"", ""transport_mode"": ""transit""}",{},ANSWERABLE_NOW,template_instantiation,TMPL_TICKETING_AND_PASSES_HI_LATN_18
PILOT_T2_TR_003642,,SFAM_STATION_ACCESSIBILITY_009,FAM_STATION_ACCESSIBILITY_009,PARA_STATION_ACCESSIBILITY_8_0,T2_MEDIUM_V1,accessibility,GET_ACCESSIBILITY_INFO,Are wheelchair ramp provisions available for differently abled passengers at Thirumangalam? [a11y F9],en,Latn,CS0,N0,"{""station"": ""Thirumangalam"", ""accessibility_feature"": ""wheelchair"", ""transport_mode"": ""metro""}","{""station_id"": ""METRO_THIRUMANGALAM""}",ANSWERABLE_NOW,template_instantiation,TMPL_STATION_ACCESSIBILITY_EN_8
PILOT_T2_TR_003643,,SFAM_FARE_CALCULATION_001,FAM_FARE_CALCULATION_001,PARA_FARE_CALCULATION_0_3,T2_MEDIUM_V1,fare_query,CALCULATE_FARE,"Excuse me, Calculate fare for travel between Airport and High Court stations (F1) #6",hi-en,Latn,CS3,N0,"{""origin"": ""Airport"", ""destination"": ""High Court"", ""transport_mode"": ""metro""}","{""origin_id"": ""METRO_CHENNAI_INTERNATIONAL_AIRPORT"", ""destination_id"": ""METRO_HIGHCOURT""}",ANSWERABLE_NOW,template_instantiation,TMPL_FARE_CALCULATION_HINGLISH_LATN_0
PILOT_T2_TR_003644,,SFAM_OUT_OF_SCOPE_015,FAM_OUT_OF_SCOPE_015,PARA_OUT_OF_SCOPE_14_1,T2_MEDIUM_V1,out_of_scope,REJECT_OUT_OF_SCOPE,Could you specify लिटिल माउंट के निकटतम सबसे अच्छे रेस्टोरेंट और भोजनालय की सूची दें। (बाहर F15)? #3,hi,Deva,CS0,N0,"{""station"": ""लिटिल माउंट""}","{""station_id"": ""METRO_LITTLE_MOUNT""}",OUT_OF_SCOPE,template_instantiation,TMPL_OUT_OF_SCOPE_HI_DEVA_14
PILOT_T2_TR_003645,,SFAM_NEAREST_TRANSPORT_001,FAM_NEAREST_TRANSPORT_001,PARA_NEAREST_TRANSPORT_0_1,T2_MEDIUM_V1,nearest_transport,FIND_NEAREST_STATION,Could you specify मरीना बीच के सबसे निकटतम मेट्रो स्टेशन या बस स्टॉप कौन सा है? (निकट F1)? #3,hi,Deva,CS0,N0,"{""landmark"": ""मरीना बीच"", ""transport_mode"": ""मेट्रो या बस""}","{""place_id"": ""OSM_POI_12137617372""}",ANSWERABLE_NOW,template_instantiation,TMPL_NEAREST_TRANSPORT_HI_DEVA_0
PILOT_T2_TR_003646,,SFAM_MULTIMODAL_ROUTE_014,FAM_MULTIMODAL_ROUTE_014,PARA_MULTIMODAL_ROUTE_13_1,T2_MEDIUM_V1,route_query,PLAN_MULTIMODAL_ROUTE,Please tell: उत्तरामेरुर से एयरपोर्ट बस और मेट्रो मिलाकर सबसे तेज़ मार्ग कौन सा है? (योजना F14) #2,hi,Deva,CS0,N0,"{""origin"": ""उत्तरामेरुर"", ""destination"": ""एयरपोर्ट"", ""transport_mode"": ""बस और मेट्रो""}","{""origin_id"": ""BUS_4987577873"", ""destination_id"": ""METRO_CHENNAI_INTERNATIONAL_AIRPORT""}",ANSWERABLE_WITH_PROVISIONAL_DATA,template_instantiation,TMPL_MULTIMODAL_ROUTE_HI_DEVA_13
PILOT_T2_TR_003647,,SFAM_REALTIME_STATUS_QUERY_002,FAM_REALTIME_STATUS_QUERY_002,PARA_REALTIME_STATUS_QUERY_1_0,T2_MEDIUM_V1,realtime_status_query,REJECT_UNSUPPORTED_REALTIME,Could you specify Where is bus 102 right now and what is its live location? [live F2]? #3,en,Latn,CS0,N0,"{""route_number"": ""102"", ""transport_mode"": ""bus""}","{""route_id"": ""GTFS_ROUTE_16861""}",REQUIRES_REALTIME_DATA,template_instantiation,TMPL_REALTIME_STATUS_QUERY_EN_1
PILOT_T2_TR_003648,,SFAM_MODE_AVAILABILITY_003,FAM_MODE_AVAILABILITY_003,PARA_MODE_AVAILABILITY_2_4,T2_MEDIUM_V1,service_availability,CHECK_SERVICE_AVAILABILITY,Please tell: क्या Guindy से Adyar transport line active hai mode info F3 #2,hi-en,Deva+Latn,CS4,N0,"{""origin"": ""Guindy"", ""destination"": ""Adyar"", ""transport_mode"": ""transport""}","{""origin_id"": ""METRO_GUINDY"", ""destination_id"": ""BUS_2587520213""}",ANSWERABLE_WITH_PROVISIONAL_DATA,template_instantiation,TMPL_MODE_AVAILABILITY_MIXED_SCRIPT_CS_2
PILOT_T2_TR_003649,,SFAM_MODE_AVAILABILITY_013,FAM_MODE_AVAILABILITY_013,PARA_MODE_AVAILABILITY_12_4,T2_MEDIUM_V1,service_availability,CHECK_SERVICE_AVAILABILITY,क्या Wimco Nagar Depot से Nelvoy transport line active hai mode info F13,hi-en,Deva+Latn,CS4,N0,"{""origin"": ""Wimco Nagar Depot"", ""destination"": ""Nelvoy"", ""transport_mode"": ""transport""}","{""origin_id"": ""METRO_WIMCO_NAGAR"", ""destination_id"": ""BUS_469106564""}",ANSWERABLE_WITH_PROVISIONAL_DATA,template_instantiation,TMPL_MODE_AVAILABILITY_MIXED_SCRIPT_CS_12
PILOT_T2_TR_003650,,SFAM_FARE_CALCULATION_011,FAM_FARE_CALCULATION_011,PARA_FARE_CALCULATION_10_0,T2_MEDIUM_V1,fare_query,CALCULATE_FARE,Could you specify What is the single-journey ticket fare from Egmore to Nehru Park on metro? [fare F11]? #3,en,Latn,CS0,N0,"{""origin"": ""Egmore"", ""destination"": ""Nehru Park"", ""fare_type"": ""token"", ""transport_mode"": ""metro""}","{""origin_id"": ""METRO_EGMORE"", ""destination_id"": ""METRO_NEHRU_PARK""}",ANSWERABLE_NOW,template_instantiation,TMPL_FARE_CALCULATION_EN_10
PILOT_T2_TR_003651,,SFAM_FIRST_AND_LAST_SERVICE_015,FAM_FIRST_AND_LAST_SERVICE_015,PARA_FIRST_AND_LAST_SERVICE_14_1,T2_MEDIUM_V1,service_timing,GET_FIRST_LAST_SERVICE,Please tell: लिटिल माउंट से चेन्नई सेंट्रल के लिए पहली और आखिरी ट्रेन का समय क्या है? (समय F15) #2,hi,Deva,CS0,N0,"{""origin"": ""लिटिल माउंट"", ""destination"": ""चेन्नई सेंट्रल"", ""timing_type"": ""first_last"", ""transport_mode"": ""ट्रेन""}","{""origin_id"": ""METRO_LITTLE_MOUNT"", ""destination_id"": ""METRO_PURATCHI_THALAIVAR_DR__M_G_RAMACHANDRAN_CENTRAL""}",ANSWERABLE_NOW,template_instantiation,TMPL_FIRST_AND_LAST_SERVICE_HI_DEVA_14
PILOT_T2_TR_003652,,SFAM_STATION_ACCESSIBILITY_013,FAM_STATION_ACCESSIBILITY_013,PARA_STATION_ACCESSIBILITY_12_0,T2_MEDIUM_V1,accessibility,GET_ACCESSIBILITY_INFO,Could you specify Are wheelchair ramp provisions available for differently abled passengers at Wimco Nagar Depot? [a11y F13]? #3,en,Latn,CS0,N0,"{""station"": ""Wimco Nagar Depot"", ""accessibility_feature"": ""wheelchair"", ""transport_mode"": ""metro""}","{""station_id"": ""METRO_WIMCO_NAGAR""}",ANSWERABLE_NOW,template_instantiation,TMPL_STATION_ACCESSIBILITY_EN_12
PILOT_T2_TR_003653,,SFAM_POINT_TO_POINT_ROUTE_008,FAM_POINT_TO_POINT_ROUTE_008,PARA_POINT_TO_POINT_ROUTE_7_0,T2_MEDIUM_V1,route_query,PLAN_ROUTE,How do I commute from High Court to Little Mount by metro? [pattern F8],en,Latn,CS0,N0,"{""origin"": ""High Court"", ""destination"": ""Little Mount"", ""transport_mode"": ""metro""}","{""origin_id"": ""METRO_HIGHCOURT"", ""destination_id"": ""METRO_LITTLE_MOUNT""}",ANSWERABLE_WITH_PROVISIONAL_DATA,template_instantiation,TMPL_POINT_TO_POINT_ROUTE_EN_7
PILOT_T2_TR_003654,,SFAM_OUT_OF_SCOPE_014,FAM_OUT_OF_SCOPE_014,PARA_OUT_OF_SCOPE_13_1,T2_MEDIUM_V1,out_of_scope,REJECT_OUT_OF_SCOPE,Could you specify वॉशरमैनपेट के निकटतम सबसे अच्छे रेस्टोरेंट और भोजनालय की सूची दें। (बाहर F14)? #3,hi,Deva,CS0,N0,"{""station"": ""वॉशरमैनपेट""}","{""station_id"": ""METRO_WASHERMENPET""}",OUT_OF_SCOPE,template_instantiation,TMPL_OUT_OF_SCOPE_HI_DEVA_13
PILOT_T2_TR_003655,,SFAM_SERVICE_FREQUENCY_019,FAM_SERVICE_FREQUENCY_019,PARA_SERVICE_FREQUENCY_18_3,T2_MEDIUM_V1,service_timing,GET_SERVICE_FREQUENCY,Please tell: Peak hour frequency and normal headway between Kilpauk and Koyambedu (F19) #2,hi-en,Latn,CS3,N1,"{""origin"": ""Kilpauk"", ""destination"": ""Koyambedu"", ""timing_type"": ""frequency"", ""transport_mode"": ""metro""}","{""origin_id"": ""METRO_KILPAUK"", ""destination_id"": ""METRO_KOYAMBEDU""}",ANSWERABLE_NOW,template_instantiation,TMPL_SERVICE_FREQUENCY_HINGLISH_LATN_18
PILOT_T2_TR_003656,,SFAM_REALTIME_STATUS_QUERY_003,FAM_REALTIME_STATUS_QUERY_003,PARA_REALTIME_STATUS_QUERY_2_0,T2_MEDIUM_V1,realtime_status_query,REJECT_UNSUPPORTED_REALTIME,Could you specify Where is bus 102A right now and what is its live location? [live F3]? #3,en,Latn,CS0,N0,"{""route_number"": ""102A"", ""transport_mode"": ""bus""}","{""route_id"": ""GTFS_ROUTE_10248""}",REQUIRES_REALTIME_DATA,template_instantiation,TMPL_REALTIME_STATUS_QUERY_EN_2
PILOT_T2_TR_003657,,SFAM_NEAREST_TRANSPORT_005,FAM_NEAREST_TRANSPORT_005,PARA_NEAREST_TRANSPORT_4_2,T2_MEDIUM_V1,nearest_transport,FIND_NEAREST_STATION,Please tell: maruthi hospital se closest walking distance metro transit point kaunsa hai? [paas F5] #2,hi,Latn,CS0,N0,"{""landmark"": ""maruthi hospital"", ""transport_mode"": ""metro""}","{""place_id"": ""OSM_POI_7820652140""}",ANSWERABLE_NOW,template_instantiation,TMPL_NEAREST_TRANSPORT_HI_LATN_4
PILOT_T2_TR_003658,,SFAM_NEAREST_TRANSPORT_011,FAM_NEAREST_TRANSPORT_011,PARA_NEAREST_TRANSPORT_10_2,T2_MEDIUM_V1,nearest_transport,FIND_NEAREST_STATION,Quick check: marina beach se closest walking distance metro transit point kaunsa hai? [paas F11] #4,hi,Latn,CS0,N0,"{""landmark"": ""marina beach"", ""transport_mode"": ""metro""}","{""place_id"": ""OSM_POI_12137617372""}",ANSWERABLE_NOW,template_instantiation,TMPL_NEAREST_TRANSPORT_HI_LATN_10
PILOT_T2_TR_003659,,SFAM_MODE_AVAILABILITY_009,FAM_MODE_AVAILABILITY_009,PARA_MODE_AVAILABILITY_8_0,T2_MEDIUM_V1,service_availability,CHECK_SERVICE_AVAILABILITY,Please tell: Are there direct public transport options from Thirumangalam to Madurantakam? [avail F9] #2,en,Latn,CS0,N0,"{""origin"": ""Thirumangalam"", ""destination"": ""Madurantakam"", ""transport_mode"": ""any""}","{""origin_id"": ""METRO_THIRUMANGALAM"", ""destination_id"": ""BUS_5306412986""}",ANSWERABLE_WITH_PROVISIONAL_DATA,template_instantiation,TMPL_MODE_AVAILABILITY_EN_8
PILOT_T2_TR_003660,,SFAM_FARE_CALCULATION_001,FAM_FARE_CALCULATION_001,PARA_FARE_CALCULATION_0_2,T2_MEDIUM_V1,fare_query,CALCULATE_FARE,Quick check: airport se high court metro ride ka standard ticket cost kitna hoga? [kiraya F1] #4,hi,Latn,CS0,N0,"{""origin"": ""airport"", ""destination"": ""high court"", ""transport_mode"": ""metro""}","{""origin_id"": ""METRO_CHENNAI_INTERNATIONAL_AIRPORT"", ""destination_id"": ""METRO_HIGHCOURT""}",ANSWERABLE_NOW,template_instantiation,TMPL_FARE_CALCULATION_HI_LATN_0
PILOT_T2_TR_003661,,SFAM_TICKETING_AND_PASSES_008,FAM_TICKETING_AND_PASSES_008,PARA_TICKETING_AND_PASSES_7_0,T2_MEDIUM_V1,ticketing_rules,GET_TICKETING_POLICY,Quick check: What are the rules and procedure to purchase a Smart Card for commuters? [pass F8] #4,en,Latn,CS0,N0,"{""ticket_type"": ""smart_card"", ""transport_mode"": ""transit""}",{},ANSWERABLE_NOW,template_instantiation,TMPL_TICKETING_AND_PASSES_EN_7
PILOT_T2_TR_003662,,SFAM_NEAREST_TRANSPORT_010,FAM_NEAREST_TRANSPORT_010,PARA_NEAREST_TRANSPORT_9_4,T2_MEDIUM_V1,nearest_transport,FIND_NEAREST_STATION,Could you specify Padalam Hospital ke pass nearest metro stop connection distance bataye F10? #3,hi-en,Deva+Latn,CS4,N0,"{""landmark"": ""Padalam Hospital"", ""transport_mode"": ""metro""}","{""place_id"": ""OSM_POI_7257518724""}",ANSWERABLE_NOW,template_instantiation,TMPL_NEAREST_TRANSPORT_MIXED_SCRIPT_CS_9
PILOT_T2_TR_003663,,SFAM_FIRST_AND_LAST_SERVICE_018,FAM_FIRST_AND_LAST_SERVICE_018,PARA_FIRST_AND_LAST_SERVICE_17_3,T2_MEDIUM_V1,service_timing,GET_FIRST_LAST_SERVICE,Please tell: First train and last train operational hours between Nehru Park and CMBT (F18) #2,hi-en,Latn,CS3,N1,"{""origin"": ""Nehru Park"", ""destination"": ""CMBT"", ""timing_type"": ""first_last"", ""transport_mode"": ""train""}","{""origin_id"": ""METRO_NEHRU_PARK"", ""destination_id"": ""METRO_PURATCHI_THALAIVI_DR_J_JAYALALITHAA_CMBT""}",ANSWERABLE_NOW,template_instantiation,TMPL_FIRST_AND_LAST_SERVICE_HINGLISH_LATN_17
PILOT_T2_TR_003664,,SFAM_SERVICE_FREQUENCY_016,FAM_SERVICE_FREQUENCY_016,PARA_SERVICE_FREQUENCY_15_4,T2_MEDIUM_V1,service_timing,GET_SERVICE_FREQUENCY,Saidapet से Guindy trains kitni frequency se run karti hain interval F16,hi-en,Deva+Latn,CS4,N0,"{""origin"": ""Saidapet"", ""destination"": ""Guindy"", ""timing_type"": ""frequency"", ""transport_mode"": ""metro""}","{""origin_id"": ""METRO_SAIDAPET"", ""destination_id"": ""METRO_GUINDY""}",ANSWERABLE_NOW,template_instantiation,TMPL_SERVICE_FREQUENCY_MIXED_SCRIPT_CS_15
PILOT_T2_TR_003665,,SFAM_TICKETING_AND_PASSES_009,FAM_TICKETING_AND_PASSES_009,PARA_TICKETING_AND_PASSES_8_3,T2_MEDIUM_V1,ticketing_rules,GET_TICKETING_POLICY,Transit query: How can regular passengers apply for and renew WhatsApp QR Ticket (F9)? #5,hi-en,Latn,CS3,N1,"{""ticket_type"": ""qr_ticket"", ""transport_mode"": ""transit""}",{},ANSWERABLE_NOW,template_instantiation,TMPL_TICKETING_AND_PASSES_HINGLISH_LATN_8
PILOT_T2_TR_003666,,SFAM_REALTIME_STATUS_QUERY_001,FAM_REALTIME_STATUS_QUERY_001,PARA_REALTIME_STATUS_QUERY_0_0,T2_MEDIUM_V1,realtime_status_query,REJECT_UNSUPPORTED_REALTIME,"Hello assistant, Where is bus 21G right now and what is its live location? [live F1] #7",en,Latn,CS0,N1,"{""route_number"": ""21G"", ""transport_mode"": ""bus""}","{""route_id"": ""GTFS_ROUTE_8458""}",REQUIRES_REALTIME_DATA,template_instantiation,TMPL_REALTIME_STATUS_QUERY_EN_0
PILOT_T2_TR_003667,,SFAM_POINT_TO_POINT_ROUTE_018,FAM_POINT_TO_POINT_ROUTE_018,PARA_POINT_TO_POINT_ROUTE_17_0,T2_MEDIUM_V1,route_query,PLAN_ROUTE,Could you specify How do I commute from Nehru Park to CMBT by metro? [pattern F18]? #3,en,Latn,CS0,N0,"{""origin"": ""Nehru Park"", ""destination"": ""CMBT"", ""transport_mode"": ""metro""}","{""origin_id"": ""METRO_NEHRU_PARK"", ""destination_id"": ""METRO_PURATCHI_THALAIVI_DR_J_JAYALALITHAA_CMBT""}",ANSWERABLE_WITH_PROVISIONAL_DATA,template_instantiation,TMPL_POINT_TO_POINT_ROUTE_EN_17
PILOT_T2_TR_003668,,SFAM_REALTIME_STATUS_QUERY_003,FAM_REALTIME_STATUS_QUERY_003,PARA_REALTIME_STATUS_QUERY_2_0,T2_MEDIUM_V1,realtime_status_query,REJECT_UNSUPPORTED_REALTIME,"Hello assistant, Where is bus 102A right now and what is its live location? [live F3] #7",en,Latn,CS0,N1,"{""route_number"": ""102A"", ""transport_mode"": ""bus""}","{""route_id"": ""GTFS_ROUTE_10248""}",REQUIRES_REALTIME_DATA,template_instantiation,TMPL_REALTIME_STATUS_QUERY_EN_2
PILOT_T2_TR_003669,,SFAM_FARE_CALCULATION_007,FAM_FARE_CALCULATION_007,PARA_FARE_CALCULATION_6_1,T2_MEDIUM_V1,fare_query,CALCULATE_FARE,"Excuse me, वडपलनी से वॉशरमैनपेट तक का मेट्रो का टोकन किराया कितना रुपया है? (किराया F7) #6",hi,Deva,CS0,N0,"{""origin"": ""वडपलनी"", ""destination"": ""वॉशरमैनपेट"", ""fare_type"": ""टोकन"", ""transport_mode"": ""मेट्रो""}","{""origin_id"": ""METRO_VADAPALANI"", ""destination_id"": ""METRO_WASHERMENPET""}",ANSWERABLE_NOW,template_instantiation,TMPL_FARE_CALCULATION_HI_DEVA_6
PILOT_T2_TR_003670,,SFAM_ROUTE_STOP_SEQUENCE_010,FAM_ROUTE_STOP_SEQUENCE_010,PARA_ROUTE_STOP_SEQUENCE_9_3,T2_MEDIUM_V1,route_stops,LIST_ROUTE_STOPS,Please tell: Full stop order details for bus number 12G please provide (F10) #2,hi-en,Latn,CS3,N0,"{""route_number"": ""12G"", ""transport_mode"": ""bus""}","{""route_id"": ""GTFS_ROUTE_18750""}",ANSWERABLE_WITH_PROVISIONAL_DATA,template_instantiation,TMPL_ROUTE_STOP_SEQUENCE_HINGLISH_LATN_9
PILOT_T2_TR_003671,,SFAM_INTERCHANGE_TRANSFER_008,FAM_INTERCHANGE_TRANSFER_008,PARA_INTERCHANGE_TRANSFER_7_0,T2_MEDIUM_V1,interchange_query,GET_INTERCHANGE_DETAILS,Please tell: How do I switch lines to connect towards Little Mount at High Court interchange? [xfer F8] #2,en,Latn,CS0,N0,"{""station"": ""High Court"", ""destination"": ""Little Mount"", ""facility_type"": ""interchange""}","{""station_id"": ""METRO_HIGHCOURT"", ""destination_id"": ""METRO_LITTLE_MOUNT""}",ANSWERABLE_AFTER_MANUAL_VERIFICATION,template_instantiation,TMPL_INTERCHANGE_TRANSFER_EN_7
PILOT_T2_TR_003672,,SFAM_NEAREST_TRANSPORT_004,FAM_NEAREST_TRANSPORT_004,PARA_NEAREST_TRANSPORT_3_1,T2_MEDIUM_V1,nearest_transport,FIND_NEAREST_STATION,Transit query: मैरीटाइम संस्थान के सबसे निकटतम मेट्रो स्टेशन या बस स्टॉप कौन सा है? (निकट F4) #5,hi,Deva,CS0,N0,"{""landmark"": ""मैरीटाइम संस्थान"", ""transport_mode"": ""मेट्रो या बस""}","{""place_id"": ""OSM_POI_314081186""}",ANSWERABLE_NOW,template_instantiation,TMPL_NEAREST_TRANSPORT_HI_DEVA_3
PILOT_T2_TR_003673,,SFAM_ROUTE_STOP_MEMBERSHIP_012,FAM_ROUTE_STOP_MEMBERSHIP_012,PARA_ROUTE_STOP_MEMBERSHIP_11_1,T2_MEDIUM_V1,route_stops,CHECK_STOP_ON_ROUTE,Could you specify क्या बस 22 CT वालाजाबाद स्टॉप पर रुकती है? (जांच F12)? #3,hi,Deva,CS0,N0,"{""route_number"": ""22 CT"", ""stop"": ""वालाजाबाद"", ""transport_mode"": ""बस""}","{""route_id"": ""GTFS_ROUTE_18753"", ""stop_id"": ""BUS_261716087""}",ANSWERABLE_WITH_PROVISIONAL_DATA,template_instantiation,TMPL_ROUTE_STOP_MEMBERSHIP_HI_DEVA_11
PILOT_T2_TR_003674,,SFAM_MODE_AVAILABILITY_002,FAM_MODE_AVAILABILITY_002,PARA_MODE_AVAILABILITY_1_0,T2_MEDIUM_V1,service_availability,CHECK_SERVICE_AVAILABILITY,"Excuse me, Are there direct public transport options from Chennai Central to Broadway? [avail F2] #6",en,Latn,CS0,N0,"{""origin"": ""Chennai Central"", ""destination"": ""Broadway"", ""transport_mode"": ""any""}","{""origin_id"": ""METRO_PURATCHI_THALAIVAR_DR__M_G_RAMACHANDRAN_CENTRAL"", ""destination_id"": ""BUS_27618346""}",ANSWERABLE_WITH_PROVISIONAL_DATA,template_instantiation,TMPL_MODE_AVAILABILITY_EN_1
PILOT_T2_TR_003675,,SFAM_SCHEDULED_DEPARTURE_013,FAM_SCHEDULED_DEPARTURE_013,PARA_SCHEDULED_DEPARTURE_12_0,T2_MEDIUM_V1,service_timing,GET_SCHEDULED_DEPARTURES,Please tell: Show metro departure timetable at bare 8 o'clock from Wimco Nagar Depot [sched F13] #2,en,Latn,CS0,N0,"{""origin"": ""Wimco Nagar Depot"", ""time"": ""8 o'clock"", ""temporal_ambiguity"": true, ""dual_candidates"": [""08:00:00"", ""20:00:00""]}","{""origin_id"": ""METRO_WIMCO_NAGAR""}",ANSWERABLE_NOW,template_instantiation,TMPL_SCHEDULED_DEPARTURE_EN_12
PILOT_T2_TR_003676,,SFAM_REALTIME_STATUS_QUERY_012,FAM_REALTIME_STATUS_QUERY_012,PARA_REALTIME_STATUS_QUERY_11_3,T2_MEDIUM_V1,realtime_status_query,REJECT_UNSUPPORTED_REALTIME,"Excuse me, Live crowd density and train arrival countdown at Thousand Lights right now (F12) #6",hi-en,Latn,CS3,N2,"{""station"": ""Thousand Lights"", ""transport_mode"": ""metro""}","{""station_id"": ""METRO_THOUSAND_LIGHTS""}",REQUIRES_REALTIME_DATA,template_instantiation,TMPL_REALTIME_STATUS_QUERY_HINGLISH_LATN_11
PILOT_T2_TR_003677,,SFAM_INTERCHANGE_TRANSFER_013,FAM_INTERCHANGE_TRANSFER_013,PARA_INTERCHANGE_TRANSFER_12_3,T2_MEDIUM_V1,interchange_query,GET_INTERCHANGE_DETAILS,Transfer walking time and directions at Wimco Nagar Depot multimodal terminal (F13),hi-en,Latn,CS3,N0,"{""station"": ""Wimco Nagar Depot"", ""facility_type"": ""interchange""}","{""station_id"": ""METRO_WIMCO_NAGAR""}",ANSWERABLE_AFTER_MANUAL_VERIFICATION,template_instantiation,TMPL_INTERCHANGE_TRANSFER_HINGLISH_LATN_12
PILOT_T2_TR_003678,,SFAM_REALTIME_STATUS_QUERY_002,FAM_REALTIME_STATUS_QUERY_002,PARA_REALTIME_STATUS_QUERY_1_0,T2_MEDIUM_V1,realtime_status_query,REJECT_UNSUPPORTED_REALTIME,Please tell: Where is bus 102 right now and what is its live location? [live F2] #2,en,Latn,CS0,N0,"{""route_number"": ""102"", ""transport_mode"": ""bus""}","{""route_id"": ""GTFS_ROUTE_16861""}",REQUIRES_REALTIME_DATA,template_instantiation,TMPL_REALTIME_STATUS_QUERY_EN_1
PILOT_T2_TR_003679,,SFAM_OUT_OF_SCOPE_008,FAM_OUT_OF_SCOPE_008,PARA_OUT_OF_SCOPE_7_0,T2_MEDIUM_V1,out_of_scope,REJECT_OUT_OF_SCOPE,Transit query: Book a private cab taxi ride from High Court to Little Mount. [cab F8] #5,en,Latn,CS0,N0,"{""origin"": ""High Court"", ""destination"": ""Little Mount""}","{""origin_id"": ""METRO_HIGHCOURT"", ""destination_id"": ""METRO_LITTLE_MOUNT""}",OUT_OF_SCOPE,template_instantiation,TMPL_OUT_OF_SCOPE_EN_7
PILOT_T2_TR_003680,,SFAM_NEAREST_TRANSPORT_007,FAM_NEAREST_TRANSPORT_007,PARA_NEAREST_TRANSPORT_6_2,T2_MEDIUM_V1,nearest_transport,FIND_NEAREST_STATION,Quick check: mother child hospital se closest walking distance metro transit point kaunsa hai? [paas F7] #4,hi,Latn,CS0,N0,"{""landmark"": ""mother child hospital"", ""transport_mode"": ""metro""}","{""place_id"": ""OSM_POI_7257518731""}",ANSWERABLE_NOW,template_instantiation,TMPL_NEAREST_TRANSPORT_HI_LATN_6
PILOT_T2_TR_003681,,SFAM_FARE_CALCULATION_013,FAM_FARE_CALCULATION_013,PARA_FARE_CALCULATION_12_1,T2_MEDIUM_V1,fare_query,CALCULATE_FARE,Could you specify विमको नगर से पचैयप्पा कॉलेज तक का मेट्रो का टोकन किराया कितना रुपया है? (किराया F13)? #3,hi,Deva,CS0,N0,"{""origin"": ""विमको नगर"", ""destination"": ""पचैयप्पा कॉलेज"", ""fare_type"": ""टोकन"", ""transport_mode"": ""मेट्रो""}","{""origin_id"": ""METRO_WIMCO_NAGAR"", ""destination_id"": ""METRO_PACHAIYAPPA_S_COLLEGE""}",ANSWERABLE_NOW,template_instantiation,TMPL_FARE_CALCULATION_HI_DEVA_12
PILOT_T2_TR_003682,,SFAM_NEAREST_TRANSPORT_003,FAM_NEAREST_TRANSPORT_003,PARA_NEAREST_TRANSPORT_2_3,T2_MEDIUM_V1,nearest_transport,FIND_NEAREST_STATION,Find closest public transport access point near Great Lakes Institute (F3),hi-en,Latn,CS3,N0,"{""landmark"": ""Great Lakes Institute"", ""transport_mode"": ""public transport""}","{""place_id"": ""OSM_POI_577328882""}",ANSWERABLE_NOW,template_instantiation,TMPL_NEAREST_TRANSPORT_HINGLISH_LATN_2
PILOT_T2_TR_003683,,SFAM_MODE_AVAILABILITY_017,FAM_MODE_AVAILABILITY_017,PARA_MODE_AVAILABILITY_16_2,T2_MEDIUM_V1,service_availability,CHECK_SERVICE_AVAILABILITY,Could you specify st thomas mount se tambaram tak direct transit options available hain kya? [suvidha F17]? #3,hi,Latn,CS0,N0,"{""origin"": ""st thomas mount"", ""destination"": ""tambaram"", ""transport_mode"": ""any""}","{""origin_id"": ""METRO_ST__THOMAS_MOUNT"", ""destination_id"": ""BUS_5304399879""}",ANSWERABLE_WITH_PROVISIONAL_DATA,template_instantiation,TMPL_MODE_AVAILABILITY_HI_LATN_16
PILOT_T2_TR_003684,,SFAM_INTERCHANGE_TRANSFER_013,FAM_INTERCHANGE_TRANSFER_013,PARA_INTERCHANGE_TRANSFER_12_4,T2_MEDIUM_V1,interchange_query,GET_INTERCHANGE_DETAILS,Wimco Nagar Depot interchange par line switch connection point details check F13,hi-en,Deva+Latn,CS4,N0,"{""station"": ""Wimco Nagar Depot"", ""facility_type"": ""interchange""}","{""station_id"": ""METRO_WIMCO_NAGAR""}",ANSWERABLE_AFTER_MANUAL_VERIFICATION,template_instantiation,TMPL_INTERCHANGE_TRANSFER_MIXED_SCRIPT_CS_12
PILOT_T2_TR_003685,,SFAM_FIRST_AND_LAST_SERVICE_004,FAM_FIRST_AND_LAST_SERVICE_004,PARA_FIRST_AND_LAST_SERVICE_3_2,T2_MEDIUM_V1,service_timing,GET_FIRST_LAST_SERVICE,alandur se egmore first morning aur last night metro departure timing batao [samay F4],hi,Latn,CS0,N0,"{""origin"": ""alandur"", ""destination"": ""egmore"", ""timing_type"": ""first_last"", ""transport_mode"": ""metro""}","{""origin_id"": ""METRO_ARIGNAR_ANNA_ALANDUR"", ""destination_id"": ""METRO_EGMORE""}",ANSWERABLE_NOW,template_instantiation,TMPL_FIRST_AND_LAST_SERVICE_HI_LATN_3
PILOT_T2_TR_003686,,SFAM_POINT_TO_POINT_ROUTE_008,FAM_POINT_TO_POINT_ROUTE_008,PARA_POINT_TO_POINT_ROUTE_7_1,T2_MEDIUM_V1,route_query,PLAN_ROUTE,Could you specify हाई कोर्ट से लिटिल माउंट मेट्रो से जाने का रास्ता क्या है? (प्रारूप F8)? #3,hi,Deva,CS0,N0,"{""origin"": ""हाई कोर्ट"", ""destination"": ""लिटिल माउंट"", ""transport_mode"": ""मेट्रो""}","{""origin_id"": ""METRO_HIGHCOURT"", ""destination_id"": ""METRO_LITTLE_MOUNT""}",ANSWERABLE_WITH_PROVISIONAL_DATA,template_instantiation,TMPL_POINT_TO_POINT_ROUTE_HI_DEVA_7
PILOT_T2_TR_003687,,SFAM_FARE_CALCULATION_013,FAM_FARE_CALCULATION_013,PARA_FARE_CALCULATION_12_1,T2_MEDIUM_V1,fare_query,CALCULATE_FARE,Transit query: विमको नगर से पचैयप्पा कॉलेज तक का मेट्रो का टोकन किराया कितना रुपया है? (किराया F13) #5,hi,Deva,CS0,N2,"{""origin"": ""विमको नगर"", ""destination"": ""पचैयप्पा कॉलेज"", ""fare_type"": ""टोकन"", ""transport_mode"": ""मेट्रो""}","{""origin_id"": ""METRO_WIMCO_NAGAR"", ""destination_id"": ""METRO_PACHAIYAPPA_S_COLLEGE""}",ANSWERABLE_NOW,template_instantiation,TMPL_FARE_CALCULATION_HI_DEVA_12
PILOT_T2_TR_003688,,SFAM_REALTIME_STATUS_QUERY_008,FAM_REALTIME_STATUS_QUERY_008,PARA_REALTIME_STATUS_QUERY_7_3,T2_MEDIUM_V1,realtime_status_query,REJECT_UNSUPPORTED_REALTIME,Live crowd density and train arrival countdown at High Court right now (F8),hi-en,Latn,CS3,N0,"{""station"": ""High Court"", ""transport_mode"": ""metro""}","{""station_id"": ""METRO_HIGHCOURT""}",REQUIRES_REALTIME_DATA,template_instantiation,TMPL_REALTIME_STATUS_QUERY_HINGLISH_LATN_7
PILOT_T2_TR_003689,,SFAM_FIRST_AND_LAST_SERVICE_002,FAM_FIRST_AND_LAST_SERVICE_002,PARA_FIRST_AND_LAST_SERVICE_1_2,T2_MEDIUM_V1,service_timing,GET_FIRST_LAST_SERVICE,Please tell: chennai central se thirumangalam first morning aur last night metro departure timing batao [samay F2] #2,hi,Latn,CS0,N0,"{""origin"": ""chennai central"", ""destination"": ""thirumangalam"", ""timing_type"": ""first_last"", ""transport_mode"": ""metro""}","{""origin_id"": ""METRO_PURATCHI_THALAIVAR_DR__M_G_RAMACHANDRAN_CENTRAL"", ""destination_id"": ""METRO_THIRUMANGALAM""}",ANSWERABLE_NOW,template_instantiation,TMPL_FIRST_AND_LAST_SERVICE_HI_LATN_1
PILOT_T2_TR_003690,,SFAM_NEAREST_TRANSPORT_010,FAM_NEAREST_TRANSPORT_010,PARA_NEAREST_TRANSPORT_9_0,T2_MEDIUM_V1,nearest_transport,FIND_NEAREST_STATION,Which is the nearest metro station or transit stop to Padalam Hospital? [loc F10],en,Latn,CS0,N0,"{""landmark"": ""Padalam Hospital"", ""transport_mode"": ""metro""}","{""place_id"": ""OSM_POI_7257518724""}",ANSWERABLE_NOW,template_instantiation,TMPL_NEAREST_TRANSPORT_EN_9
PILOT_T2_TR_003691,,SFAM_NEAREST_TRANSPORT_007,FAM_NEAREST_TRANSPORT_007,PARA_NEAREST_TRANSPORT_6_1,T2_MEDIUM_V1,nearest_transport,FIND_NEAREST_STATION,मातृ शिशु अस्पताल के सबसे निकटतम मेट्रो स्टेशन या बस स्टॉप कौन सा है? (निकट F7),hi,Deva,CS0,N1,"{""landmark"": ""मातृ शिशु अस्पताल"", ""transport_mode"": ""मेट्रो या बस""}","{""place_id"": ""OSM_POI_7257518731""}",ANSWERABLE_NOW,template_instantiation,TMPL_NEAREST_TRANSPORT_HI_DEVA_6
PILOT_T2_TR_003692,,SFAM_ROUTE_STOP_MEMBERSHIP_013,FAM_ROUTE_STOP_MEMBERSHIP_013,PARA_ROUTE_STOP_MEMBERSHIP_12_2,T2_MEDIUM_V1,route_stops,CHECK_STOP_ON_ROUTE,kya bus 15 CT8 ka nelvoy par stoppage hai confirm kare? [check F13],hi,Latn,CS0,N1,"{""route_number"": ""15 CT8"", ""stop"": ""nelvoy"", ""transport_mode"": ""bus""}","{""route_id"": ""GTFS_ROUTE_20494"", ""stop_id"": ""BUS_469106564""}",ANSWERABLE_WITH_PROVISIONAL_DATA,template_instantiation,TMPL_ROUTE_STOP_MEMBERSHIP_HI_LATN_12
PILOT_T2_TR_003693,,SFAM_OUT_OF_SCOPE_003,FAM_OUT_OF_SCOPE_003,PARA_OUT_OF_SCOPE_2_2,T2_MEDIUM_V1,out_of_scope,REJECT_OUT_OF_SCOPE,Quick check: guindy airport terminal ke flight delay timings check kijiye. [bahar F3] #4,hi,Latn,CS0,N0,"{""station"": ""guindy""}","{""station_id"": ""METRO_GUINDY""}",OUT_OF_SCOPE,template_instantiation,TMPL_OUT_OF_SCOPE_HI_LATN_2
PILOT_T2_TR_003694,,SFAM_SCHEDULED_DEPARTURE_003,FAM_SCHEDULED_DEPARTURE_003,PARA_SCHEDULED_DEPARTURE_2_2,T2_MEDIUM_V1,service_timing,GET_SCHEDULED_DEPARTURES,Please tell: guindy se sham 7 baje departure timing schedule bataye. [timetable F3] #2,hi,Latn,CS0,N0,"{""origin"": ""guindy"", ""time"": ""sham 7 baje"", ""resolved_time"": ""19:00:00""}","{""origin_id"": ""METRO_GUINDY""}",ANSWERABLE_NOW,template_instantiation,TMPL_SCHEDULED_DEPARTURE_HI_LATN_2
PILOT_T2_TR_003695,,SFAM_ROUTE_STOP_MEMBERSHIP_010,FAM_ROUTE_STOP_MEMBERSHIP_010,PARA_ROUTE_STOP_MEMBERSHIP_9_3,T2_MEDIUM_V1,route_stops,CHECK_STOP_ON_ROUTE,Could you specify Verify if Karunguzhi bus stop is covered by route 12G (F10)? #3,hi-en,Latn,CS3,N2,"{""route_number"": ""12G"", ""stop"": ""Karunguzhi"", ""transport_mode"": ""bus""}","{""route_id"": ""GTFS_ROUTE_18750"", ""stop_id"": ""BUS_5274698920""}",ANSWERABLE_WITH_PROVISIONAL_DATA,template_instantiation,TMPL_ROUTE_STOP_MEMBERSHIP_HINGLISH_LATN_9
PILOT_T2_TR_003696,,SFAM_INTERCHANGE_TRANSFER_016,FAM_INTERCHANGE_TRANSFER_016,PARA_INTERCHANGE_TRANSFER_15_0,T2_MEDIUM_V1,interchange_query,GET_INTERCHANGE_DETAILS,Quick check: How do I switch lines to connect towards Guindy at Saidapet interchange? [xfer F16] #4,en,Latn,CS0,N0,"{""station"": ""Saidapet"", ""destination"": ""Guindy"", ""facility_type"": ""interchange""}","{""station_id"": ""METRO_SAIDAPET"", ""destination_id"": ""METRO_GUINDY""}",ANSWERABLE_AFTER_MANUAL_VERIFICATION,template_instantiation,TMPL_INTERCHANGE_TRANSFER_EN_15
PILOT_T2_TR_003697,,SFAM_STATION_ACCESSIBILITY_004,FAM_STATION_ACCESSIBILITY_004,PARA_STATION_ACCESSIBILITY_3_3,T2_MEDIUM_V1,accessibility,GET_ACCESSIBILITY_INFO,Quick check: Verification of accessible escalator stairs support at Alandur metro (F4) #4,hi-en,Latn,CS3,N2,"{""station"": ""Alandur"", ""accessibility_feature"": ""escalator"", ""transport_mode"": ""metro""}","{""station_id"": ""METRO_ARIGNAR_ANNA_ALANDUR""}",ANSWERABLE_NOW,template_instantiation,TMPL_STATION_ACCESSIBILITY_HINGLISH_LATN_3
PILOT_T2_TR_003698,,SFAM_OUT_OF_SCOPE_003,FAM_OUT_OF_SCOPE_003,PARA_OUT_OF_SCOPE_2_3,T2_MEDIUM_V1,out_of_scope,REJECT_OUT_OF_SCOPE,Quick check: What is the general weather rain forecast in Chennai near Great Lakes Institute today (F3)? #4,hi-en,Latn,CS3,N2,"{""landmark"": ""Great Lakes Institute""}","{""place_id"": ""OSM_POI_577328882""}",OUT_OF_SCOPE,template_instantiation,TMPL_OUT_OF_SCOPE_HINGLISH_LATN_2
PILOT_T2_TR_003699,,SFAM_REALTIME_STATUS_QUERY_003,FAM_REALTIME_STATUS_QUERY_003,PARA_REALTIME_STATUS_QUERY_2_2,T2_MEDIUM_V1,realtime_status_query,REJECT_UNSUPPORTED_REALTIME,Could you specify Bus 102A ka real time current gps location update kahan pahuncha? [track F3]? #3,hi,Latn,CS0,N0,"{""route_number"": ""102A"", ""transport_mode"": ""bus""}","{""route_id"": ""GTFS_ROUTE_10248""}",REQUIRES_REALTIME_DATA,template_instantiation,TMPL_REALTIME_STATUS_QUERY_HI_LATN_2
PILOT_T2_TR_003700,,SFAM_REALTIME_STATUS_QUERY_009,FAM_REALTIME_STATUS_QUERY_009,PARA_REALTIME_STATUS_QUERY_8_0,T2_MEDIUM_V1,realtime_status_query,REJECT_UNSUPPORTED_REALTIME,Could you specify Where is bus 29A right now and what is its live location? [live F9]? #3,en,Latn,CS0,N0,"{""route_number"": ""29A"", ""transport_mode"": ""bus""}","{""route_id"": ""GTFS_ROUTE_18751""}",REQUIRES_REALTIME_DATA,template_instantiation,TMPL_REALTIME_STATUS_QUERY_EN_8
PILOT_T2_TR_003701,,SFAM_STATION_FACILITIES_013,FAM_STATION_FACILITIES_013,PARA_STATION_FACILITIES_12_2,T2_MEDIUM_V1,station_facilities,GET_STATION_FACILITY,Quick check: kya wimco nagar depot station par passenger car parking service available hai? [amenity F13] #4,hi,Latn,CS0,N0,"{""station"": ""wimco nagar depot"", ""facility_type"": ""parking"", ""transport_mode"": ""metro""}","{""station_id"": ""METRO_WIMCO_NAGAR""}",ANSWERABLE_NOW,template_instantiation,TMPL_STATION_FACILITIES_HI_LATN_12
PILOT_T2_TR_003702,,SFAM_NEAREST_TRANSPORT_003,FAM_NEAREST_TRANSPORT_003,PARA_NEAREST_TRANSPORT_2_1,T2_MEDIUM_V1,nearest_transport,FIND_NEAREST_STATION,Could you specify ग्रेट लेक्स संस्थान के सबसे निकटतम मेट्रो स्टेशन या बस स्टॉप कौन सा है? (निकट F3)? #3,hi,Deva,CS0,N0,"{""landmark"": ""ग्रेट लेक्स संस्थान"", ""transport_mode"": ""मेट्रो या बस""}","{""place_id"": ""OSM_POI_577328882""}",ANSWERABLE_NOW,template_instantiation,TMPL_NEAREST_TRANSPORT_HI_DEVA_2
PILOT_T2_TR_003703,,SFAM_FARE_CALCULATION_002,FAM_FARE_CALCULATION_002,PARA_FARE_CALCULATION_1_0,T2_MEDIUM_V1,fare_query,CALCULATE_FARE,"Excuse me, What is the single-journey ticket fare from Chennai Central to Thirumangalam on metro? [fare F2] #6",en,Latn,CS0,N0,"{""origin"": ""Chennai Central"", ""destination"": ""Thirumangalam"", ""fare_type"": ""token"", ""transport_mode"": ""metro""}","{""origin_id"": ""METRO_PURATCHI_THALAIVAR_DR__M_G_RAMACHANDRAN_CENTRAL"", ""destination_id"": ""METRO_THIRUMANGALAM""}",ANSWERABLE_NOW,template_instantiation,TMPL_FARE_CALCULATION_EN_1
PILOT_T2_TR_003704,,SFAM_ROUTE_STOP_SEQUENCE_009,FAM_ROUTE_STOP_SEQUENCE_009,PARA_ROUTE_STOP_SEQUENCE_8_0,T2_MEDIUM_V1,route_stops,LIST_ROUTE_STOPS,List every intermediate stop along route 29A in order. [seq F9],en,Latn,CS0,N0,"{""route_number"": ""29A"", ""transport_mode"": ""bus""}","{""route_id"": ""GTFS_ROUTE_18751""}",ANSWERABLE_WITH_PROVISIONAL_DATA,template_instantiation,TMPL_ROUTE_STOP_SEQUENCE_EN_8
PILOT_T2_TR_003705,,SFAM_STATION_ACCESSIBILITY_014,FAM_STATION_ACCESSIBILITY_014,PARA_STATION_ACCESSIBILITY_13_1,T2_MEDIUM_V1,accessibility,GET_ACCESSIBILITY_INFO,क्या वॉशरमैनपेट स्टेशन पर दिव्यांग यात्रियों के लिए यात्री लिफ्ट उपलब्ध है? (सुलभता F14),hi,Deva,CS0,N1,"{""station"": ""वॉशरमैनपेट"", ""accessibility_feature"": ""lift"", ""transport_mode"": ""मेट्रो""}","{""station_id"": ""METRO_WASHERMENPET""}",ANSWERABLE_NOW,template_instantiation,TMPL_STATION_ACCESSIBILITY_HI_DEVA_13
PILOT_T2_TR_003706,,SFAM_OUT_OF_SCOPE_018,FAM_OUT_OF_SCOPE_018,PARA_OUT_OF_SCOPE_17_1,T2_MEDIUM_V1,out_of_scope,REJECT_OUT_OF_SCOPE,Please tell: नेहरू पार्क के निकटतम सबसे अच्छे रेस्टोरेंट और भोजनालय की सूची दें। (बाहर F18) #2,hi,Deva,CS0,N0,"{""station"": ""नेहरू पार्क""}","{""station_id"": ""METRO_NEHRU_PARK""}",OUT_OF_SCOPE,template_instantiation,TMPL_OUT_OF_SCOPE_HI_DEVA_17
PILOT_T2_TR_003707,,SFAM_STATION_ACCESSIBILITY_017,FAM_STATION_ACCESSIBILITY_017,PARA_STATION_ACCESSIBILITY_16_4,T2_MEDIUM_V1,accessibility,GET_ACCESSIBILITY_INFO,St. Thomas Mount station par handicapped passengers ke liye wheelchair ramp support status F17,hi-en,Deva+Latn,CS4,N2,"{""station"": ""St. Thomas Mount"", ""accessibility_feature"": ""wheelchair"", ""transport_mode"": ""metro""}","{""station_id"": ""METRO_ST__THOMAS_MOUNT""}",ANSWERABLE_NOW,template_instantiation,TMPL_STATION_ACCESSIBILITY_MIXED_SCRIPT_CS_16
PILOT_T2_TR_003708,,SFAM_SERVICE_FREQUENCY_005,FAM_SERVICE_FREQUENCY_005,PARA_SERVICE_FREQUENCY_4_2,T2_MEDIUM_V1,service_timing,GET_SERVICE_FREQUENCY,Please tell: cmbt to thousand lights metro service ka regular interval headway kya hai? [interval F5] #2,hi,Latn,CS0,N0,"{""origin"": ""cmbt"", ""destination"": ""thousand lights"", ""timing_type"": ""frequency"", ""transport_mode"": ""metro""}","{""origin_id"": ""METRO_PURATCHI_THALAIVI_DR_J_JAYALALITHAA_CMBT"", ""destination_id"": ""METRO_THOUSAND_LIGHTS""}",ANSWERABLE_NOW,template_instantiation,TMPL_SERVICE_FREQUENCY_HI_LATN_4
PILOT_T2_TR_003709,,SFAM_FARE_CALCULATION_002,FAM_FARE_CALCULATION_002,PARA_FARE_CALCULATION_1_3,T2_MEDIUM_V1,fare_query,CALCULATE_FARE,Transit query: Calculate fare for travel between Chennai Central and Thirumangalam stations (F2) #5,hi-en,Latn,CS3,N0,"{""origin"": ""Chennai Central"", ""destination"": ""Thirumangalam"", ""transport_mode"": ""metro""}","{""origin_id"": ""METRO_PURATCHI_THALAIVAR_DR__M_G_RAMACHANDRAN_CENTRAL"", ""destination_id"": ""METRO_THIRUMANGALAM""}",ANSWERABLE_NOW,template_instantiation,TMPL_FARE_CALCULATION_HINGLISH_LATN_1
PILOT_T2_TR_003710,,SFAM_REALTIME_STATUS_QUERY_012,FAM_REALTIME_STATUS_QUERY_012,PARA_REALTIME_STATUS_QUERY_11_2,T2_MEDIUM_V1,realtime_status_query,REJECT_UNSUPPORTED_REALTIME,Please tell: Bus 22 CT ka real time current gps location update kahan pahuncha? [track F12] #2,hi,Latn,CS0,N1,"{""route_number"": ""22 CT"", ""transport_mode"": ""bus""}","{""route_id"": ""GTFS_ROUTE_18753""}",REQUIRES_REALTIME_DATA,template_instantiation,TMPL_REALTIME_STATUS_QUERY_HI_LATN_11
PILOT_T2_TR_003711,,SFAM_POINT_TO_POINT_ROUTE_018,FAM_POINT_TO_POINT_ROUTE_018,PARA_POINT_TO_POINT_ROUTE_17_2,T2_MEDIUM_V1,route_query,PLAN_ROUTE,Please tell: nehru park se cmbt metro se travel kaise kare? [tarika F18] #2,hi,Latn,CS0,N0,"{""origin"": ""nehru park"", ""destination"": ""cmbt"", ""transport_mode"": ""metro""}","{""origin_id"": ""METRO_NEHRU_PARK"", ""destination_id"": ""METRO_PURATCHI_THALAIVI_DR_J_JAYALALITHAA_CMBT""}",ANSWERABLE_WITH_PROVISIONAL_DATA,template_instantiation,TMPL_POINT_TO_POINT_ROUTE_HI_LATN_17
PILOT_T2_TR_003712,,SFAM_REALTIME_STATUS_QUERY_001,FAM_REALTIME_STATUS_QUERY_001,PARA_REALTIME_STATUS_QUERY_0_2,T2_MEDIUM_V1,realtime_status_query,REJECT_UNSUPPORTED_REALTIME,Please tell: Bus 21G ka real time current gps location update kahan pahuncha? [track F1] #2,hi,Latn,CS0,N0,"{""route_number"": ""21G"", ""transport_mode"": ""bus""}","{""route_id"": ""GTFS_ROUTE_8458""}",REQUIRES_REALTIME_DATA,template_instantiation,TMPL_REALTIME_STATUS_QUERY_HI_LATN_0
PILOT_T2_TR_003713,,SFAM_NEAREST_TRANSPORT_005,FAM_NEAREST_TRANSPORT_005,PARA_NEAREST_TRANSPORT_4_3,T2_MEDIUM_V1,nearest_transport,FIND_NEAREST_STATION,Find closest public transport access point near Maruthi Hospital (F5),hi-en,Latn,CS3,N0,"{""landmark"": ""Maruthi Hospital"", ""transport_mode"": ""public transport""}","{""place_id"": ""OSM_POI_7820652140""}",ANSWERABLE_NOW,template_instantiation,TMPL_NEAREST_TRANSPORT_HINGLISH_LATN_4
PILOT_T2_TR_003714,,SFAM_REALTIME_STATUS_QUERY_012,FAM_REALTIME_STATUS_QUERY_012,PARA_REALTIME_STATUS_QUERY_11_2,T2_MEDIUM_V1,realtime_status_query,REJECT_UNSUPPORTED_REALTIME,Could you specify Bus 22 CT ka real time current gps location update kahan pahuncha? [track F12]? #3,hi,Latn,CS0,N0,"{""route_number"": ""22 CT"", ""transport_mode"": ""bus""}","{""route_id"": ""GTFS_ROUTE_18753""}",REQUIRES_REALTIME_DATA,template_instantiation,TMPL_REALTIME_STATUS_QUERY_HI_LATN_11
PILOT_T2_TR_003715,,SFAM_FARE_CALCULATION_003,FAM_FARE_CALCULATION_003,PARA_FARE_CALCULATION_2_3,T2_MEDIUM_V1,fare_query,CALCULATE_FARE,Transit query: Calculate fare for travel between Guindy and Anna Nagar Tower stations (F3) #5,hi-en,Latn,CS3,N0,"{""origin"": ""Guindy"", ""destination"": ""Anna Nagar Tower"", ""transport_mode"": ""metro""}","{""origin_id"": ""METRO_GUINDY"", ""destination_id"": ""METRO_ANNA_NAGAR_TOWER""}",ANSWERABLE_NOW,template_instantiation,TMPL_FARE_CALCULATION_HINGLISH_LATN_2
PILOT_T2_TR_003716,,SFAM_MODE_AVAILABILITY_009,FAM_MODE_AVAILABILITY_009,PARA_MODE_AVAILABILITY_8_2,T2_MEDIUM_V1,service_availability,CHECK_SERVICE_AVAILABILITY,Please tell: thirumangalam se madurantakam tak direct transit options available hain kya? [suvidha F9] #2,hi,Latn,CS0,N1,"{""origin"": ""thirumangalam"", ""destination"": ""madurantakam"", ""transport_mode"": ""any""}","{""origin_id"": ""METRO_THIRUMANGALAM"", ""destination_id"": ""BUS_5306412986""}",ANSWERABLE_WITH_PROVISIONAL_DATA,template_instantiation,TMPL_MODE_AVAILABILITY_HI_LATN_8
PILOT_T2_TR_003717,,SFAM_POINT_TO_POINT_ROUTE_019,FAM_POINT_TO_POINT_ROUTE_019,PARA_POINT_TO_POINT_ROUTE_18_1,T2_MEDIUM_V1,route_query,PLAN_ROUTE,किल्पौक से कोयम्बेडु मेट्रो से जाने का रास्ता क्या है? (प्रारूप F19),hi,Deva,CS0,N0,"{""origin"": ""किल्पौक"", ""destination"": ""कोयम्बेडु"", ""transport_mode"": ""मेट्रो""}","{""origin_id"": ""METRO_KILPAUK"", ""destination_id"": ""METRO_KOYAMBEDU""}",ANSWERABLE_WITH_PROVISIONAL_DATA,template_instantiation,TMPL_POINT_TO_POINT_ROUTE_HI_DEVA_18
PILOT_T2_TR_003718,,SFAM_ROUTE_STOP_SEQUENCE_019,FAM_ROUTE_STOP_SEQUENCE_019,PARA_ROUTE_STOP_SEQUENCE_18_1,T2_MEDIUM_V1,route_stops,LIST_ROUTE_STOPS,Could you specify बस रूट 570 के सभी ठहरावों की क्रमबद्ध सूची दिखाएं। (क्रम F19)? #3,hi,Deva,CS0,N0,"{""route_number"": ""570"", ""transport_mode"": ""बस""}","{""route_id"": ""GTFS_ROUTE_17967""}",ANSWERABLE_WITH_PROVISIONAL_DATA,template_instantiation,TMPL_ROUTE_STOP_SEQUENCE_HI_DEVA_18
PILOT_T2_TR_003719,,SFAM_FARE_CALCULATION_017,FAM_FARE_CALCULATION_017,PARA_FARE_CALCULATION_16_1,T2_MEDIUM_V1,fare_query,CALCULATE_FARE,Transit query: सेंट थॉमस माउंट से आलंदूर तक का मेट्रो का टोकन किराया कितना रुपया है? (किराया F17) #5,hi,Deva,CS0,N2,"{""origin"": ""सेंट थॉमस माउंट"", ""destination"": ""आलंदूर"", ""fare_type"": ""टोकन"", ""transport_mode"": ""मेट्रो""}","{""origin_id"": ""METRO_ST__THOMAS_MOUNT"", ""destination_id"": ""METRO_ARIGNAR_ANNA_ALANDUR""}",ANSWERABLE_NOW,template_instantiation,TMPL_FARE_CALCULATION_HI_DEVA_16
PILOT_T2_TR_003720,,SFAM_ROUTE_STOP_MEMBERSHIP_007,FAM_ROUTE_STOP_MEMBERSHIP_007,PARA_ROUTE_STOP_MEMBERSHIP_6_2,T2_MEDIUM_V1,route_stops,CHECK_STOP_ON_ROUTE,Please tell: kya bus 19B ka thiruvanmiyur par stoppage hai confirm kare? [check F7] #2,hi,Latn,CS0,N0,"{""route_number"": ""19B"", ""stop"": ""thiruvanmiyur"", ""transport_mode"": ""bus""}","{""route_id"": ""GTFS_ROUTE_10696"", ""stop_id"": ""BUS_3247310920""}",ANSWERABLE_WITH_PROVISIONAL_DATA,template_instantiation,TMPL_ROUTE_STOP_MEMBERSHIP_HI_LATN_6
PILOT_T2_TR_003721,,SFAM_STATION_FACILITIES_010,FAM_STATION_FACILITIES_010,PARA_STATION_FACILITIES_9_1,T2_MEDIUM_V1,station_facilities,GET_STATION_FACILITY,Transit query: क्या अन्ना नगर टावर मेट्रो स्टेशन पर बाइक पार्किंग की व्यवस्था उपलब्ध है? (सुविधा F10) #5,hi,Deva,CS0,N2,"{""station"": ""अन्ना नगर टावर"", ""facility_type"": ""two_wheeler_parking"", ""transport_mode"": ""मेट्रो""}","{""station_id"": ""METRO_ANNA_NAGAR_TOWER""}",ANSWERABLE_NOW,template_instantiation,TMPL_STATION_FACILITIES_HI_DEVA_9
PILOT_T2_TR_003722,,SFAM_STATION_FACILITIES_017,FAM_STATION_FACILITIES_017,PARA_STATION_FACILITIES_16_2,T2_MEDIUM_V1,station_facilities,GET_STATION_FACILITY,kya st thomas mount station par passenger car parking service available hai? [amenity F17],hi,Latn,CS0,N0,"{""station"": ""st thomas mount"", ""facility_type"": ""parking"", ""transport_mode"": ""metro""}","{""station_id"": ""METRO_ST__THOMAS_MOUNT""}",ANSWERABLE_NOW,template_instantiation,TMPL_STATION_FACILITIES_HI_LATN_16
PILOT_T2_TR_003723,,SFAM_FARE_CALCULATION_004,FAM_FARE_CALCULATION_004,PARA_FARE_CALCULATION_3_1,T2_MEDIUM_V1,fare_query,CALCULATE_FARE,"Hello assistant, आलंदूर से एग्मोर तक का मेट्रो का टोकन किराया कितना रुपया है? (किराया F4) #7",hi,Deva,CS0,N1,"{""origin"": ""आलंदूर"", ""destination"": ""एग्मोर"", ""fare_type"": ""टोकन"", ""transport_mode"": ""मेट्रो""}","{""origin_id"": ""METRO_ARIGNAR_ANNA_ALANDUR"", ""destination_id"": ""METRO_EGMORE""}",ANSWERABLE_NOW,template_instantiation,TMPL_FARE_CALCULATION_HI_DEVA_3
PILOT_T2_TR_003724,,SFAM_NEAREST_TRANSPORT_014,FAM_NEAREST_TRANSPORT_014,PARA_NEAREST_TRANSPORT_13_0,T2_MEDIUM_V1,nearest_transport,FIND_NEAREST_STATION,Please tell: Which is the nearest metro station or transit stop to Maritime Institute? [loc F14] #2,en,Latn,CS0,N0,"{""landmark"": ""Maritime Institute"", ""transport_mode"": ""metro""}","{""place_id"": ""OSM_POI_314081186""}",ANSWERABLE_NOW,template_instantiation,TMPL_NEAREST_TRANSPORT_EN_13
PILOT_T2_TR_003725,,SFAM_POINT_TO_POINT_ROUTE_017,FAM_POINT_TO_POINT_ROUTE_017,PARA_POINT_TO_POINT_ROUTE_16_1,T2_MEDIUM_V1,route_query,PLAN_ROUTE,सेंट थॉमस माउंट से आलंदूर मेट्रो से जाने का रास्ता क्या है? (प्रारूप F17),hi,Deva,CS0,N0,"{""origin"": ""सेंट थॉमस माउंट"", ""destination"": ""आलंदूर"", ""transport_mode"": ""मेट्रो""}","{""origin_id"": ""METRO_ST__THOMAS_MOUNT"", ""destination_id"": ""METRO_ARIGNAR_ANNA_ALANDUR""}",ANSWERABLE_WITH_PROVISIONAL_DATA,template_instantiation,TMPL_POINT_TO_POINT_ROUTE_HI_DEVA_16
PILOT_T2_TR_003726,,SFAM_STATION_FACILITIES_009,FAM_STATION_FACILITIES_009,PARA_STATION_FACILITIES_8_1,T2_MEDIUM_V1,station_facilities,GET_STATION_FACILITY,क्या तिरुमंगलम मेट्रो स्टेशन पर कार पार्किंग की व्यवस्था उपलब्ध है? (सुविधा F9),hi,Deva,CS0,N1,"{""station"": ""तिरुमंगलम"", ""facility_type"": ""parking"", ""transport_mode"": ""मेट्रो""}","{""station_id"": ""METRO_THIRUMANGALAM""}",ANSWERABLE_NOW,template_instantiation,TMPL_STATION_FACILITIES_HI_DEVA_8
PILOT_T2_TR_003727,,SFAM_ROUTE_STOP_MEMBERSHIP_007,FAM_ROUTE_STOP_MEMBERSHIP_007,PARA_ROUTE_STOP_MEMBERSHIP_6_4,T2_MEDIUM_V1,route_stops,CHECK_STOP_ON_ROUTE,क्या route 19B bus Thiruvanmiyur पर rukegi verification F7?,hi-en,Deva+Latn,CS4,N0,"{""route_number"": ""19B"", ""stop"": ""Thiruvanmiyur"", ""transport_mode"": ""bus""}","{""route_id"": ""GTFS_ROUTE_10696"", ""stop_id"": ""BUS_3247310920""}",ANSWERABLE_WITH_PROVISIONAL_DATA,template_instantiation,TMPL_ROUTE_STOP_MEMBERSHIP_MIXED_SCRIPT_CS_6
PILOT_T2_TR_003728,,SFAM_REALTIME_STATUS_QUERY_013,FAM_REALTIME_STATUS_QUERY_013,PARA_REALTIME_STATUS_QUERY_12_1,T2_MEDIUM_V1,realtime_status_query,REJECT_UNSUPPORTED_REALTIME,Transit query: क्या विमको नगर से आने वाली ट्रेन अभी लेट चल रही है लाइव स्थिति बताएं? (ताज़ा F13) #5,hi,Deva,CS0,N2,"{""origin"": ""विमको नगर"", ""transport_mode"": ""ट्रेन""}","{""origin_id"": ""METRO_WIMCO_NAGAR""}",REQUIRES_REALTIME_DATA,template_instantiation,TMPL_REALTIME_STATUS_QUERY_HI_DEVA_12
PILOT_T2_TR_003729,,SFAM_INTERCHANGE_TRANSFER_003,FAM_INTERCHANGE_TRANSFER_003,PARA_INTERCHANGE_TRANSFER_2_1,T2_MEDIUM_V1,interchange_query,GET_INTERCHANGE_DETAILS,"Excuse me, गिंडी इंटरचेंज पर दूसरी लाइन में ट्रांसफर करने का मार्ग क्या है? (बदलाव F3) #6",hi,Deva,CS0,N0,"{""station"": ""गिंडी"", ""facility_type"": ""इंटरचेंज""}","{""station_id"": ""METRO_GUINDY""}",ANSWERABLE_AFTER_MANUAL_VERIFICATION,template_instantiation,TMPL_INTERCHANGE_TRANSFER_HI_DEVA_2
PILOT_T2_TR_003730,,SFAM_REALTIME_STATUS_QUERY_008,FAM_REALTIME_STATUS_QUERY_008,PARA_REALTIME_STATUS_QUERY_7_4,T2_MEDIUM_V1,realtime_status_query,REJECT_UNSUPPORTED_REALTIME,Please tell: High Court se metro live delay status aur real time position tracking F8 #2,hi-en,Deva+Latn,CS4,N0,"{""origin"": ""High Court"", ""transport_mode"": ""metro""}","{""origin_id"": ""METRO_HIGHCOURT""}",REQUIRES_REALTIME_DATA,template_instantiation,TMPL_REALTIME_STATUS_QUERY_MIXED_SCRIPT_CS_7
PILOT_T2_TR_003731,,SFAM_OUT_OF_SCOPE_005,FAM_OUT_OF_SCOPE_005,PARA_OUT_OF_SCOPE_4_1,T2_MEDIUM_V1,out_of_scope,REJECT_OUT_OF_SCOPE,Transit query: सीएमबीटी के निकटतम सबसे अच्छे रेस्टोरेंट और भोजनालय की सूची दें। (बाहर F5) #5,hi,Deva,CS0,N0,"{""station"": ""सीएमबीटी""}","{""station_id"": ""METRO_PURATCHI_THALAIVI_DR_J_JAYALALITHAA_CMBT""}",OUT_OF_SCOPE,template_instantiation,TMPL_OUT_OF_SCOPE_HI_DEVA_4
PILOT_T2_TR_003732,,SFAM_OUT_OF_SCOPE_011,FAM_OUT_OF_SCOPE_011,PARA_OUT_OF_SCOPE_10_2,T2_MEDIUM_V1,out_of_scope,REJECT_OUT_OF_SCOPE,Quick check: egmore airport terminal ke flight delay timings check kijiye. [bahar F11] #4,hi,Latn,CS0,N0,"{""station"": ""egmore""}","{""station_id"": ""METRO_EGMORE""}",OUT_OF_SCOPE,template_instantiation,TMPL_OUT_OF_SCOPE_HI_LATN_10
PILOT_T2_TR_003733,,SFAM_POINT_TO_POINT_ROUTE_003,FAM_POINT_TO_POINT_ROUTE_003,PARA_POINT_TO_POINT_ROUTE_2_2,T2_MEDIUM_V1,route_query,PLAN_ROUTE,Please tell: guindy se anna nagar tower metro se travel kaise kare? [tarika F3] #2,hi,Latn,CS0,N0,"{""origin"": ""guindy"", ""destination"": ""anna nagar tower"", ""transport_mode"": ""metro""}","{""origin_id"": ""METRO_GUINDY"", ""destination_id"": ""METRO_ANNA_NAGAR_TOWER""}",ANSWERABLE_WITH_PROVISIONAL_DATA,template_instantiation,TMPL_POINT_TO_POINT_ROUTE_HI_LATN_2
PILOT_T2_TR_003734,,SFAM_STATION_FACILITIES_013,FAM_STATION_FACILITIES_013,PARA_STATION_FACILITIES_12_3,T2_MEDIUM_V1,station_facilities,GET_STATION_FACILITY,Quick check: Does Wimco Nagar Depot station premises include operational car parking (F13)? #4,hi-en,Latn,CS3,N0,"{""station"": ""Wimco Nagar Depot"", ""facility_type"": ""parking"", ""transport_mode"": ""metro""}","{""station_id"": ""METRO_WIMCO_NAGAR""}",ANSWERABLE_NOW,template_instantiation,TMPL_STATION_FACILITIES_HINGLISH_LATN_12
PILOT_T2_TR_003735,,SFAM_FARE_CALCULATION_017,FAM_FARE_CALCULATION_017,PARA_FARE_CALCULATION_16_0,T2_MEDIUM_V1,fare_query,CALCULATE_FARE,Please tell: What is the single-journey ticket fare from St. Thomas Mount to Alandur on metro? [fare F17] #2,en,Latn,CS0,N0,"{""origin"": ""St. Thomas Mount"", ""destination"": ""Alandur"", ""fare_type"": ""token"", ""transport_mode"": ""metro""}","{""origin_id"": ""METRO_ST__THOMAS_MOUNT"", ""destination_id"": ""METRO_ARIGNAR_ANNA_ALANDUR""}",ANSWERABLE_NOW,template_instantiation,TMPL_FARE_CALCULATION_EN_16
PILOT_T2_TR_003736,,SFAM_INTERCHANGE_TRANSFER_008,FAM_INTERCHANGE_TRANSFER_008,PARA_INTERCHANGE_TRANSFER_7_3,T2_MEDIUM_V1,interchange_query,GET_INTERCHANGE_DETAILS,Quick check: Transfer walking time and directions at High Court multimodal terminal (F8) #4,hi-en,Latn,CS3,N0,"{""station"": ""High Court"", ""facility_type"": ""interchange""}","{""station_id"": ""METRO_HIGHCOURT""}",ANSWERABLE_AFTER_MANUAL_VERIFICATION,template_instantiation,TMPL_INTERCHANGE_TRANSFER_HINGLISH_LATN_7
PILOT_T2_TR_003737,,SFAM_STATION_FACILITIES_010,FAM_STATION_FACILITIES_010,PARA_STATION_FACILITIES_9_1,T2_MEDIUM_V1,station_facilities,GET_STATION_FACILITY,क्या अन्ना नगर टावर मेट्रो स्टेशन पर बाइक पार्किंग की व्यवस्था उपलब्ध है? (सुविधा F10),hi,Deva,CS0,N1,"{""station"": ""अन्ना नगर टावर"", ""facility_type"": ""two_wheeler_parking"", ""transport_mode"": ""मेट्रो""}","{""station_id"": ""METRO_ANNA_NAGAR_TOWER""}",ANSWERABLE_NOW,template_instantiation,TMPL_STATION_FACILITIES_HI_DEVA_9
PILOT_T2_TR_003738,,SFAM_TICKETING_AND_PASSES_004,FAM_TICKETING_AND_PASSES_004,PARA_TICKETING_AND_PASSES_3_1,T2_MEDIUM_V1,ticketing_rules,GET_TICKETING_POLICY,Please tell: यात्रियों के लिए टूरिस्ट कार्ड प्राप्त करने के नियम और प्रक्रिया क्या हैं? (पास F4) #2,hi,Deva,CS0,N0,"{""ticket_type"": ""tourist_card"", ""transport_mode"": ""पारगमन""}",{},ANSWERABLE_NOW,template_instantiation,TMPL_TICKETING_AND_PASSES_HI_DEVA_3
PILOT_T2_TR_003739,,SFAM_INTERCHANGE_TRANSFER_014,FAM_INTERCHANGE_TRANSFER_014,PARA_INTERCHANGE_TRANSFER_13_3,T2_MEDIUM_V1,interchange_query,GET_INTERCHANGE_DETAILS,Could you specify Transfer walking time and directions at Washermenpet multimodal terminal (F14)? #3,hi-en,Latn,CS3,N0,"{""station"": ""Washermenpet"", ""facility_type"": ""interchange""}","{""station_id"": ""METRO_WASHERMENPET""}",ANSWERABLE_AFTER_MANUAL_VERIFICATION,template_instantiation,TMPL_INTERCHANGE_TRANSFER_HINGLISH_LATN_13
PILOT_T2_TR_003740,,SFAM_OUT_OF_SCOPE_013,FAM_OUT_OF_SCOPE_013,PARA_OUT_OF_SCOPE_12_0,T2_MEDIUM_V1,out_of_scope,REJECT_OUT_OF_SCOPE,Quick check: Book a private cab taxi ride from Wimco Nagar Depot to Pachaiyappa College. [cab F13] #4,en,Latn,CS0,N0,"{""origin"": ""Wimco Nagar Depot"", ""destination"": ""Pachaiyappa College""}","{""origin_id"": ""METRO_WIMCO_NAGAR"", ""destination_id"": ""METRO_PACHAIYAPPA_S_COLLEGE""}",OUT_OF_SCOPE,template_instantiation,TMPL_OUT_OF_SCOPE_EN_12
PILOT_T2_TR_003741,,SFAM_MODE_AVAILABILITY_001,FAM_MODE_AVAILABILITY_001,PARA_MODE_AVAILABILITY_0_1,T2_MEDIUM_V1,service_availability,CHECK_SERVICE_AVAILABILITY,"Hello assistant, क्या एयरपोर्ट से तांबरम के लिए कोई सार्वजनिक बस या ट्रेन उपलब्ध है? (उपलब्धता F1) #7",hi,Deva,CS0,N1,"{""origin"": ""एयरपोर्ट"", ""destination"": ""तांबरम"", ""transport_mode"": ""सार्वजनिक बस या ट्रेन""}","{""origin_id"": ""METRO_CHENNAI_INTERNATIONAL_AIRPORT"", ""destination_id"": ""BUS_5304399879""}",ANSWERABLE_WITH_PROVISIONAL_DATA,template_instantiation,TMPL_MODE_AVAILABILITY_HI_DEVA_0
PILOT_T2_TR_003742,,SFAM_STATION_ACCESSIBILITY_008,FAM_STATION_ACCESSIBILITY_008,PARA_STATION_ACCESSIBILITY_7_1,T2_MEDIUM_V1,accessibility,GET_ACCESSIBILITY_INFO,Please tell: क्या हाई कोर्ट स्टेशन पर दिव्यांग यात्रियों के लिए एस्केलेटर उपलब्ध है? (सुलभता F8) #2,hi,Deva,CS0,N0,"{""station"": ""हाई कोर्ट"", ""accessibility_feature"": ""escalator"", ""transport_mode"": ""मेट्रो""}","{""station_id"": ""METRO_HIGHCOURT""}",ANSWERABLE_NOW,template_instantiation,TMPL_STATION_ACCESSIBILITY_HI_DEVA_7
PILOT_T2_TR_003743,,SFAM_ROUTE_STOP_MEMBERSHIP_001,FAM_ROUTE_STOP_MEMBERSHIP_001,PARA_ROUTE_STOP_MEMBERSHIP_0_1,T2_MEDIUM_V1,route_stops,CHECK_STOP_ON_ROUTE,Quick check: क्या बस 21G तांबरम स्टॉप पर रुकती है? (जांच F1) #4,hi,Deva,CS0,N0,"{""route_number"": ""21G"", ""stop"": ""तांबरम"", ""transport_mode"": ""बस""}","{""route_id"": ""GTFS_ROUTE_8458"", ""stop_id"": ""BUS_5304399879""}",ANSWERABLE_WITH_PROVISIONAL_DATA,template_instantiation,TMPL_ROUTE_STOP_MEMBERSHIP_HI_DEVA_0
PILOT_T2_TR_003744,,SFAM_NEAREST_TRANSPORT_001,FAM_NEAREST_TRANSPORT_001,PARA_NEAREST_TRANSPORT_0_0,T2_MEDIUM_V1,nearest_transport,FIND_NEAREST_STATION,Which is the nearest metro station or transit stop to Marina Beach? [loc F1],en,Latn,CS0,N0,"{""landmark"": ""Marina Beach"", ""transport_mode"": ""metro""}","{""place_id"": ""OSM_POI_12137617372""}",ANSWERABLE_NOW,template_instantiation,TMPL_NEAREST_TRANSPORT_EN_0
PILOT_T2_TR_003745,,SFAM_MODE_AVAILABILITY_017,FAM_MODE_AVAILABILITY_017,PARA_MODE_AVAILABILITY_16_3,T2_MEDIUM_V1,service_availability,CHECK_SERVICE_AVAILABILITY,"Excuse me, Is public transit operational connecting St. Thomas Mount and Tambaram (F17)? #6",hi-en,Latn,CS3,N1,"{""origin"": ""St. Thomas Mount"", ""destination"": ""Tambaram"", ""transport_mode"": ""public transit""}","{""origin_id"": ""METRO_ST__THOMAS_MOUNT"", ""destination_id"": ""BUS_5304399879""}",ANSWERABLE_WITH_PROVISIONAL_DATA,template_instantiation,TMPL_MODE_AVAILABILITY_HINGLISH_LATN_16
PILOT_T2_TR_003746,,SFAM_POINT_TO_POINT_ROUTE_001,FAM_POINT_TO_POINT_ROUTE_001,PARA_POINT_TO_POINT_ROUTE_0_4,T2_MEDIUM_V1,route_query,PLAN_ROUTE,Airport से High Court direct metro connection bataye route plan F1,hi-en,Deva+Latn,CS4,N0,"{""origin"": ""Airport"", ""destination"": ""High Court"", ""transport_mode"": ""metro""}","{""origin_id"": ""METRO_CHENNAI_INTERNATIONAL_AIRPORT"", ""destination_id"": ""METRO_HIGHCOURT""}",ANSWERABLE_WITH_PROVISIONAL_DATA,template_instantiation,TMPL_POINT_TO_POINT_ROUTE_MIXED_SCRIPT_CS_0
PILOT_T2_TR_003747,,SFAM_MULTIMODAL_ROUTE_001,FAM_MULTIMODAL_ROUTE_001,PARA_MULTIMODAL_ROUTE_0_0,T2_MEDIUM_V1,route_query,PLAN_MULTIMODAL_ROUTE,Please tell: What is the combined bus and metro route from Tambaram to High Court? [plan F1] #2,en,Latn,CS0,N0,"{""origin"": ""Tambaram"", ""destination"": ""High Court"", ""transport_mode"": ""multimodal""}","{""origin_id"": ""BUS_5304399879"", ""destination_id"": ""METRO_HIGHCOURT""}",ANSWERABLE_WITH_PROVISIONAL_DATA,template_instantiation,TMPL_MULTIMODAL_ROUTE_EN_0
PILOT_T2_TR_003748,,SFAM_OUT_OF_SCOPE_015,FAM_OUT_OF_SCOPE_015,PARA_OUT_OF_SCOPE_14_0,T2_MEDIUM_V1,out_of_scope,REJECT_OUT_OF_SCOPE,Please tell: Book a private cab taxi ride from Little Mount to Chennai Central. [cab F15] #2,en,Latn,CS0,N0,"{""origin"": ""Little Mount"", ""destination"": ""Chennai Central""}","{""origin_id"": ""METRO_LITTLE_MOUNT"", ""destination_id"": ""METRO_PURATCHI_THALAIVAR_DR__M_G_RAMACHANDRAN_CENTRAL""}",OUT_OF_SCOPE,template_instantiation,TMPL_OUT_OF_SCOPE_EN_14
PILOT_T2_TR_003749,,SFAM_NEAREST_TRANSPORT_013,FAM_NEAREST_TRANSPORT_013,PARA_NEAREST_TRANSPORT_12_0,T2_MEDIUM_V1,nearest_transport,FIND_NEAREST_STATION,Transit query: Which is the nearest metro station or transit stop to Great Lakes Institute? [loc F13] #5,en,Latn,CS0,N0,"{""landmark"": ""Great Lakes Institute"", ""transport_mode"": ""metro""}","{""place_id"": ""OSM_POI_577328882""}",ANSWERABLE_NOW,template_instantiation,TMPL_NEAREST_TRANSPORT_EN_12
PILOT_T2_TR_003750,,SFAM_OUT_OF_SCOPE_006,FAM_OUT_OF_SCOPE_006,PARA_OUT_OF_SCOPE_5_2,T2_MEDIUM_V1,out_of_scope,REJECT_OUT_OF_SCOPE,Please tell: koyambedu airport terminal ke flight delay timings check kijiye. [bahar F6] #2,hi,Latn,CS0,N1,"{""station"": ""koyambedu""}","{""station_id"": ""METRO_KOYAMBEDU""}",OUT_OF_SCOPE,template_instantiation,TMPL_OUT_OF_SCOPE_HI_LATN_5
PILOT_T2_TR_003751,,SFAM_STATION_ACCESSIBILITY_006,FAM_STATION_ACCESSIBILITY_006,PARA_STATION_ACCESSIBILITY_5_3,T2_MEDIUM_V1,accessibility,GET_ACCESSIBILITY_INFO,"Excuse me, Verification of accessible passenger elevator lift support at Koyambedu metro (F6) #6",hi-en,Latn,CS3,N2,"{""station"": ""Koyambedu"", ""accessibility_feature"": ""lift"", ""transport_mode"": ""metro""}","{""station_id"": ""METRO_KOYAMBEDU""}",ANSWERABLE_NOW,template_instantiation,TMPL_STATION_ACCESSIBILITY_HINGLISH_LATN_5
PILOT_T2_TR_003752,,SFAM_ROUTE_STOP_SEQUENCE_002,FAM_ROUTE_STOP_SEQUENCE_002,PARA_ROUTE_STOP_SEQUENCE_1_3,T2_MEDIUM_V1,route_stops,LIST_ROUTE_STOPS,Could you specify Full stop order details for bus number 102 please provide (F2)? #3,hi-en,Latn,CS3,N0,"{""route_number"": ""102"", ""transport_mode"": ""bus""}","{""route_id"": ""GTFS_ROUTE_16861""}",ANSWERABLE_WITH_PROVISIONAL_DATA,template_instantiation,TMPL_ROUTE_STOP_SEQUENCE_HINGLISH_LATN_1
PILOT_T2_TR_003753,,SFAM_MULTIMODAL_ROUTE_007,FAM_MULTIMODAL_ROUTE_007,PARA_MULTIMODAL_ROUTE_6_0,T2_MEDIUM_V1,route_query,PLAN_MULTIMODAL_ROUTE,What is the combined bus and metro route from Thiruvanmiyur to Washermenpet? [plan F7],en,Latn,CS0,N0,"{""origin"": ""Thiruvanmiyur"", ""destination"": ""Washermenpet"", ""transport_mode"": ""multimodal""}","{""origin_id"": ""BUS_3247310920"", ""destination_id"": ""METRO_WASHERMENPET""}",ANSWERABLE_WITH_PROVISIONAL_DATA,template_instantiation,TMPL_MULTIMODAL_ROUTE_EN_6
PILOT_T2_TR_003754,,SFAM_NEAREST_TRANSPORT_018,FAM_NEAREST_TRANSPORT_018,PARA_NEAREST_TRANSPORT_17_0,T2_MEDIUM_V1,nearest_transport,FIND_NEAREST_STATION,Please tell: Which is the nearest metro station or transit stop to Madhuranthagam Hospital? [loc F18] #2,en,Latn,CS0,N0,"{""landmark"": ""Madhuranthagam Hospital"", ""transport_mode"": ""metro""}","{""place_id"": ""OSM_POI_7257518777""}",ANSWERABLE_NOW,template_instantiation,TMPL_NEAREST_TRANSPORT_EN_17
PILOT_T2_TR_003755,,SFAM_REALTIME_STATUS_QUERY_014,FAM_REALTIME_STATUS_QUERY_014,PARA_REALTIME_STATUS_QUERY_13_0,T2_MEDIUM_V1,realtime_status_query,REJECT_UNSUPPORTED_REALTIME,Quick check: Where is bus Blue Line right now and what is its live location? [live F14] #4,en,Latn,CS0,N0,"{""route_number"": ""Blue Line"", ""transport_mode"": ""bus""}","{""route_id"": ""CMRL_BLUE_CORRIDOR_1""}",REQUIRES_REALTIME_DATA,template_instantiation,TMPL_REALTIME_STATUS_QUERY_EN_13
PILOT_T2_TR_003756,,SFAM_OUT_OF_SCOPE_008,FAM_OUT_OF_SCOPE_008,PARA_OUT_OF_SCOPE_7_3,T2_MEDIUM_V1,out_of_scope,REJECT_OUT_OF_SCOPE,Could you specify What is the general weather rain forecast in Chennai near Madhuranthagam Hospital today (F8)?? #3,hi-en,Latn,CS3,N0,"{""landmark"": ""Madhuranthagam Hospital""}","{""place_id"": ""OSM_POI_7257518777""}",OUT_OF_SCOPE,template_instantiation,TMPL_OUT_OF_SCOPE_HINGLISH_LATN_7
PILOT_T2_TR_003757,,SFAM_SCHEDULED_DEPARTURE_014,FAM_SCHEDULED_DEPARTURE_014,PARA_SCHEDULED_DEPARTURE_13_3,T2_MEDIUM_V1,service_timing,GET_SCHEDULED_DEPARTURES,Washermenpet station se kal 8 baje train schedule kya hoga (F14),hi-en,Latn,CS3,N0,"{""origin"": ""Washermenpet"", ""temporal_relative"": ""kal"", ""resolved_temporal_offset"": ""UNRESOLVED_TEMPORAL_AMBIGUITY"", ""time"": ""8 baje"", ""temporal_ambiguity"": true, ""dual_candidates"": [""08:00:00"", ""20:00:00""]}","{""origin_id"": ""METRO_WASHERMENPET""}",ANSWERABLE_NOW,template_instantiation,TMPL_SCHEDULED_DEPARTURE_HINGLISH_LATN_13
PILOT_T2_TR_003758,,SFAM_OUT_OF_SCOPE_011,FAM_OUT_OF_SCOPE_011,PARA_OUT_OF_SCOPE_10_3,T2_MEDIUM_V1,out_of_scope,REJECT_OUT_OF_SCOPE,Please tell: What is the general weather rain forecast in Chennai near Marina Beach today (F11)? #2,hi-en,Latn,CS3,N0,"{""landmark"": ""Marina Beach""}","{""place_id"": ""OSM_POI_12137617372""}",OUT_OF_SCOPE,template_instantiation,TMPL_OUT_OF_SCOPE_HINGLISH_LATN_10
PILOT_T2_TR_003759,,SFAM_TICKETING_AND_PASSES_018,FAM_TICKETING_AND_PASSES_018,PARA_TICKETING_AND_PASSES_17_3,T2_MEDIUM_V1,ticketing_rules,GET_TICKETING_POLICY,"Excuse me, How can regular passengers apply for and renew National Common Mobility Card (F18)? #6",hi-en,Latn,CS3,N1,"{""ticket_type"": ""ncmc_card"", ""transport_mode"": ""transit""}",{},ANSWERABLE_NOW,template_instantiation,TMPL_TICKETING_AND_PASSES_HINGLISH_LATN_17
PILOT_T2_TR_003760,,SFAM_MODE_AVAILABILITY_001,FAM_MODE_AVAILABILITY_001,PARA_MODE_AVAILABILITY_0_3,T2_MEDIUM_V1,service_availability,CHECK_SERVICE_AVAILABILITY,Transit query: Is public transit operational connecting Airport and Tambaram (F1)? #5,hi-en,Latn,CS3,N0,"{""origin"": ""Airport"", ""destination"": ""Tambaram"", ""transport_mode"": ""public transit""}","{""origin_id"": ""METRO_CHENNAI_INTERNATIONAL_AIRPORT"", ""destination_id"": ""BUS_5304399879""}",ANSWERABLE_WITH_PROVISIONAL_DATA,template_instantiation,TMPL_MODE_AVAILABILITY_HINGLISH_LATN_0
PILOT_T2_TR_003761,,SFAM_NEAREST_TRANSPORT_020,FAM_NEAREST_TRANSPORT_020,PARA_NEAREST_TRANSPORT_19_1,T2_MEDIUM_V1,nearest_transport,FIND_NEAREST_STATION,पडलम अस्पताल के सबसे निकटतम मेट्रो स्टेशन या बस स्टॉप कौन सा है? (निकट F20),hi,Deva,CS0,N1,"{""landmark"": ""पडलम अस्पताल"", ""transport_mode"": ""मेट्रो या बस""}","{""place_id"": ""OSM_POI_7257518724""}",ANSWERABLE_NOW,template_instantiation,TMPL_NEAREST_TRANSPORT_HI_DEVA_19
PILOT_T2_TR_003762,,SFAM_STATION_ACCESSIBILITY_006,FAM_STATION_ACCESSIBILITY_006,PARA_STATION_ACCESSIBILITY_5_3,T2_MEDIUM_V1,accessibility,GET_ACCESSIBILITY_INFO,Transit query: Verification of accessible passenger elevator lift support at Koyambedu metro (F6) #5,hi-en,Latn,CS3,N1,"{""station"": ""Koyambedu"", ""accessibility_feature"": ""lift"", ""transport_mode"": ""metro""}","{""station_id"": ""METRO_KOYAMBEDU""}",ANSWERABLE_NOW,template_instantiation,TMPL_STATION_ACCESSIBILITY_HINGLISH_LATN_5
PILOT_T2_TR_003763,,SFAM_STATION_ACCESSIBILITY_020,FAM_STATION_ACCESSIBILITY_020,PARA_STATION_ACCESSIBILITY_19_3,T2_MEDIUM_V1,accessibility,GET_ACCESSIBILITY_INFO,"Excuse me, Verification of accessible escalator stairs support at Pachaiyappa College metro (F20) #6",hi-en,Latn,CS3,N1,"{""station"": ""Pachaiyappa College"", ""accessibility_feature"": ""escalator"", ""transport_mode"": ""metro""}","{""station_id"": ""METRO_PACHAIYAPPA_S_COLLEGE""}",ANSWERABLE_NOW,template_instantiation,TMPL_STATION_ACCESSIBILITY_HINGLISH_LATN_19
PILOT_T2_TR_003764,,SFAM_SERVICE_FREQUENCY_002,FAM_SERVICE_FREQUENCY_002,PARA_SERVICE_FREQUENCY_1_3,T2_MEDIUM_V1,service_timing,GET_SERVICE_FREQUENCY,Peak hour frequency and normal headway between Chennai Central and Thirumangalam (F2),hi-en,Latn,CS3,N0,"{""origin"": ""Chennai Central"", ""destination"": ""Thirumangalam"", ""timing_type"": ""frequency"", ""transport_mode"": ""metro""}","{""origin_id"": ""METRO_PURATCHI_THALAIVAR_DR__M_G_RAMACHANDRAN_CENTRAL"", ""destination_id"": ""METRO_THIRUMANGALAM""}",ANSWERABLE_NOW,template_instantiation,TMPL_SERVICE_FREQUENCY_HINGLISH_LATN_1
PILOT_T2_TR_003765,,SFAM_MODE_AVAILABILITY_019,FAM_MODE_AVAILABILITY_019,PARA_MODE_AVAILABILITY_18_2,T2_MEDIUM_V1,service_availability,CHECK_SERVICE_AVAILABILITY,kilpauk se adyar tak direct transit options available hain kya? [suvidha F19],hi,Latn,CS0,N0,"{""origin"": ""kilpauk"", ""destination"": ""adyar"", ""transport_mode"": ""any""}","{""origin_id"": ""METRO_KILPAUK"", ""destination_id"": ""BUS_2587520213""}",ANSWERABLE_WITH_PROVISIONAL_DATA,template_instantiation,TMPL_MODE_AVAILABILITY_HI_LATN_18
PILOT_T2_TR_003766,,SFAM_INTERCHANGE_TRANSFER_010,FAM_INTERCHANGE_TRANSFER_010,PARA_INTERCHANGE_TRANSFER_9_3,T2_MEDIUM_V1,interchange_query,GET_INTERCHANGE_DETAILS,Could you specify Transfer walking time and directions at Anna Nagar Tower multimodal terminal (F10)? #3,hi-en,Latn,CS3,N0,"{""station"": ""Anna Nagar Tower"", ""facility_type"": ""interchange""}","{""station_id"": ""METRO_ANNA_NAGAR_TOWER""}",ANSWERABLE_AFTER_MANUAL_VERIFICATION,template_instantiation,TMPL_INTERCHANGE_TRANSFER_HINGLISH_LATN_9
PILOT_T2_TR_003767,,SFAM_SERVICE_FREQUENCY_005,FAM_SERVICE_FREQUENCY_005,PARA_SERVICE_FREQUENCY_4_3,T2_MEDIUM_V1,service_timing,GET_SERVICE_FREQUENCY,Please tell: Peak hour frequency and normal headway between CMBT and Thousand Lights (F5) #2,hi-en,Latn,CS3,N0,"{""origin"": ""CMBT"", ""destination"": ""Thousand Lights"", ""timing_type"": ""frequency"", ""transport_mode"": ""metro""}","{""origin_id"": ""METRO_PURATCHI_THALAIVI_DR_J_JAYALALITHAA_CMBT"", ""destination_id"": ""METRO_THOUSAND_LIGHTS""}",ANSWERABLE_NOW,template_instantiation,TMPL_SERVICE_FREQUENCY_HINGLISH_LATN_4
PILOT_T2_TR_003768,,SFAM_STATION_ACCESSIBILITY_002,FAM_STATION_ACCESSIBILITY_002,PARA_STATION_ACCESSIBILITY_1_1,T2_MEDIUM_V1,accessibility,GET_ACCESSIBILITY_INFO,"Excuse me, क्या चेन्नई सेंट्रल स्टेशन पर दिव्यांग यात्रियों के लिए यात्री लिफ्ट उपलब्ध है? (सुलभता F2) #6",hi,Deva,CS0,N0,"{""station"": ""चेन्नई सेंट्रल"", ""accessibility_feature"": ""lift"", ""transport_mode"": ""मेट्रो""}","{""station_id"": ""METRO_PURATCHI_THALAIVAR_DR__M_G_RAMACHANDRAN_CENTRAL""}",ANSWERABLE_NOW,template_instantiation,TMPL_STATION_ACCESSIBILITY_HI_DEVA_1
PILOT_T2_TR_003769,,SFAM_MODE_AVAILABILITY_004,FAM_MODE_AVAILABILITY_004,PARA_MODE_AVAILABILITY_3_1,T2_MEDIUM_V1,service_availability,CHECK_SERVICE_AVAILABILITY,Transit query: क्या आलंदूर से वेलाचेरी के लिए कोई सार्वजनिक बस या ट्रेन उपलब्ध है? (उपलब्धता F4) #5,hi,Deva,CS0,N0,"{""origin"": ""आलंदूर"", ""destination"": ""वेलाचेरी"", ""transport_mode"": ""सार्वजनिक बस या ट्रेन""}","{""origin_id"": ""METRO_ARIGNAR_ANNA_ALANDUR"", ""destination_id"": ""BUS_1764308008""}",ANSWERABLE_WITH_PROVISIONAL_DATA,template_instantiation,TMPL_MODE_AVAILABILITY_HI_DEVA_3
PILOT_T2_TR_003770,,SFAM_MODE_AVAILABILITY_003,FAM_MODE_AVAILABILITY_003,PARA_MODE_AVAILABILITY_2_0,T2_MEDIUM_V1,service_availability,CHECK_SERVICE_AVAILABILITY,Are there direct public transport options from Guindy to Adyar? [avail F3],en,Latn,CS0,N0,"{""origin"": ""Guindy"", ""destination"": ""Adyar"", ""transport_mode"": ""any""}","{""origin_id"": ""METRO_GUINDY"", ""destination_id"": ""BUS_2587520213""}",ANSWERABLE_WITH_PROVISIONAL_DATA,template_instantiation,TMPL_MODE_AVAILABILITY_EN_2
PILOT_T2_TR_003771,,SFAM_ROUTE_STOP_MEMBERSHIP_011,FAM_ROUTE_STOP_MEMBERSHIP_011,PARA_ROUTE_STOP_MEMBERSHIP_10_0,T2_MEDIUM_V1,route_stops,CHECK_STOP_ON_ROUTE,Please tell: Does bus route 11 R make a scheduled halt at Kalpakkam? [chk F11] #2,en,Latn,CS0,N0,"{""route_number"": ""11 R"", ""stop"": ""Kalpakkam"", ""transport_mode"": ""bus""}","{""route_id"": ""GTFS_ROUTE_23728"", ""stop_id"": ""BUS_30143150""}",ANSWERABLE_WITH_PROVISIONAL_DATA,template_instantiation,TMPL_ROUTE_STOP_MEMBERSHIP_EN_10
PILOT_T2_TR_003772,,SFAM_STATION_FACILITIES_010,FAM_STATION_FACILITIES_010,PARA_STATION_FACILITIES_9_2,T2_MEDIUM_V1,station_facilities,GET_STATION_FACILITY,Please tell: kya anna nagar tower station par passenger bike parking service available hai? [amenity F10] #2,hi,Latn,CS0,N1,"{""station"": ""anna nagar tower"", ""facility_type"": ""two_wheeler_parking"", ""transport_mode"": ""metro""}","{""station_id"": ""METRO_ANNA_NAGAR_TOWER""}",ANSWERABLE_NOW,template_instantiation,TMPL_STATION_FACILITIES_HI_LATN_9
PILOT_T2_TR_003773,,SFAM_INTERCHANGE_TRANSFER_014,FAM_INTERCHANGE_TRANSFER_014,PARA_INTERCHANGE_TRANSFER_13_4,T2_MEDIUM_V1,interchange_query,GET_INTERCHANGE_DETAILS,Washermenpet interchange par line switch connection point details check F14,hi-en,Deva+Latn,CS4,N0,"{""station"": ""Washermenpet"", ""facility_type"": ""interchange""}","{""station_id"": ""METRO_WASHERMENPET""}",ANSWERABLE_AFTER_MANUAL_VERIFICATION,template_instantiation,TMPL_INTERCHANGE_TRANSFER_MIXED_SCRIPT_CS_13
PILOT_T2_TR_003774,,SFAM_ROUTE_STOP_SEQUENCE_010,FAM_ROUTE_STOP_SEQUENCE_010,PARA_ROUTE_STOP_SEQUENCE_9_1,T2_MEDIUM_V1,route_stops,LIST_ROUTE_STOPS,Could you specify बस रूट 12G के सभी ठहरावों की क्रमबद्ध सूची दिखाएं। (क्रम F10)? #3,hi,Deva,CS0,N0,"{""route_number"": ""12G"", ""transport_mode"": ""बस""}","{""route_id"": ""GTFS_ROUTE_18750""}",ANSWERABLE_WITH_PROVISIONAL_DATA,template_instantiation,TMPL_ROUTE_STOP_SEQUENCE_HI_DEVA_9
PILOT_T2_TR_003775,,SFAM_REALTIME_STATUS_QUERY_011,FAM_REALTIME_STATUS_QUERY_011,PARA_REALTIME_STATUS_QUERY_10_0,T2_MEDIUM_V1,realtime_status_query,REJECT_UNSUPPORTED_REALTIME,Where is bus 11 R right now and what is its live location? [live F11],en,Latn,CS0,N0,"{""route_number"": ""11 R"", ""transport_mode"": ""bus""}","{""route_id"": ""GTFS_ROUTE_23728""}",REQUIRES_REALTIME_DATA,template_instantiation,TMPL_REALTIME_STATUS_QUERY_EN_10
PILOT_T2_TR_003776,,SFAM_ROUTE_STOP_SEQUENCE_014,FAM_ROUTE_STOP_SEQUENCE_014,PARA_ROUTE_STOP_SEQUENCE_13_1,T2_MEDIUM_V1,route_stops,LIST_ROUTE_STOPS,बस रूट Blue Line के सभी ठहरावों की क्रमबद्ध सूची दिखाएं। (क्रम F14),hi,Deva,CS0,N0,"{""route_number"": ""Blue Line"", ""transport_mode"": ""बस""}","{""route_id"": ""CMRL_BLUE_CORRIDOR_1""}",ANSWERABLE_WITH_PROVISIONAL_DATA,template_instantiation,TMPL_ROUTE_STOP_SEQUENCE_HI_DEVA_13
PILOT_T2_TR_003777,,SFAM_MODE_AVAILABILITY_001,FAM_MODE_AVAILABILITY_001,PARA_MODE_AVAILABILITY_0_3,T2_MEDIUM_V1,service_availability,CHECK_SERVICE_AVAILABILITY,"Hello assistant, Is public transit operational connecting Airport and Tambaram (F1)? #7",hi-en,Latn,CS3,N0,"{""origin"": ""Airport"", ""destination"": ""Tambaram"", ""transport_mode"": ""public transit""}","{""origin_id"": ""METRO_CHENNAI_INTERNATIONAL_AIRPORT"", ""destination_id"": ""BUS_5304399879""}",ANSWERABLE_WITH_PROVISIONAL_DATA,template_instantiation,TMPL_MODE_AVAILABILITY_HINGLISH_LATN_0
PILOT_T2_TR_003778,,SFAM_ROUTE_STOP_MEMBERSHIP_002,FAM_ROUTE_STOP_MEMBERSHIP_002,PARA_ROUTE_STOP_MEMBERSHIP_1_1,T2_MEDIUM_V1,route_stops,CHECK_STOP_ON_ROUTE,Could you specify क्या बस 102 ब्रॉडवे स्टॉप पर रुकती है? (जांच F2)? #3,hi,Deva,CS0,N1,"{""route_number"": ""102"", ""stop"": ""ब्रॉडवे"", ""transport_mode"": ""बस""}","{""route_id"": ""GTFS_ROUTE_16861"", ""stop_id"": ""BUS_27618346""}",ANSWERABLE_WITH_PROVISIONAL_DATA,template_instantiation,TMPL_ROUTE_STOP_MEMBERSHIP_HI_DEVA_1
PILOT_T2_TR_003779,,SFAM_OUT_OF_SCOPE_011,FAM_OUT_OF_SCOPE_011,PARA_OUT_OF_SCOPE_10_0,T2_MEDIUM_V1,out_of_scope,REJECT_OUT_OF_SCOPE,Transit query: Book a private cab taxi ride from Egmore to Nehru Park. [cab F11] #5,en,Latn,CS0,N0,"{""origin"": ""Egmore"", ""destination"": ""Nehru Park""}","{""origin_id"": ""METRO_EGMORE"", ""destination_id"": ""METRO_NEHRU_PARK""}",OUT_OF_SCOPE,template_instantiation,TMPL_OUT_OF_SCOPE_EN_10
PILOT_T2_TR_003780,,SFAM_ROUTE_STOP_SEQUENCE_009,FAM_ROUTE_STOP_SEQUENCE_009,PARA_ROUTE_STOP_SEQUENCE_8_1,T2_MEDIUM_V1,route_stops,LIST_ROUTE_STOPS,बस रूट 29A के सभी ठहरावों की क्रमबद्ध सूची दिखाएं। (क्रम F9),hi,Deva,CS0,N0,"{""route_number"": ""29A"", ""transport_mode"": ""बस""}","{""route_id"": ""GTFS_ROUTE_18751""}",ANSWERABLE_WITH_PROVISIONAL_DATA,template_instantiation,TMPL_ROUTE_STOP_SEQUENCE_HI_DEVA_8
PILOT_T2_TR_003781,,SFAM_STATION_ACCESSIBILITY_013,FAM_STATION_ACCESSIBILITY_013,PARA_STATION_ACCESSIBILITY_12_3,T2_MEDIUM_V1,accessibility,GET_ACCESSIBILITY_INFO,Verification of accessible wheelchair ramp support at Wimco Nagar Depot metro (F13),hi-en,Latn,CS3,N0,"{""station"": ""Wimco Nagar Depot"", ""accessibility_feature"": ""wheelchair"", ""transport_mode"": ""metro""}","{""station_id"": ""METRO_WIMCO_NAGAR""}",ANSWERABLE_NOW,template_instantiation,TMPL_STATION_ACCESSIBILITY_HINGLISH_LATN_12
PILOT_T2_TR_003782,,SFAM_MODE_AVAILABILITY_008,FAM_MODE_AVAILABILITY_008,PARA_MODE_AVAILABILITY_7_0,T2_MEDIUM_V1,service_availability,CHECK_SERVICE_AVAILABILITY,Could you specify Are there direct public transport options from High Court to Mylapore? [avail F8]? #3,en,Latn,CS0,N0,"{""origin"": ""High Court"", ""destination"": ""Mylapore"", ""transport_mode"": ""any""}","{""origin_id"": ""METRO_HIGHCOURT"", ""destination_id"": ""BUS_410614381""}",ANSWERABLE_WITH_PROVISIONAL_DATA,template_instantiation,TMPL_MODE_AVAILABILITY_EN_7
PILOT_T2_TR_003783,,SFAM_STATION_FACILITIES_010,FAM_STATION_FACILITIES_010,PARA_STATION_FACILITIES_9_3,T2_MEDIUM_V1,station_facilities,GET_STATION_FACILITY,Could you specify Does Anna Nagar Tower station premises include operational two-wheeler bike parking (F10)?? #3,hi-en,Latn,CS3,N0,"{""station"": ""Anna Nagar Tower"", ""facility_type"": ""two_wheeler_parking"", ""transport_mode"": ""metro""}","{""station_id"": ""METRO_ANNA_NAGAR_TOWER""}",ANSWERABLE_NOW,template_instantiation,TMPL_STATION_FACILITIES_HINGLISH_LATN_9
PILOT_T2_TR_003784,,SFAM_NEAREST_TRANSPORT_011,FAM_NEAREST_TRANSPORT_011,PARA_NEAREST_TRANSPORT_10_0,T2_MEDIUM_V1,nearest_transport,FIND_NEAREST_STATION,Please tell: Which is the nearest metro station or transit stop to Marina Beach? [loc F11] #2,en,Latn,CS0,N0,"{""landmark"": ""Marina Beach"", ""transport_mode"": ""metro""}","{""place_id"": ""OSM_POI_12137617372""}",ANSWERABLE_NOW,template_instantiation,TMPL_NEAREST_TRANSPORT_EN_10
PILOT_T2_TR_003785,,SFAM_STATION_ACCESSIBILITY_014,FAM_STATION_ACCESSIBILITY_014,PARA_STATION_ACCESSIBILITY_13_1,T2_MEDIUM_V1,accessibility,GET_ACCESSIBILITY_INFO,Transit query: क्या वॉशरमैनपेट स्टेशन पर दिव्यांग यात्रियों के लिए यात्री लिफ्ट उपलब्ध है? (सुलभता F14) #5,hi,Deva,CS0,N2,"{""station"": ""वॉशरमैनपेट"", ""accessibility_feature"": ""lift"", ""transport_mode"": ""मेट्रो""}","{""station_id"": ""METRO_WASHERMENPET""}",ANSWERABLE_NOW,template_instantiation,TMPL_STATION_ACCESSIBILITY_HI_DEVA_13
PILOT_T2_TR_003786,,SFAM_POINT_TO_POINT_ROUTE_003,FAM_POINT_TO_POINT_ROUTE_003,PARA_POINT_TO_POINT_ROUTE_2_0,T2_MEDIUM_V1,route_query,PLAN_ROUTE,How do I commute from Guindy to Anna Nagar Tower by metro? [pattern F3],en,Latn,CS0,N0,"{""origin"": ""Guindy"", ""destination"": ""Anna Nagar Tower"", ""transport_mode"": ""metro""}","{""origin_id"": ""METRO_GUINDY"", ""destination_id"": ""METRO_ANNA_NAGAR_TOWER""}",ANSWERABLE_WITH_PROVISIONAL_DATA,template_instantiation,TMPL_POINT_TO_POINT_ROUTE_EN_2
PILOT_T2_TR_003787,,SFAM_OUT_OF_SCOPE_018,FAM_OUT_OF_SCOPE_018,PARA_OUT_OF_SCOPE_17_1,T2_MEDIUM_V1,out_of_scope,REJECT_OUT_OF_SCOPE,Transit query: नेहरू पार्क के निकटतम सबसे अच्छे रेस्टोरेंट और भोजनालय की सूची दें। (बाहर F18) #5,hi,Deva,CS0,N2,"{""station"": ""नेहरू पार्क""}","{""station_id"": ""METRO_NEHRU_PARK""}",OUT_OF_SCOPE,template_instantiation,TMPL_OUT_OF_SCOPE_HI_DEVA_17
PILOT_T2_TR_003788,,SFAM_STATION_ACCESSIBILITY_011,FAM_STATION_ACCESSIBILITY_011,PARA_STATION_ACCESSIBILITY_10_0,T2_MEDIUM_V1,accessibility,GET_ACCESSIBILITY_INFO,Please tell: Are tactile floor paths provisions available for differently abled passengers at Egmore? [a11y F11] #2,en,Latn,CS0,N0,"{""station"": ""Egmore"", ""accessibility_feature"": ""tactile_path"", ""transport_mode"": ""metro""}","{""station_id"": ""METRO_EGMORE""}",ANSWERABLE_NOW,template_instantiation,TMPL_STATION_ACCESSIBILITY_EN_10
PILOT_T2_TR_003789,,SFAM_NEAREST_TRANSPORT_009,FAM_NEAREST_TRANSPORT_009,PARA_NEAREST_TRANSPORT_8_1,T2_MEDIUM_V1,nearest_transport,FIND_NEAREST_STATION,Transit query: कर्पगा संस्थान के सबसे निकटतम मेट्रो स्टेशन या बस स्टॉप कौन सा है? (निकट F9) #5,hi,Deva,CS0,N2,"{""landmark"": ""कर्पगा संस्थान"", ""transport_mode"": ""मेट्रो या बस""}","{""place_id"": ""OSM_POI_3082849503""}",ANSWERABLE_NOW,template_instantiation,TMPL_NEAREST_TRANSPORT_HI_DEVA_8
PILOT_T2_TR_003790,,SFAM_STATION_ACCESSIBILITY_003,FAM_STATION_ACCESSIBILITY_003,PARA_STATION_ACCESSIBILITY_2_1,T2_MEDIUM_V1,accessibility,GET_ACCESSIBILITY_INFO,"Excuse me, क्या गिंडी स्टेशन पर दिव्यांग यात्रियों के लिए टैक्टाइल पाथ उपलब्ध है? (सुलभता F3) #6",hi,Deva,CS0,N0,"{""station"": ""गिंडी"", ""accessibility_feature"": ""tactile_path"", ""transport_mode"": ""मेट्रो""}","{""station_id"": ""METRO_GUINDY""}",ANSWERABLE_NOW,template_instantiation,TMPL_STATION_ACCESSIBILITY_HI_DEVA_2
PILOT_T2_TR_003791,,SFAM_MODE_AVAILABILITY_008,FAM_MODE_AVAILABILITY_008,PARA_MODE_AVAILABILITY_7_2,T2_MEDIUM_V1,service_availability,CHECK_SERVICE_AVAILABILITY,Quick check: high court se mylapore tak direct transit options available hain kya? [suvidha F8] #4,hi,Latn,CS0,N0,"{""origin"": ""high court"", ""destination"": ""mylapore"", ""transport_mode"": ""any""}","{""origin_id"": ""METRO_HIGHCOURT"", ""destination_id"": ""BUS_410614381""}",ANSWERABLE_WITH_PROVISIONAL_DATA,template_instantiation,TMPL_MODE_AVAILABILITY_HI_LATN_7
PILOT_T2_TR_003792,,SFAM_INTERCHANGE_TRANSFER_008,FAM_INTERCHANGE_TRANSFER_008,PARA_INTERCHANGE_TRANSFER_7_1,T2_MEDIUM_V1,interchange_query,GET_INTERCHANGE_DETAILS,Transit query: हाई कोर्ट इंटरचेंज पर दूसरी लाइन में ट्रांसफर करने का मार्ग क्या है? (बदलाव F8) #5,hi,Deva,CS0,N2,"{""station"": ""हाई कोर्ट"", ""facility_type"": ""इंटरचेंज""}","{""station_id"": ""METRO_HIGHCOURT""}",ANSWERABLE_AFTER_MANUAL_VERIFICATION,template_instantiation,TMPL_INTERCHANGE_TRANSFER_HI_DEVA_7
PILOT_T2_TR_003793,,SFAM_STATION_FACILITIES_007,FAM_STATION_FACILITIES_007,PARA_STATION_FACILITIES_6_4,T2_MEDIUM_V1,station_facilities,GET_STATION_FACILITY,क्या Vadapalani station par passengers ke liye EV vehicle charging accessible hai F7,hi-en,Deva+Latn,CS4,N0,"{""station"": ""Vadapalani"", ""facility_type"": ""ev_charging"", ""transport_mode"": ""metro""}","{""station_id"": ""METRO_VADAPALANI""}",ANSWERABLE_NOW,template_instantiation,TMPL_STATION_FACILITIES_MIXED_SCRIPT_CS_6
PILOT_T2_TR_003794,,SFAM_NEAREST_TRANSPORT_013,FAM_NEAREST_TRANSPORT_013,PARA_NEAREST_TRANSPORT_12_4,T2_MEDIUM_V1,nearest_transport,FIND_NEAREST_STATION,Great Lakes Institute ke pass nearest metro stop connection distance bataye F13,hi-en,Deva+Latn,CS4,N0,"{""landmark"": ""Great Lakes Institute"", ""transport_mode"": ""metro""}","{""place_id"": ""OSM_POI_577328882""}",ANSWERABLE_NOW,template_instantiation,TMPL_NEAREST_TRANSPORT_MIXED_SCRIPT_CS_12
PILOT_T2_TR_003795,,SFAM_OUT_OF_SCOPE_009,FAM_OUT_OF_SCOPE_009,PARA_OUT_OF_SCOPE_8_2,T2_MEDIUM_V1,out_of_scope,REJECT_OUT_OF_SCOPE,Quick check: thirumangalam airport terminal ke flight delay timings check kijiye. [bahar F9] #4,hi,Latn,CS0,N0,"{""station"": ""thirumangalam""}","{""station_id"": ""METRO_THIRUMANGALAM""}",OUT_OF_SCOPE,template_instantiation,TMPL_OUT_OF_SCOPE_HI_LATN_8
PILOT_T2_TR_003796,,SFAM_ROUTE_STOP_MEMBERSHIP_011,FAM_ROUTE_STOP_MEMBERSHIP_011,PARA_ROUTE_STOP_MEMBERSHIP_10_4,T2_MEDIUM_V1,route_stops,CHECK_STOP_ON_ROUTE,क्या route 11 R bus Kalpakkam पर rukegi verification F11?,hi-en,Deva+Latn,CS4,N0,"{""route_number"": ""11 R"", ""stop"": ""Kalpakkam"", ""transport_mode"": ""bus""}","{""route_id"": ""GTFS_ROUTE_23728"", ""stop_id"": ""BUS_30143150""}",ANSWERABLE_WITH_PROVISIONAL_DATA,template_instantiation,TMPL_ROUTE_STOP_MEMBERSHIP_MIXED_SCRIPT_CS_10
PILOT_T2_TR_003797,,SFAM_MODE_AVAILABILITY_004,FAM_MODE_AVAILABILITY_004,PARA_MODE_AVAILABILITY_3_3,T2_MEDIUM_V1,service_availability,CHECK_SERVICE_AVAILABILITY,"Hello assistant, Is public transit operational connecting Alandur and Velachery (F4)? #7",hi-en,Latn,CS3,N0,"{""origin"": ""Alandur"", ""destination"": ""Velachery"", ""transport_mode"": ""public transit""}","{""origin_id"": ""METRO_ARIGNAR_ANNA_ALANDUR"", ""destination_id"": ""BUS_1764308008""}",ANSWERABLE_WITH_PROVISIONAL_DATA,template_instantiation,TMPL_MODE_AVAILABILITY_HINGLISH_LATN_3
PILOT_T2_TR_003798,,SFAM_FARE_CALCULATION_004,FAM_FARE_CALCULATION_004,PARA_FARE_CALCULATION_3_2,T2_MEDIUM_V1,fare_query,CALCULATE_FARE,alandur se egmore metro ride ka standard ticket cost kitna hoga? [kiraya F4],hi,Latn,CS0,N0,"{""origin"": ""alandur"", ""destination"": ""egmore"", ""transport_mode"": ""metro""}","{""origin_id"": ""METRO_ARIGNAR_ANNA_ALANDUR"", ""destination_id"": ""METRO_EGMORE""}",ANSWERABLE_NOW,template_instantiation,TMPL_FARE_CALCULATION_HI_LATN_3
PILOT_T2_TR_003799,,SFAM_SCHEDULED_DEPARTURE_009,FAM_SCHEDULED_DEPARTURE_009,PARA_SCHEDULED_DEPARTURE_8_0,T2_MEDIUM_V1,service_timing,GET_SCHEDULED_DEPARTURES,Please tell: Show metro departure timetable at bare 8 o'clock from Thirumangalam [sched F9] #2,en,Latn,CS0,N0,"{""origin"": ""Thirumangalam"", ""time"": ""8 o'clock"", ""temporal_ambiguity"": true, ""dual_candidates"": [""08:00:00"", ""20:00:00""]}","{""origin_id"": ""METRO_THIRUMANGALAM""}",ANSWERABLE_NOW,template_instantiation,TMPL_SCHEDULED_DEPARTURE_EN_8
PILOT_T2_TR_003800,,SFAM_REALTIME_STATUS_QUERY_008,FAM_REALTIME_STATUS_QUERY_008,PARA_REALTIME_STATUS_QUERY_7_1,T2_MEDIUM_V1,realtime_status_query,REJECT_UNSUPPORTED_REALTIME,Please tell: क्या हाई कोर्ट से आने वाली ट्रेन अभी लेट चल रही है लाइव स्थिति बताएं? (ताज़ा F8) #2,hi,Deva,CS0,N0,"{""origin"": ""हाई कोर्ट"", ""transport_mode"": ""ट्रेन""}","{""origin_id"": ""METRO_HIGHCOURT""}",REQUIRES_REALTIME_DATA,template_instantiation,TMPL_REALTIME_STATUS_QUERY_HI_DEVA_7
PILOT_T2_TR_003801,,SFAM_MULTIMODAL_ROUTE_014,FAM_MULTIMODAL_ROUTE_014,PARA_MULTIMODAL_ROUTE_13_0,T2_MEDIUM_V1,route_query,PLAN_MULTIMODAL_ROUTE,Please tell: What is the combined bus and metro route from Uttiramerur to Airport? [plan F14] #2,en,Latn,CS0,N0,"{""origin"": ""Uttiramerur"", ""destination"": ""Airport"", ""transport_mode"": ""multimodal""}","{""origin_id"": ""BUS_4987577873"", ""destination_id"": ""METRO_CHENNAI_INTERNATIONAL_AIRPORT""}",ANSWERABLE_WITH_PROVISIONAL_DATA,template_instantiation,TMPL_MULTIMODAL_ROUTE_EN_13
PILOT_T2_TR_003802,,SFAM_REALTIME_STATUS_QUERY_008,FAM_REALTIME_STATUS_QUERY_008,PARA_REALTIME_STATUS_QUERY_7_2,T2_MEDIUM_V1,realtime_status_query,REJECT_UNSUPPORTED_REALTIME,Could you specify Bus 47A ka real time current gps location update kahan pahuncha? [track F8]? #3,hi,Latn,CS0,N0,"{""route_number"": ""47A"", ""transport_mode"": ""bus""}","{""route_id"": ""GTFS_ROUTE_19412""}",REQUIRES_REALTIME_DATA,template_instantiation,TMPL_REALTIME_STATUS_QUERY_HI_LATN_7
PILOT_T2_TR_003803,,SFAM_FARE_CALCULATION_001,FAM_FARE_CALCULATION_001,PARA_FARE_CALCULATION_0_2,T2_MEDIUM_V1,fare_query,CALCULATE_FARE,airport se high court metro ride ka standard ticket cost kitna hoga? [kiraya F1],hi,Latn,CS0,N0,"{""origin"": ""airport"", ""destination"": ""high court"", ""transport_mode"": ""metro""}","{""origin_id"": ""METRO_CHENNAI_INTERNATIONAL_AIRPORT"", ""destination_id"": ""METRO_HIGHCOURT""}",ANSWERABLE_NOW,template_instantiation,TMPL_FARE_CALCULATION_HI_LATN_0
PILOT_T2_TR_003804,,SFAM_OUT_OF_SCOPE_015,FAM_OUT_OF_SCOPE_015,PARA_OUT_OF_SCOPE_14_3,T2_MEDIUM_V1,out_of_scope,REJECT_OUT_OF_SCOPE,Please tell: What is the general weather rain forecast in Chennai near Maruthi Hospital today (F15)? #2,hi-en,Latn,CS3,N0,"{""landmark"": ""Maruthi Hospital""}","{""place_id"": ""OSM_POI_7820652140""}",OUT_OF_SCOPE,template_instantiation,TMPL_OUT_OF_SCOPE_HINGLISH_LATN_14
PILOT_T2_TR_003805,,SFAM_OUT_OF_SCOPE_003,FAM_OUT_OF_SCOPE_003,PARA_OUT_OF_SCOPE_2_1,T2_MEDIUM_V1,out_of_scope,REJECT_OUT_OF_SCOPE,Could you specify गिंडी के निकटतम सबसे अच्छे रेस्टोरेंट और भोजनालय की सूची दें। (बाहर F3)? #3,hi,Deva,CS0,N0,"{""station"": ""गिंडी""}","{""station_id"": ""METRO_GUINDY""}",OUT_OF_SCOPE,template_instantiation,TMPL_OUT_OF_SCOPE_HI_DEVA_2
PILOT_T2_TR_003806,,SFAM_TICKETING_AND_PASSES_018,FAM_TICKETING_AND_PASSES_018,PARA_TICKETING_AND_PASSES_17_4,T2_MEDIUM_V1,ticketing_rules,GET_TICKETING_POLICY,Please tell: Commuter National Common Mobility Card ke application aur terms ki complete details F18 #2,hi-en,Deva+Latn,CS4,N0,"{""ticket_type"": ""ncmc_card"", ""transport_mode"": ""transit""}",{},ANSWERABLE_NOW,template_instantiation,TMPL_TICKETING_AND_PASSES_MIXED_SCRIPT_CS_17
PILOT_T2_TR_003807,,SFAM_SERVICE_FREQUENCY_009,FAM_SERVICE_FREQUENCY_009,PARA_SERVICE_FREQUENCY_8_0,T2_MEDIUM_V1,service_timing,GET_SERVICE_FREQUENCY,Please tell: How many minutes between trains on the line connecting Thirumangalam and Saidapet? [freq F9] #2,en,Latn,CS0,N0,"{""origin"": ""Thirumangalam"", ""destination"": ""Saidapet"", ""timing_type"": ""frequency"", ""transport_mode"": ""metro""}","{""origin_id"": ""METRO_THIRUMANGALAM"", ""destination_id"": ""METRO_SAIDAPET""}",ANSWERABLE_NOW,template_instantiation,TMPL_SERVICE_FREQUENCY_EN_8
PILOT_T2_TR_003808,,SFAM_STATION_FACILITIES_005,FAM_STATION_FACILITIES_005,PARA_STATION_FACILITIES_4_4,T2_MEDIUM_V1,station_facilities,GET_STATION_FACILITY,Could you specify क्या CMBT station par passengers ke liye car parking accessible hai F5? #3,hi-en,Deva+Latn,CS4,N1,"{""station"": ""CMBT"", ""facility_type"": ""parking"", ""transport_mode"": ""metro""}","{""station_id"": ""METRO_PURATCHI_THALAIVI_DR_J_JAYALALITHAA_CMBT""}",ANSWERABLE_NOW,template_instantiation,TMPL_STATION_FACILITIES_MIXED_SCRIPT_CS_4
PILOT_T2_TR_003809,,SFAM_MULTIMODAL_ROUTE_015,FAM_MULTIMODAL_ROUTE_015,PARA_MULTIMODAL_ROUTE_14_3,T2_MEDIUM_V1,route_query,PLAN_MULTIMODAL_ROUTE,Can you give combined bus and train route from Bus stand to Chennai Central (F15)?,hi-en,Latn,CS3,N0,"{""origin"": ""Bus stand"", ""destination"": ""Chennai Central"", ""transport_mode"": ""bus and train""}","{""origin_id"": ""BUS_5300484122"", ""destination_id"": ""METRO_PURATCHI_THALAIVAR_DR__M_G_RAMACHANDRAN_CENTRAL""}",ANSWERABLE_WITH_PROVISIONAL_DATA,template_instantiation,TMPL_MULTIMODAL_ROUTE_HINGLISH_LATN_14
PILOT_T2_TR_003810,,SFAM_ROUTE_STOP_SEQUENCE_006,FAM_ROUTE_STOP_SEQUENCE_006,PARA_ROUTE_STOP_SEQUENCE_5_0,T2_MEDIUM_V1,route_stops,LIST_ROUTE_STOPS,Please tell: List every intermediate stop along route 29C in order. [seq F6] #2,en,Latn,CS0,N0,"{""route_number"": ""29C"", ""transport_mode"": ""bus""}","{""route_id"": ""GTFS_ROUTE_8631""}",ANSWERABLE_WITH_PROVISIONAL_DATA,template_instantiation,TMPL_ROUTE_STOP_SEQUENCE_EN_5
PILOT_T2_TR_003811,,SFAM_STATION_FACILITIES_014,FAM_STATION_FACILITIES_014,PARA_STATION_FACILITIES_13_0,T2_MEDIUM_V1,station_facilities,GET_STATION_FACILITY,Transit query: Is two-wheeler bike parking facility available at Washermenpet metro station? [fac F14] #5,en,Latn,CS0,N0,"{""station"": ""Washermenpet"", ""facility_type"": ""two_wheeler_parking"", ""transport_mode"": ""metro""}","{""station_id"": ""METRO_WASHERMENPET""}",ANSWERABLE_NOW,template_instantiation,TMPL_STATION_FACILITIES_EN_13
PILOT_T2_TR_003812,,SFAM_STATION_ACCESSIBILITY_004,FAM_STATION_ACCESSIBILITY_004,PARA_STATION_ACCESSIBILITY_3_3,T2_MEDIUM_V1,accessibility,GET_ACCESSIBILITY_INFO,"Excuse me, Verification of accessible escalator stairs support at Alandur metro (F4) #6",hi-en,Latn,CS3,N0,"{""station"": ""Alandur"", ""accessibility_feature"": ""escalator"", ""transport_mode"": ""metro""}","{""station_id"": ""METRO_ARIGNAR_ANNA_ALANDUR""}",ANSWERABLE_NOW,template_instantiation,TMPL_STATION_ACCESSIBILITY_HINGLISH_LATN_3
PILOT_T2_TR_003813,,SFAM_TICKETING_AND_PASSES_007,FAM_TICKETING_AND_PASSES_007,PARA_TICKETING_AND_PASSES_6_3,T2_MEDIUM_V1,ticketing_rules,GET_TICKETING_POLICY,Transit query: How can regular passengers apply for and renew Monthly Season Pass (F7)? #5,hi-en,Latn,CS3,N1,"{""ticket_type"": ""monthly_pass"", ""transport_mode"": ""transit""}",{},ANSWERABLE_NOW,template_instantiation,TMPL_TICKETING_AND_PASSES_HINGLISH_LATN_6
PILOT_T2_TR_003814,,SFAM_POINT_TO_POINT_ROUTE_003,FAM_POINT_TO_POINT_ROUTE_003,PARA_POINT_TO_POINT_ROUTE_2_2,T2_MEDIUM_V1,route_query,PLAN_ROUTE,guindy se anna nagar tower metro se travel kaise kare? [tarika F3],hi,Latn,CS0,N1,"{""origin"": ""guindy"", ""destination"": ""anna nagar tower"", ""transport_mode"": ""metro""}","{""origin_id"": ""METRO_GUINDY"", ""destination_id"": ""METRO_ANNA_NAGAR_TOWER""}",ANSWERABLE_WITH_PROVISIONAL_DATA,template_instantiation,TMPL_POINT_TO_POINT_ROUTE_HI_LATN_2
PILOT_T2_TR_003815,,SFAM_MULTIMODAL_ROUTE_015,FAM_MULTIMODAL_ROUTE_015,PARA_MULTIMODAL_ROUTE_14_1,T2_MEDIUM_V1,route_query,PLAN_MULTIMODAL_ROUTE,Could you specify बस स्टैंड से चेन्नई सेंट्रल बस और मेट्रो मिलाकर सबसे तेज़ मार्ग कौन सा है? (योजना F15)? #3,hi,Deva,CS0,N0,"{""origin"": ""बस स्टैंड"", ""destination"": ""चेन्नई सेंट्रल"", ""transport_mode"": ""बस और मेट्रो""}","{""origin_id"": ""BUS_5300484122"", ""destination_id"": ""METRO_PURATCHI_THALAIVAR_DR__M_G_RAMACHANDRAN_CENTRAL""}",ANSWERABLE_WITH_PROVISIONAL_DATA,template_instantiation,TMPL_MULTIMODAL_ROUTE_HI_DEVA_14
PILOT_T2_TR_003816,,SFAM_INTERCHANGE_TRANSFER_016,FAM_INTERCHANGE_TRANSFER_016,PARA_INTERCHANGE_TRANSFER_15_2,T2_MEDIUM_V1,interchange_query,GET_INTERCHANGE_DETAILS,Please tell: saidapet hub par metro line change karke guindy kaise jaye? [platform F16] #2,hi,Latn,CS0,N1,"{""station"": ""saidapet"", ""destination"": ""guindy"", ""facility_type"": ""interchange""}","{""station_id"": ""METRO_SAIDAPET"", ""destination_id"": ""METRO_GUINDY""}",ANSWERABLE_AFTER_MANUAL_VERIFICATION,template_instantiation,TMPL_INTERCHANGE_TRANSFER_HI_LATN_15
PILOT_T2_TR_003817,,SFAM_OUT_OF_SCOPE_011,FAM_OUT_OF_SCOPE_011,PARA_OUT_OF_SCOPE_10_2,T2_MEDIUM_V1,out_of_scope,REJECT_OUT_OF_SCOPE,Could you specify egmore airport terminal ke flight delay timings check kijiye. [bahar F11]? #3,hi,Latn,CS0,N0,"{""station"": ""egmore""}","{""station_id"": ""METRO_EGMORE""}",OUT_OF_SCOPE,template_instantiation,TMPL_OUT_OF_SCOPE_HI_LATN_10
PILOT_T2_TR_003818,,SFAM_REALTIME_STATUS_QUERY_020,FAM_REALTIME_STATUS_QUERY_020,PARA_REALTIME_STATUS_QUERY_19_0,T2_MEDIUM_V1,realtime_status_query,REJECT_UNSUPPORTED_REALTIME,Where is bus 23C right now and what is its live location? [live F20],en,Latn,CS0,N0,"{""route_number"": ""23C"", ""transport_mode"": ""bus""}","{""route_id"": ""GTFS_ROUTE_10214""}",REQUIRES_REALTIME_DATA,template_instantiation,TMPL_REALTIME_STATUS_QUERY_EN_19
PILOT_T2_TR_003819,,SFAM_TICKETING_AND_PASSES_007,FAM_TICKETING_AND_PASSES_007,PARA_TICKETING_AND_PASSES_6_2,T2_MEDIUM_V1,ticketing_rules,GET_TICKETING_POLICY,Quick check: monthly pass recharge karne ka guidelines aur validity rule bataye. [card F7] #4,hi,Latn,CS0,N0,"{""ticket_type"": ""monthly_pass"", ""transport_mode"": ""transit""}",{},ANSWERABLE_NOW,template_instantiation,TMPL_TICKETING_AND_PASSES_HI_LATN_6
PILOT_T2_TR_003820,,SFAM_MODE_AVAILABILITY_008,FAM_MODE_AVAILABILITY_008,PARA_MODE_AVAILABILITY_7_0,T2_MEDIUM_V1,service_availability,CHECK_SERVICE_AVAILABILITY,Transit query: Are there direct public transport options from High Court to Mylapore? [avail F8] #5,en,Latn,CS0,N0,"{""origin"": ""High Court"", ""destination"": ""Mylapore"", ""transport_mode"": ""any""}","{""origin_id"": ""METRO_HIGHCOURT"", ""destination_id"": ""BUS_410614381""}",ANSWERABLE_WITH_PROVISIONAL_DATA,template_instantiation,TMPL_MODE_AVAILABILITY_EN_7
PILOT_T2_TR_003821,,SFAM_STATION_ACCESSIBILITY_009,FAM_STATION_ACCESSIBILITY_009,PARA_STATION_ACCESSIBILITY_8_3,T2_MEDIUM_V1,accessibility,GET_ACCESSIBILITY_INFO,Verification of accessible wheelchair ramp support at Thirumangalam metro (F9),hi-en,Latn,CS3,N0,"{""station"": ""Thirumangalam"", ""accessibility_feature"": ""wheelchair"", ""transport_mode"": ""metro""}","{""station_id"": ""METRO_THIRUMANGALAM""}",ANSWERABLE_NOW,template_instantiation,TMPL_STATION_ACCESSIBILITY_HINGLISH_LATN_8
PILOT_T2_TR_003822,,SFAM_OUT_OF_SCOPE_009,FAM_OUT_OF_SCOPE_009,PARA_OUT_OF_SCOPE_8_3,T2_MEDIUM_V1,out_of_scope,REJECT_OUT_OF_SCOPE,Could you specify What is the general weather rain forecast in Chennai near Karpaga Institute today (F9)?? #3,hi-en,Latn,CS3,N0,"{""landmark"": ""Karpaga Institute""}","{""place_id"": ""OSM_POI_3082849503""}",OUT_OF_SCOPE,template_instantiation,TMPL_OUT_OF_SCOPE_HINGLISH_LATN_8
PILOT_T2_TR_003823,,SFAM_ROUTE_STOP_MEMBERSHIP_001,FAM_ROUTE_STOP_MEMBERSHIP_001,PARA_ROUTE_STOP_MEMBERSHIP_0_2,T2_MEDIUM_V1,route_stops,CHECK_STOP_ON_ROUTE,kya bus 21G ka tambaram par stoppage hai confirm kare? [check F1],hi,Latn,CS0,N0,"{""route_number"": ""21G"", ""stop"": ""tambaram"", ""transport_mode"": ""bus""}","{""route_id"": ""GTFS_ROUTE_8458"", ""stop_id"": ""BUS_5304399879""}",ANSWERABLE_WITH_PROVISIONAL_DATA,template_instantiation,TMPL_ROUTE_STOP_MEMBERSHIP_HI_LATN_0
PILOT_T2_TR_003824,,SFAM_FARE_CALCULATION_009,FAM_FARE_CALCULATION_009,PARA_FARE_CALCULATION_8_3,T2_MEDIUM_V1,fare_query,CALCULATE_FARE,Calculate fare for travel between Thirumangalam and Saidapet stations (F9),hi-en,Latn,CS3,N0,"{""origin"": ""Thirumangalam"", ""destination"": ""Saidapet"", ""transport_mode"": ""metro""}","{""origin_id"": ""METRO_THIRUMANGALAM"", ""destination_id"": ""METRO_SAIDAPET""}",ANSWERABLE_NOW,template_instantiation,TMPL_FARE_CALCULATION_HINGLISH_LATN_8
PILOT_T2_TR_003825,,SFAM_MODE_AVAILABILITY_002,FAM_MODE_AVAILABILITY_002,PARA_MODE_AVAILABILITY_1_0,T2_MEDIUM_V1,service_availability,CHECK_SERVICE_AVAILABILITY,Are there direct public transport options from Chennai Central to Broadway? [avail F2],en,Latn,CS0,N0,"{""origin"": ""Chennai Central"", ""destination"": ""Broadway"", ""transport_mode"": ""any""}","{""origin_id"": ""METRO_PURATCHI_THALAIVAR_DR__M_G_RAMACHANDRAN_CENTRAL"", ""destination_id"": ""BUS_27618346""}",ANSWERABLE_WITH_PROVISIONAL_DATA,template_instantiation,TMPL_MODE_AVAILABILITY_EN_1
PILOT_T2_TR_003826,,SFAM_SCHEDULED_DEPARTURE_004,FAM_SCHEDULED_DEPARTURE_004,PARA_SCHEDULED_DEPARTURE_3_2,T2_MEDIUM_V1,service_timing,GET_SCHEDULED_DEPARTURES,alandur se sham 7 baje departure timing schedule bataye. [timetable F4],hi,Latn,CS0,N0,"{""origin"": ""alandur"", ""time"": ""sham 7 baje"", ""resolved_time"": ""19:00:00""}","{""origin_id"": ""METRO_ARIGNAR_ANNA_ALANDUR""}",ANSWERABLE_NOW,template_instantiation,TMPL_SCHEDULED_DEPARTURE_HI_LATN_3
PILOT_T2_TR_003827,,SFAM_MODE_AVAILABILITY_011,FAM_MODE_AVAILABILITY_011,PARA_MODE_AVAILABILITY_10_2,T2_MEDIUM_V1,service_availability,CHECK_SERVICE_AVAILABILITY,egmore se kalpakkam tak direct transit options available hain kya? [suvidha F11],hi,Latn,CS0,N0,"{""origin"": ""egmore"", ""destination"": ""kalpakkam"", ""transport_mode"": ""any""}","{""origin_id"": ""METRO_EGMORE"", ""destination_id"": ""BUS_30143150""}",ANSWERABLE_WITH_PROVISIONAL_DATA,template_instantiation,TMPL_MODE_AVAILABILITY_HI_LATN_10
PILOT_T2_TR_003828,,SFAM_INTERCHANGE_TRANSFER_010,FAM_INTERCHANGE_TRANSFER_010,PARA_INTERCHANGE_TRANSFER_9_2,T2_MEDIUM_V1,interchange_query,GET_INTERCHANGE_DETAILS,anna nagar tower hub par metro line change karke st thomas mount kaise jaye? [platform F10],hi,Latn,CS0,N0,"{""station"": ""anna nagar tower"", ""destination"": ""st thomas mount"", ""facility_type"": ""interchange""}","{""station_id"": ""METRO_ANNA_NAGAR_TOWER"", ""destination_id"": ""METRO_ST__THOMAS_MOUNT""}",ANSWERABLE_AFTER_MANUAL_VERIFICATION,template_instantiation,TMPL_INTERCHANGE_TRANSFER_HI_LATN_9
PILOT_T2_TR_003829,,SFAM_STATION_ACCESSIBILITY_014,FAM_STATION_ACCESSIBILITY_014,PARA_STATION_ACCESSIBILITY_13_3,T2_MEDIUM_V1,accessibility,GET_ACCESSIBILITY_INFO,Could you specify Verification of accessible passenger elevator lift support at Washermenpet metro (F14)? #3,hi-en,Latn,CS3,N0,"{""station"": ""Washermenpet"", ""accessibility_feature"": ""lift"", ""transport_mode"": ""metro""}","{""station_id"": ""METRO_WASHERMENPET""}",ANSWERABLE_NOW,template_instantiation,TMPL_STATION_ACCESSIBILITY_HINGLISH_LATN_13
PILOT_T2_TR_003830,,SFAM_SERVICE_FREQUENCY_002,FAM_SERVICE_FREQUENCY_002,PARA_SERVICE_FREQUENCY_1_4,T2_MEDIUM_V1,service_timing,GET_SERVICE_FREQUENCY,Chennai Central से Thirumangalam trains kitni frequency se run karti hain interval F2,hi-en,Deva+Latn,CS4,N0,"{""origin"": ""Chennai Central"", ""destination"": ""Thirumangalam"", ""timing_type"": ""frequency"", ""transport_mode"": ""metro""}","{""origin_id"": ""METRO_PURATCHI_THALAIVAR_DR__M_G_RAMACHANDRAN_CENTRAL"", ""destination_id"": ""METRO_THIRUMANGALAM""}",ANSWERABLE_NOW,template_instantiation,TMPL_SERVICE_FREQUENCY_MIXED_SCRIPT_CS_1
PILOT_T2_TR_003831,,SFAM_MODE_AVAILABILITY_001,FAM_MODE_AVAILABILITY_001,PARA_MODE_AVAILABILITY_0_1,T2_MEDIUM_V1,service_availability,CHECK_SERVICE_AVAILABILITY,Could you specify क्या एयरपोर्ट से तांबरम के लिए कोई सार्वजनिक बस या ट्रेन उपलब्ध है? (उपलब्धता F1)? #3,hi,Deva,CS0,N0,"{""origin"": ""एयरपोर्ट"", ""destination"": ""तांबरम"", ""transport_mode"": ""सार्वजनिक बस या ट्रेन""}","{""origin_id"": ""METRO_CHENNAI_INTERNATIONAL_AIRPORT"", ""destination_id"": ""BUS_5304399879""}",ANSWERABLE_WITH_PROVISIONAL_DATA,template_instantiation,TMPL_MODE_AVAILABILITY_HI_DEVA_0
PILOT_T2_TR_003832,,SFAM_REALTIME_STATUS_QUERY_019,FAM_REALTIME_STATUS_QUERY_019,PARA_REALTIME_STATUS_QUERY_18_3,T2_MEDIUM_V1,realtime_status_query,REJECT_UNSUPPORTED_REALTIME,Transit query: Live crowd density and train arrival countdown at Kilpauk right now (F19) #5,hi-en,Latn,CS3,N0,"{""station"": ""Kilpauk"", ""transport_mode"": ""metro""}","{""station_id"": ""METRO_KILPAUK""}",REQUIRES_REALTIME_DATA,template_instantiation,TMPL_REALTIME_STATUS_QUERY_HINGLISH_LATN_18
PILOT_T2_TR_003833,,SFAM_MODE_AVAILABILITY_011,FAM_MODE_AVAILABILITY_011,PARA_MODE_AVAILABILITY_10_3,T2_MEDIUM_V1,service_availability,CHECK_SERVICE_AVAILABILITY,"Excuse me, Is public transit operational connecting Egmore and Kalpakkam (F11)? #6",hi-en,Latn,CS3,N2,"{""origin"": ""Egmore"", ""destination"": ""Kalpakkam"", ""transport_mode"": ""public transit""}","{""origin_id"": ""METRO_EGMORE"", ""destination_id"": ""BUS_30143150""}",ANSWERABLE_WITH_PROVISIONAL_DATA,template_instantiation,TMPL_MODE_AVAILABILITY_HINGLISH_LATN_10
PILOT_T2_TR_003834,,SFAM_STATION_FACILITIES_001,FAM_STATION_FACILITIES_001,PARA_STATION_FACILITIES_0_3,T2_MEDIUM_V1,station_facilities,GET_STATION_FACILITY,Transit query: Does Airport station premises include operational car parking (F1)? #5,hi-en,Latn,CS3,N0,"{""station"": ""Airport"", ""facility_type"": ""parking"", ""transport_mode"": ""metro""}","{""station_id"": ""METRO_CHENNAI_INTERNATIONAL_AIRPORT""}",ANSWERABLE_NOW,template_instantiation,TMPL_STATION_FACILITIES_HINGLISH_LATN_0
PILOT_T2_TR_003835,,SFAM_STATION_FACILITIES_014,FAM_STATION_FACILITIES_014,PARA_STATION_FACILITIES_13_2,T2_MEDIUM_V1,station_facilities,GET_STATION_FACILITY,Please tell: kya washermenpet station par passenger bike parking service available hai? [amenity F14] #2,hi,Latn,CS0,N1,"{""station"": ""washermenpet"", ""facility_type"": ""two_wheeler_parking"", ""transport_mode"": ""metro""}","{""station_id"": ""METRO_WASHERMENPET""}",ANSWERABLE_NOW,template_instantiation,TMPL_STATION_FACILITIES_HI_LATN_13
PILOT_T2_TR_003836,,SFAM_STATION_FACILITIES_017,FAM_STATION_FACILITIES_017,PARA_STATION_FACILITIES_16_3,T2_MEDIUM_V1,station_facilities,GET_STATION_FACILITY,Could you specify Does St. Thomas Mount station premises include operational car parking (F17)?? #3,hi-en,Latn,CS3,N0,"{""station"": ""St. Thomas Mount"", ""facility_type"": ""parking"", ""transport_mode"": ""metro""}","{""station_id"": ""METRO_ST__THOMAS_MOUNT""}",ANSWERABLE_NOW,template_instantiation,TMPL_STATION_FACILITIES_HINGLISH_LATN_16
PILOT_T2_TR_003837,,SFAM_STATION_ACCESSIBILITY_011,FAM_STATION_ACCESSIBILITY_011,PARA_STATION_ACCESSIBILITY_10_2,T2_MEDIUM_V1,accessibility,GET_ACCESSIBILITY_INFO,Quick check: kya egmore metro station me wheelchair disabled ke liye tactile paths for blind hai? [barrier-free F11] #4,hi,Latn,CS0,N0,"{""station"": ""egmore"", ""accessibility_feature"": ""tactile_path"", ""transport_mode"": ""metro""}","{""station_id"": ""METRO_EGMORE""}",ANSWERABLE_NOW,template_instantiation,TMPL_STATION_ACCESSIBILITY_HI_LATN_10
PILOT_T2_TR_003838,,SFAM_FARE_CALCULATION_014,FAM_FARE_CALCULATION_014,PARA_FARE_CALCULATION_13_2,T2_MEDIUM_V1,fare_query,CALCULATE_FARE,Quick check: washermenpet se airport metro ride ka standard ticket cost kitna hoga? [kiraya F14] #4,hi,Latn,CS0,N0,"{""origin"": ""washermenpet"", ""destination"": ""airport"", ""transport_mode"": ""metro""}","{""origin_id"": ""METRO_WASHERMENPET"", ""destination_id"": ""METRO_CHENNAI_INTERNATIONAL_AIRPORT""}",ANSWERABLE_NOW,template_instantiation,TMPL_FARE_CALCULATION_HI_LATN_13
PILOT_T2_TR_003839,,SFAM_MULTIMODAL_ROUTE_019,FAM_MULTIMODAL_ROUTE_019,PARA_MULTIMODAL_ROUTE_18_3,T2_MEDIUM_V1,route_query,PLAN_MULTIMODAL_ROUTE,Can you give combined bus and train route from Adyar to Koyambedu (F19)?,hi-en,Latn,CS3,N0,"{""origin"": ""Adyar"", ""destination"": ""Koyambedu"", ""transport_mode"": ""bus and train""}","{""origin_id"": ""BUS_2587520213"", ""destination_id"": ""METRO_KOYAMBEDU""}",ANSWERABLE_WITH_PROVISIONAL_DATA,template_instantiation,TMPL_MULTIMODAL_ROUTE_HINGLISH_LATN_18
PILOT_T2_TR_003840,,SFAM_STATION_ACCESSIBILITY_004,FAM_STATION_ACCESSIBILITY_004,PARA_STATION_ACCESSIBILITY_3_2,T2_MEDIUM_V1,accessibility,GET_ACCESSIBILITY_INFO,Please tell: kya alandur metro station me wheelchair disabled ke liye escalator hai? [barrier-free F4] #2,hi,Latn,CS0,N0,"{""station"": ""alandur"", ""accessibility_feature"": ""escalator"", ""transport_mode"": ""metro""}","{""station_id"": ""METRO_ARIGNAR_ANNA_ALANDUR""}",ANSWERABLE_NOW,template_instantiation,TMPL_STATION_ACCESSIBILITY_HI_LATN_3
PILOT_T2_TR_003841,,SFAM_POINT_TO_POINT_ROUTE_018,FAM_POINT_TO_POINT_ROUTE_018,PARA_POINT_TO_POINT_ROUTE_17_2,T2_MEDIUM_V1,route_query,PLAN_ROUTE,nehru park se cmbt metro se travel kaise kare? [tarika F18],hi,Latn,CS0,N1,"{""origin"": ""nehru park"", ""destination"": ""cmbt"", ""transport_mode"": ""metro""}","{""origin_id"": ""METRO_NEHRU_PARK"", ""destination_id"": ""METRO_PURATCHI_THALAIVI_DR_J_JAYALALITHAA_CMBT""}",ANSWERABLE_WITH_PROVISIONAL_DATA,template_instantiation,TMPL_POINT_TO_POINT_ROUTE_HI_LATN_17
PILOT_T2_TR_003842,,SFAM_STATION_FACILITIES_019,FAM_STATION_FACILITIES_019,PARA_STATION_FACILITIES_18_3,T2_MEDIUM_V1,station_facilities,GET_STATION_FACILITY,Please tell: Does Kilpauk station premises include operational EV vehicle charging (F19)? #2,hi-en,Latn,CS3,N0,"{""station"": ""Kilpauk"", ""facility_type"": ""ev_charging"", ""transport_mode"": ""metro""}","{""station_id"": ""METRO_KILPAUK""}",ANSWERABLE_NOW,template_instantiation,TMPL_STATION_FACILITIES_HINGLISH_LATN_18
PILOT_T2_TR_003843,,SFAM_STATION_FACILITIES_016,FAM_STATION_FACILITIES_016,PARA_STATION_FACILITIES_15_4,T2_MEDIUM_V1,station_facilities,GET_STATION_FACILITY,क्या Saidapet station par passengers ke liye bicycle parking stand accessible hai F16,hi-en,Deva+Latn,CS4,N2,"{""station"": ""Saidapet"", ""facility_type"": ""bicycle_stand"", ""transport_mode"": ""metro""}","{""station_id"": ""METRO_SAIDAPET""}",ANSWERABLE_NOW,template_instantiation,TMPL_STATION_FACILITIES_MIXED_SCRIPT_CS_15
PILOT_T2_TR_003844,,SFAM_SCHEDULED_DEPARTURE_011,FAM_SCHEDULED_DEPARTURE_011,PARA_SCHEDULED_DEPARTURE_10_0,T2_MEDIUM_V1,service_timing,GET_SCHEDULED_DEPARTURES,Please tell: Show metro departure timetable at bare 8 o'clock from Egmore [sched F11] #2,en,Latn,CS0,N0,"{""origin"": ""Egmore"", ""time"": ""8 o'clock"", ""temporal_ambiguity"": true, ""dual_candidates"": [""08:00:00"", ""20:00:00""]}","{""origin_id"": ""METRO_EGMORE""}",ANSWERABLE_NOW,template_instantiation,TMPL_SCHEDULED_DEPARTURE_EN_10
PILOT_T2_TR_003845,,SFAM_STATION_FACILITIES_015,FAM_STATION_FACILITIES_015,PARA_STATION_FACILITIES_14_1,T2_MEDIUM_V1,station_facilities,GET_STATION_FACILITY,Please tell: क्या लिटिल माउंट मेट्रो स्टेशन पर ईवी चार्जिंग की व्यवस्था उपलब्ध है? (सुविधा F15) #2,hi,Deva,CS0,N0,"{""station"": ""लिटिल माउंट"", ""facility_type"": ""ev_charging"", ""transport_mode"": ""मेट्रो""}","{""station_id"": ""METRO_LITTLE_MOUNT""}",ANSWERABLE_NOW,template_instantiation,TMPL_STATION_FACILITIES_HI_DEVA_14
PILOT_T2_TR_003846,,SFAM_REALTIME_STATUS_QUERY_011,FAM_REALTIME_STATUS_QUERY_011,PARA_REALTIME_STATUS_QUERY_10_0,T2_MEDIUM_V1,realtime_status_query,REJECT_UNSUPPORTED_REALTIME,Could you specify Where is bus 11 R right now and what is its live location? [live F11]? #3,en,Latn,CS0,N0,"{""route_number"": ""11 R"", ""transport_mode"": ""bus""}","{""route_id"": ""GTFS_ROUTE_23728""}",REQUIRES_REALTIME_DATA,template_instantiation,TMPL_REALTIME_STATUS_QUERY_EN_10
PILOT_T2_TR_003847,,SFAM_ROUTE_STOP_SEQUENCE_016,FAM_ROUTE_STOP_SEQUENCE_016,PARA_ROUTE_STOP_SEQUENCE_15_3,T2_MEDIUM_V1,route_stops,LIST_ROUTE_STOPS,Could you specify Full stop order details for bus number 21G please provide (F16)? #3,hi-en,Latn,CS3,N2,"{""route_number"": ""21G"", ""transport_mode"": ""bus""}","{""route_id"": ""GTFS_ROUTE_8458""}",ANSWERABLE_WITH_PROVISIONAL_DATA,template_instantiation,TMPL_ROUTE_STOP_SEQUENCE_HINGLISH_LATN_15
PILOT_T2_TR_003848,,SFAM_FARE_CALCULATION_011,FAM_FARE_CALCULATION_011,PARA_FARE_CALCULATION_10_4,T2_MEDIUM_V1,fare_query,CALCULATE_FARE,Please tell: Egmore से Nehru Park metro travel ka discounted smart card fare kya hai F11 #2,hi-en,Deva+Latn,CS4,N0,"{""origin"": ""Egmore"", ""destination"": ""Nehru Park"", ""ticket_type"": ""smart_card"", ""transport_mode"": ""metro""}","{""origin_id"": ""METRO_EGMORE"", ""destination_id"": ""METRO_NEHRU_PARK""}",ANSWERABLE_NOW,template_instantiation,TMPL_FARE_CALCULATION_MIXED_SCRIPT_CS_10
PILOT_T2_TR_003849,,SFAM_SCHEDULED_DEPARTURE_002,FAM_SCHEDULED_DEPARTURE_002,PARA_SCHEDULED_DEPARTURE_1_4,T2_MEDIUM_V1,service_timing,GET_SCHEDULED_DEPARTURES,Chennai Central से bare 8 baje departure timings schedule status F2,hi-en,Deva+Latn,CS4,N0,"{""origin"": ""Chennai Central"", ""time"": ""8 baje"", ""temporal_ambiguity"": true, ""dual_candidates"": [""08:00:00"", ""20:00:00""]}","{""origin_id"": ""METRO_PURATCHI_THALAIVAR_DR__M_G_RAMACHANDRAN_CENTRAL""}",ANSWERABLE_NOW,template_instantiation,TMPL_SCHEDULED_DEPARTURE_MIXED_SCRIPT_CS_1
PILOT_T2_TR_003850,,SFAM_REALTIME_STATUS_QUERY_001,FAM_REALTIME_STATUS_QUERY_001,PARA_REALTIME_STATUS_QUERY_0_3,T2_MEDIUM_V1,realtime_status_query,REJECT_UNSUPPORTED_REALTIME,Could you specify Live crowd density and train arrival countdown at Airport right now (F1)? #3,hi-en,Latn,CS3,N1,"{""station"": ""Airport"", ""transport_mode"": ""metro""}","{""station_id"": ""METRO_CHENNAI_INTERNATIONAL_AIRPORT""}",REQUIRES_REALTIME_DATA,template_instantiation,TMPL_REALTIME_STATUS_QUERY_HINGLISH_LATN_0
PILOT_T2_TR_003851,,SFAM_STATION_ACCESSIBILITY_016,FAM_STATION_ACCESSIBILITY_016,PARA_STATION_ACCESSIBILITY_15_3,T2_MEDIUM_V1,accessibility,GET_ACCESSIBILITY_INFO,Please tell: Verification of accessible escalator stairs support at Saidapet metro (F16) #2,hi-en,Latn,CS3,N0,"{""station"": ""Saidapet"", ""accessibility_feature"": ""escalator"", ""transport_mode"": ""metro""}","{""station_id"": ""METRO_SAIDAPET""}",ANSWERABLE_NOW,template_instantiation,TMPL_STATION_ACCESSIBILITY_HINGLISH_LATN_15
PILOT_T2_TR_003852,,SFAM_MULTIMODAL_ROUTE_013,FAM_MULTIMODAL_ROUTE_013,PARA_MULTIMODAL_ROUTE_12_3,T2_MEDIUM_V1,route_query,PLAN_MULTIMODAL_ROUTE,Could you specify Can you give combined bus and train route from Nelvoy to Pachaiyappa College (F13)?? #3,hi-en,Latn,CS3,N2,"{""origin"": ""Nelvoy"", ""destination"": ""Pachaiyappa College"", ""transport_mode"": ""bus and train""}","{""origin_id"": ""BUS_469106564"", ""destination_id"": ""METRO_PACHAIYAPPA_S_COLLEGE""}",ANSWERABLE_WITH_PROVISIONAL_DATA,template_instantiation,TMPL_MULTIMODAL_ROUTE_HINGLISH_LATN_12
PILOT_T2_TR_003853,,SFAM_STATION_FACILITIES_019,FAM_STATION_FACILITIES_019,PARA_STATION_FACILITIES_18_3,T2_MEDIUM_V1,station_facilities,GET_STATION_FACILITY,Quick check: Does Kilpauk station premises include operational EV vehicle charging (F19)? #4,hi-en,Latn,CS3,N0,"{""station"": ""Kilpauk"", ""facility_type"": ""ev_charging"", ""transport_mode"": ""metro""}","{""station_id"": ""METRO_KILPAUK""}",ANSWERABLE_NOW,template_instantiation,TMPL_STATION_FACILITIES_HINGLISH_LATN_18
PILOT_T2_TR_003854,,SFAM_MULTIMODAL_ROUTE_014,FAM_MULTIMODAL_ROUTE_014,PARA_MULTIMODAL_ROUTE_13_0,T2_MEDIUM_V1,route_query,PLAN_MULTIMODAL_ROUTE,What is the combined bus and metro route from Uttiramerur to Airport? [plan F14],en,Latn,CS0,N0,"{""origin"": ""Uttiramerur"", ""destination"": ""Airport"", ""transport_mode"": ""multimodal""}","{""origin_id"": ""BUS_4987577873"", ""destination_id"": ""METRO_CHENNAI_INTERNATIONAL_AIRPORT""}",ANSWERABLE_WITH_PROVISIONAL_DATA,template_instantiation,TMPL_MULTIMODAL_ROUTE_EN_13
PILOT_T2_TR_003855,,SFAM_FIRST_AND_LAST_SERVICE_009,FAM_FIRST_AND_LAST_SERVICE_009,PARA_FIRST_AND_LAST_SERVICE_8_3,T2_MEDIUM_V1,service_timing,GET_FIRST_LAST_SERVICE,First train and last train operational hours between Thirumangalam and Saidapet (F9),hi-en,Latn,CS3,N0,"{""origin"": ""Thirumangalam"", ""destination"": ""Saidapet"", ""timing_type"": ""first_last"", ""transport_mode"": ""train""}","{""origin_id"": ""METRO_THIRUMANGALAM"", ""destination_id"": ""METRO_SAIDAPET""}",ANSWERABLE_NOW,template_instantiation,TMPL_FIRST_AND_LAST_SERVICE_HINGLISH_LATN_8
PILOT_T2_TR_003856,,SFAM_NEAREST_TRANSPORT_020,FAM_NEAREST_TRANSPORT_020,PARA_NEAREST_TRANSPORT_19_0,T2_MEDIUM_V1,nearest_transport,FIND_NEAREST_STATION,Which is the nearest metro station or transit stop to Padalam Hospital? [loc F20],en,Latn,CS0,N0,"{""landmark"": ""Padalam Hospital"", ""transport_mode"": ""metro""}","{""place_id"": ""OSM_POI_7257518724""}",ANSWERABLE_NOW,template_instantiation,TMPL_NEAREST_TRANSPORT_EN_19
PILOT_T2_TR_003857,,SFAM_MULTIMODAL_ROUTE_019,FAM_MULTIMODAL_ROUTE_019,PARA_MULTIMODAL_ROUTE_18_0,T2_MEDIUM_V1,route_query,PLAN_MULTIMODAL_ROUTE,What is the combined bus and metro route from Adyar to Koyambedu? [plan F19],en,Latn,CS0,N0,"{""origin"": ""Adyar"", ""destination"": ""Koyambedu"", ""transport_mode"": ""multimodal""}","{""origin_id"": ""BUS_2587520213"", ""destination_id"": ""METRO_KOYAMBEDU""}",ANSWERABLE_WITH_PROVISIONAL_DATA,template_instantiation,TMPL_MULTIMODAL_ROUTE_EN_18
PILOT_T2_TR_003858,,SFAM_TICKETING_AND_PASSES_019,FAM_TICKETING_AND_PASSES_019,PARA_TICKETING_AND_PASSES_18_1,T2_MEDIUM_V1,ticketing_rules,GET_TICKETING_POLICY,Please tell: यात्रियों के लिए मासिक पास प्राप्त करने के नियम और प्रक्रिया क्या हैं? (पास F19) #2,hi,Deva,CS0,N0,"{""ticket_type"": ""monthly_pass"", ""transport_mode"": ""पारगमन""}",{},ANSWERABLE_NOW,template_instantiation,TMPL_TICKETING_AND_PASSES_HI_DEVA_18
PILOT_T2_TR_003859,,SFAM_MULTIMODAL_ROUTE_009,FAM_MULTIMODAL_ROUTE_009,PARA_MULTIMODAL_ROUTE_8_0,T2_MEDIUM_V1,route_query,PLAN_MULTIMODAL_ROUTE,What is the combined bus and metro route from Madurantakam to Saidapet? [plan F9],en,Latn,CS0,N0,"{""origin"": ""Madurantakam"", ""destination"": ""Saidapet"", ""transport_mode"": ""multimodal""}","{""origin_id"": ""BUS_5306412986"", ""destination_id"": ""METRO_SAIDAPET""}",ANSWERABLE_WITH_PROVISIONAL_DATA,template_instantiation,TMPL_MULTIMODAL_ROUTE_EN_8
PILOT_T2_TR_003860,,SFAM_ROUTE_STOP_MEMBERSHIP_011,FAM_ROUTE_STOP_MEMBERSHIP_011,PARA_ROUTE_STOP_MEMBERSHIP_10_3,T2_MEDIUM_V1,route_stops,CHECK_STOP_ON_ROUTE,Please tell: Verify if Kalpakkam bus stop is covered by route 11 R (F11) #2,hi-en,Latn,CS3,N0,"{""route_number"": ""11 R"", ""stop"": ""Kalpakkam"", ""transport_mode"": ""bus""}","{""route_id"": ""GTFS_ROUTE_23728"", ""stop_id"": ""BUS_30143150""}",ANSWERABLE_WITH_PROVISIONAL_DATA,template_instantiation,TMPL_ROUTE_STOP_MEMBERSHIP_HINGLISH_LATN_10
PILOT_T2_TR_003861,,SFAM_STATION_FACILITIES_005,FAM_STATION_FACILITIES_005,PARA_STATION_FACILITIES_4_0,T2_MEDIUM_V1,station_facilities,GET_STATION_FACILITY,Is car parking facility available at CMBT metro station? [fac F5],en,Latn,CS0,N0,"{""station"": ""CMBT"", ""facility_type"": ""parking"", ""transport_mode"": ""metro""}","{""station_id"": ""METRO_PURATCHI_THALAIVI_DR_J_JAYALALITHAA_CMBT""}",ANSWERABLE_NOW,template_instantiation,TMPL_STATION_FACILITIES_EN_4
PILOT_T2_TR_003862,,SFAM_NEAREST_TRANSPORT_020,FAM_NEAREST_TRANSPORT_020,PARA_NEAREST_TRANSPORT_19_0,T2_MEDIUM_V1,nearest_transport,FIND_NEAREST_STATION,"Excuse me, Which is the nearest metro station or transit stop to Padalam Hospital? [loc F20] #6",en,Latn,CS0,N0,"{""landmark"": ""Padalam Hospital"", ""transport_mode"": ""metro""}","{""place_id"": ""OSM_POI_7257518724""}",ANSWERABLE_NOW,template_instantiation,TMPL_NEAREST_TRANSPORT_EN_19
PILOT_T2_TR_003863,,SFAM_REALTIME_STATUS_QUERY_017,FAM_REALTIME_STATUS_QUERY_017,PARA_REALTIME_STATUS_QUERY_16_0,T2_MEDIUM_V1,realtime_status_query,REJECT_UNSUPPORTED_REALTIME,Could you specify Where is bus 102 right now and what is its live location? [live F17]? #3,en,Latn,CS0,N0,"{""route_number"": ""102"", ""transport_mode"": ""bus""}","{""route_id"": ""GTFS_ROUTE_16861""}",REQUIRES_REALTIME_DATA,template_instantiation,TMPL_REALTIME_STATUS_QUERY_EN_16
PILOT_T2_TR_003864,,SFAM_OUT_OF_SCOPE_014,FAM_OUT_OF_SCOPE_014,PARA_OUT_OF_SCOPE_13_2,T2_MEDIUM_V1,out_of_scope,REJECT_OUT_OF_SCOPE,Please tell: washermenpet airport terminal ke flight delay timings check kijiye. [bahar F14] #2,hi,Latn,CS0,N1,"{""station"": ""washermenpet""}","{""station_id"": ""METRO_WASHERMENPET""}",OUT_OF_SCOPE,template_instantiation,TMPL_OUT_OF_SCOPE_HI_LATN_13
PILOT_T2_TR_003865,,SFAM_TICKETING_AND_PASSES_011,FAM_TICKETING_AND_PASSES_011,PARA_TICKETING_AND_PASSES_10_3,T2_MEDIUM_V1,ticketing_rules,GET_TICKETING_POLICY,Transit query: How can regular passengers apply for and renew Student Concession Card (F11)? #5,hi-en,Latn,CS3,N1,"{""ticket_type"": ""student_pass"", ""transport_mode"": ""transit""}",{},ANSWERABLE_NOW,template_instantiation,TMPL_TICKETING_AND_PASSES_HINGLISH_LATN_10
PILOT_T2_TR_003866,,SFAM_STATION_FACILITIES_017,FAM_STATION_FACILITIES_017,PARA_STATION_FACILITIES_16_3,T2_MEDIUM_V1,station_facilities,GET_STATION_FACILITY,Transit query: Does St. Thomas Mount station premises include operational car parking (F17)? #5,hi-en,Latn,CS3,N0,"{""station"": ""St. Thomas Mount"", ""facility_type"": ""parking"", ""transport_mode"": ""metro""}","{""station_id"": ""METRO_ST__THOMAS_MOUNT""}",ANSWERABLE_NOW,template_instantiation,TMPL_STATION_FACILITIES_HINGLISH_LATN_16
PILOT_T2_TR_003867,,SFAM_MULTIMODAL_ROUTE_005,FAM_MULTIMODAL_ROUTE_005,PARA_MULTIMODAL_ROUTE_4_3,T2_MEDIUM_V1,route_query,PLAN_MULTIMODAL_ROUTE,Could you specify Can you give combined bus and train route from Besant Nagar to Thousand Lights (F5)?? #3,hi-en,Latn,CS3,N2,"{""origin"": ""Besant Nagar"", ""destination"": ""Thousand Lights"", ""transport_mode"": ""bus and train""}","{""origin_id"": ""BUS_417750654"", ""destination_id"": ""METRO_THOUSAND_LIGHTS""}",ANSWERABLE_WITH_PROVISIONAL_DATA,template_instantiation,TMPL_MULTIMODAL_ROUTE_HINGLISH_LATN_4
PILOT_T2_TR_003868,,SFAM_MULTIMODAL_ROUTE_009,FAM_MULTIMODAL_ROUTE_009,PARA_MULTIMODAL_ROUTE_8_0,T2_MEDIUM_V1,route_query,PLAN_MULTIMODAL_ROUTE,Could you specify What is the combined bus and metro route from Madurantakam to Saidapet? [plan F9]? #3,en,Latn,CS0,N0,"{""origin"": ""Madurantakam"", ""destination"": ""Saidapet"", ""transport_mode"": ""multimodal""}","{""origin_id"": ""BUS_5306412986"", ""destination_id"": ""METRO_SAIDAPET""}",ANSWERABLE_WITH_PROVISIONAL_DATA,template_instantiation,TMPL_MULTIMODAL_ROUTE_EN_8
PILOT_T2_TR_003869,,SFAM_MODE_AVAILABILITY_011,FAM_MODE_AVAILABILITY_011,PARA_MODE_AVAILABILITY_10_1,T2_MEDIUM_V1,service_availability,CHECK_SERVICE_AVAILABILITY,Transit query: क्या एग्मोर से कलपक्कम के लिए कोई सार्वजनिक बस या ट्रेन उपलब्ध है? (उपलब्धता F11) #5,hi,Deva,CS0,N2,"{""origin"": ""एग्मोर"", ""destination"": ""कलपक्कम"", ""transport_mode"": ""सार्वजनिक बस या ट्रेन""}","{""origin_id"": ""METRO_EGMORE"", ""destination_id"": ""BUS_30143150""}",ANSWERABLE_WITH_PROVISIONAL_DATA,template_instantiation,TMPL_MODE_AVAILABILITY_HI_DEVA_10
PILOT_T2_TR_003870,,SFAM_INTERCHANGE_TRANSFER_015,FAM_INTERCHANGE_TRANSFER_015,PARA_INTERCHANGE_TRANSFER_14_3,T2_MEDIUM_V1,interchange_query,GET_INTERCHANGE_DETAILS,"Excuse me, Transfer walking time and directions at Little Mount multimodal terminal (F15) #6",hi-en,Latn,CS3,N2,"{""station"": ""Little Mount"", ""facility_type"": ""interchange""}","{""station_id"": ""METRO_LITTLE_MOUNT""}",ANSWERABLE_AFTER_MANUAL_VERIFICATION,template_instantiation,TMPL_INTERCHANGE_TRANSFER_HINGLISH_LATN_14
PILOT_T2_TR_003871,,SFAM_MULTIMODAL_ROUTE_010,FAM_MULTIMODAL_ROUTE_010,PARA_MULTIMODAL_ROUTE_9_1,T2_MEDIUM_V1,route_query,PLAN_MULTIMODAL_ROUTE,Could you specify करुंगुझि से सेंट थॉमस माउंट बस और मेट्रो मिलाकर सबसे तेज़ मार्ग कौन सा है? (योजना F10)? #3,hi,Deva,CS0,N0,"{""origin"": ""करुंगुझि"", ""destination"": ""सेंट थॉमस माउंट"", ""transport_mode"": ""बस और मेट्रो""}","{""origin_id"": ""BUS_5274698920"", ""destination_id"": ""METRO_ST__THOMAS_MOUNT""}",ANSWERABLE_WITH_PROVISIONAL_DATA,template_instantiation,TMPL_MULTIMODAL_ROUTE_HI_DEVA_9
PILOT_T2_TR_003872,,SFAM_STATION_FACILITIES_007,FAM_STATION_FACILITIES_007,PARA_STATION_FACILITIES_6_3,T2_MEDIUM_V1,station_facilities,GET_STATION_FACILITY,Please tell: Does Vadapalani station premises include operational EV vehicle charging (F7)? #2,hi-en,Latn,CS3,N0,"{""station"": ""Vadapalani"", ""facility_type"": ""ev_charging"", ""transport_mode"": ""metro""}","{""station_id"": ""METRO_VADAPALANI""}",ANSWERABLE_NOW,template_instantiation,TMPL_STATION_FACILITIES_HINGLISH_LATN_6
PILOT_T2_TR_003873,,SFAM_INTERCHANGE_TRANSFER_013,FAM_INTERCHANGE_TRANSFER_013,PARA_INTERCHANGE_TRANSFER_12_3,T2_MEDIUM_V1,interchange_query,GET_INTERCHANGE_DETAILS,Quick check: Transfer walking time and directions at Wimco Nagar Depot multimodal terminal (F13) #4,hi-en,Latn,CS3,N0,"{""station"": ""Wimco Nagar Depot"", ""facility_type"": ""interchange""}","{""station_id"": ""METRO_WIMCO_NAGAR""}",ANSWERABLE_AFTER_MANUAL_VERIFICATION,template_instantiation,TMPL_INTERCHANGE_TRANSFER_HINGLISH_LATN_12
PILOT_T2_TR_003874,,SFAM_STATION_FACILITIES_016,FAM_STATION_FACILITIES_016,PARA_STATION_FACILITIES_15_4,T2_MEDIUM_V1,station_facilities,GET_STATION_FACILITY,Please tell: क्या Saidapet station par passengers ke liye bicycle parking stand accessible hai F16 #2,hi-en,Deva+Latn,CS4,N0,"{""station"": ""Saidapet"", ""facility_type"": ""bicycle_stand"", ""transport_mode"": ""metro""}","{""station_id"": ""METRO_SAIDAPET""}",ANSWERABLE_NOW,template_instantiation,TMPL_STATION_FACILITIES_MIXED_SCRIPT_CS_15
PILOT_T2_TR_003875,,SFAM_MULTIMODAL_ROUTE_009,FAM_MULTIMODAL_ROUTE_009,PARA_MULTIMODAL_ROUTE_8_2,T2_MEDIUM_V1,route_query,PLAN_MULTIMODAL_ROUTE,Please tell: madurantakam se saidapet bus aur metro switch karke shortest transit kya hai? [opt F9] #2,hi,Latn,CS0,N0,"{""origin"": ""madurantakam"", ""destination"": ""saidapet"", ""transport_mode"": ""bus aur metro""}","{""origin_id"": ""BUS_5306412986"", ""destination_id"": ""METRO_SAIDAPET""}",ANSWERABLE_WITH_PROVISIONAL_DATA,template_instantiation,TMPL_MULTIMODAL_ROUTE_HI_LATN_8
PILOT_T2_TR_003876,,SFAM_SERVICE_FREQUENCY_014,FAM_SERVICE_FREQUENCY_014,PARA_SERVICE_FREQUENCY_13_1,T2_MEDIUM_V1,service_timing,GET_SERVICE_FREQUENCY,Please tell: वॉशरमैनपेट और एयरपोर्ट के बीच मेट्रो हर कितने मिनट के अंतराल पर चलती है? (आवृत्ति F14) #2,hi,Deva,CS0,N0,"{""origin"": ""वॉशरमैनपेट"", ""destination"": ""एयरपोर्ट"", ""timing_type"": ""frequency"", ""transport_mode"": ""मेट्रो""}","{""origin_id"": ""METRO_WASHERMENPET"", ""destination_id"": ""METRO_CHENNAI_INTERNATIONAL_AIRPORT""}",ANSWERABLE_NOW,template_instantiation,TMPL_SERVICE_FREQUENCY_HI_DEVA_13
PILOT_T2_TR_003877,,SFAM_MODE_AVAILABILITY_007,FAM_MODE_AVAILABILITY_007,PARA_MODE_AVAILABILITY_6_3,T2_MEDIUM_V1,service_availability,CHECK_SERVICE_AVAILABILITY,Is public transit operational connecting Vadapalani and Thiruvanmiyur (F7)?,hi-en,Latn,CS3,N0,"{""origin"": ""Vadapalani"", ""destination"": ""Thiruvanmiyur"", ""transport_mode"": ""public transit""}","{""origin_id"": ""METRO_VADAPALANI"", ""destination_id"": ""BUS_3247310920""}",ANSWERABLE_WITH_PROVISIONAL_DATA,template_instantiation,TMPL_MODE_AVAILABILITY_HINGLISH_LATN_6
PILOT_T2_TR_003878,,SFAM_FIRST_AND_LAST_SERVICE_012,FAM_FIRST_AND_LAST_SERVICE_012,PARA_FIRST_AND_LAST_SERVICE_11_3,T2_MEDIUM_V1,service_timing,GET_FIRST_LAST_SERVICE,First train and last train operational hours between Thousand Lights and Kilpauk (F12),hi-en,Latn,CS3,N0,"{""origin"": ""Thousand Lights"", ""destination"": ""Kilpauk"", ""timing_type"": ""first_last"", ""transport_mode"": ""train""}","{""origin_id"": ""METRO_THOUSAND_LIGHTS"", ""destination_id"": ""METRO_KILPAUK""}",ANSWERABLE_NOW,template_instantiation,TMPL_FIRST_AND_LAST_SERVICE_HINGLISH_LATN_11
PILOT_T2_TR_003879,,SFAM_ROUTE_STOP_MEMBERSHIP_010,FAM_ROUTE_STOP_MEMBERSHIP_010,PARA_ROUTE_STOP_MEMBERSHIP_9_4,T2_MEDIUM_V1,route_stops,CHECK_STOP_ON_ROUTE,क्या route 12G bus Karunguzhi पर rukegi verification F10?,hi-en,Deva+Latn,CS4,N0,"{""route_number"": ""12G"", ""stop"": ""Karunguzhi"", ""transport_mode"": ""bus""}","{""route_id"": ""GTFS_ROUTE_18750"", ""stop_id"": ""BUS_5274698920""}",ANSWERABLE_WITH_PROVISIONAL_DATA,template_instantiation,TMPL_ROUTE_STOP_MEMBERSHIP_MIXED_SCRIPT_CS_9
PILOT_T2_TR_003880,,SFAM_TICKETING_AND_PASSES_015,FAM_TICKETING_AND_PASSES_015,PARA_TICKETING_AND_PASSES_14_2,T2_MEDIUM_V1,ticketing_rules,GET_TICKETING_POLICY,Please tell: qr ticket recharge karne ka guidelines aur validity rule bataye. [card F15] #2,hi,Latn,CS0,N1,"{""ticket_type"": ""qr_ticket"", ""transport_mode"": ""transit""}",{},ANSWERABLE_NOW,template_instantiation,TMPL_TICKETING_AND_PASSES_HI_LATN_14
PILOT_T2_TR_003881,,SFAM_INTERCHANGE_TRANSFER_010,FAM_INTERCHANGE_TRANSFER_010,PARA_INTERCHANGE_TRANSFER_9_3,T2_MEDIUM_V1,interchange_query,GET_INTERCHANGE_DETAILS,"Excuse me, Transfer walking time and directions at Anna Nagar Tower multimodal terminal (F10) #6",hi-en,Latn,CS3,N2,"{""station"": ""Anna Nagar Tower"", ""facility_type"": ""interchange""}","{""station_id"": ""METRO_ANNA_NAGAR_TOWER""}",ANSWERABLE_AFTER_MANUAL_VERIFICATION,template_instantiation,TMPL_INTERCHANGE_TRANSFER_HINGLISH_LATN_9
PILOT_T2_TR_003882,,SFAM_STATION_ACCESSIBILITY_013,FAM_STATION_ACCESSIBILITY_013,PARA_STATION_ACCESSIBILITY_12_1,T2_MEDIUM_V1,accessibility,GET_ACCESSIBILITY_INFO,Transit query: क्या विमको नगर स्टेशन पर दिव्यांग यात्रियों के लिए व्हीलचेयर रैंप उपलब्ध है? (सुलभता F13) #5,hi,Deva,CS0,N2,"{""station"": ""विमको नगर"", ""accessibility_feature"": ""wheelchair"", ""transport_mode"": ""मेट्रो""}","{""station_id"": ""METRO_WIMCO_NAGAR""}",ANSWERABLE_NOW,template_instantiation,TMPL_STATION_ACCESSIBILITY_HI_DEVA_12
PILOT_T2_TR_003883,,SFAM_OUT_OF_SCOPE_018,FAM_OUT_OF_SCOPE_018,PARA_OUT_OF_SCOPE_17_3,T2_MEDIUM_V1,out_of_scope,REJECT_OUT_OF_SCOPE,"Excuse me, What is the general weather rain forecast in Chennai near Madhuranthagam Hospital today (F18)? #6",hi-en,Latn,CS3,N1,"{""landmark"": ""Madhuranthagam Hospital""}","{""place_id"": ""OSM_POI_7257518777""}",OUT_OF_SCOPE,template_instantiation,TMPL_OUT_OF_SCOPE_HINGLISH_LATN_17
PILOT_T2_TR_003884,,SFAM_NEAREST_TRANSPORT_003,FAM_NEAREST_TRANSPORT_003,PARA_NEAREST_TRANSPORT_2_3,T2_MEDIUM_V1,nearest_transport,FIND_NEAREST_STATION,Transit query: Find closest public transport access point near Great Lakes Institute (F3) #5,hi-en,Latn,CS3,N0,"{""landmark"": ""Great Lakes Institute"", ""transport_mode"": ""public transport""}","{""place_id"": ""OSM_POI_577328882""}",ANSWERABLE_NOW,template_instantiation,TMPL_NEAREST_TRANSPORT_HINGLISH_LATN_2
PILOT_T2_TR_003885,,SFAM_INTERCHANGE_TRANSFER_012,FAM_INTERCHANGE_TRANSFER_012,PARA_INTERCHANGE_TRANSFER_11_4,T2_MEDIUM_V1,interchange_query,GET_INTERCHANGE_DETAILS,Thousand Lights interchange par line switch connection point details check F12,hi-en,Deva+Latn,CS4,N0,"{""station"": ""Thousand Lights"", ""facility_type"": ""interchange""}","{""station_id"": ""METRO_THOUSAND_LIGHTS""}",ANSWERABLE_AFTER_MANUAL_VERIFICATION,template_instantiation,TMPL_INTERCHANGE_TRANSFER_MIXED_SCRIPT_CS_11
PILOT_T2_TR_003886,,SFAM_INTERCHANGE_TRANSFER_007,FAM_INTERCHANGE_TRANSFER_007,PARA_INTERCHANGE_TRANSFER_6_1,T2_MEDIUM_V1,interchange_query,GET_INTERCHANGE_DETAILS,Please tell: वडपलनी इंटरचेंज पर दूसरी लाइन में ट्रांसफर करने का मार्ग क्या है? (बदलाव F7) #2,hi,Deva,CS0,N0,"{""station"": ""वडपलनी"", ""facility_type"": ""इंटरचेंज""}","{""station_id"": ""METRO_VADAPALANI""}",ANSWERABLE_AFTER_MANUAL_VERIFICATION,template_instantiation,TMPL_INTERCHANGE_TRANSFER_HI_DEVA_6
PILOT_T2_TR_003887,,SFAM_FARE_CALCULATION_015,FAM_FARE_CALCULATION_015,PARA_FARE_CALCULATION_14_1,T2_MEDIUM_V1,fare_query,CALCULATE_FARE,लिटिल माउंट से चेन्नई सेंट्रल तक का मेट्रो का टोकन किराया कितना रुपया है? (किराया F15),hi,Deva,CS0,N1,"{""origin"": ""लिटिल माउंट"", ""destination"": ""चेन्नई सेंट्रल"", ""fare_type"": ""टोकन"", ""transport_mode"": ""मेट्रो""}","{""origin_id"": ""METRO_LITTLE_MOUNT"", ""destination_id"": ""METRO_PURATCHI_THALAIVAR_DR__M_G_RAMACHANDRAN_CENTRAL""}",ANSWERABLE_NOW,template_instantiation,TMPL_FARE_CALCULATION_HI_DEVA_14
PILOT_T2_TR_003888,,SFAM_MODE_AVAILABILITY_004,FAM_MODE_AVAILABILITY_004,PARA_MODE_AVAILABILITY_3_4,T2_MEDIUM_V1,service_availability,CHECK_SERVICE_AVAILABILITY,क्या Alandur से Velachery transport line active hai mode info F4,hi-en,Deva+Latn,CS4,N0,"{""origin"": ""Alandur"", ""destination"": ""Velachery"", ""transport_mode"": ""transport""}","{""origin_id"": ""METRO_ARIGNAR_ANNA_ALANDUR"", ""destination_id"": ""BUS_1764308008""}",ANSWERABLE_WITH_PROVISIONAL_DATA,template_instantiation,TMPL_MODE_AVAILABILITY_MIXED_SCRIPT_CS_3
PILOT_T2_TR_003889,,SFAM_TICKETING_AND_PASSES_007,FAM_TICKETING_AND_PASSES_007,PARA_TICKETING_AND_PASSES_6_1,T2_MEDIUM_V1,ticketing_rules,GET_TICKETING_POLICY,यात्रियों के लिए मासिक पास प्राप्त करने के नियम और प्रक्रिया क्या हैं? (पास F7),hi,Deva,CS0,N1,"{""ticket_type"": ""monthly_pass"", ""transport_mode"": ""पारगमन""}",{},ANSWERABLE_NOW,template_instantiation,TMPL_TICKETING_AND_PASSES_HI_DEVA_6
PILOT_T2_TR_003890,,SFAM_NEAREST_TRANSPORT_004,FAM_NEAREST_TRANSPORT_004,PARA_NEAREST_TRANSPORT_3_0,T2_MEDIUM_V1,nearest_transport,FIND_NEAREST_STATION,Please tell: Which is the nearest metro station or transit stop to Maritime Institute? [loc F4] #2,en,Latn,CS0,N0,"{""landmark"": ""Maritime Institute"", ""transport_mode"": ""metro""}","{""place_id"": ""OSM_POI_314081186""}",ANSWERABLE_NOW,template_instantiation,TMPL_NEAREST_TRANSPORT_EN_3
PILOT_T2_TR_003891,,SFAM_NEAREST_TRANSPORT_003,FAM_NEAREST_TRANSPORT_003,PARA_NEAREST_TRANSPORT_2_4,T2_MEDIUM_V1,nearest_transport,FIND_NEAREST_STATION,Great Lakes Institute ke pass nearest metro stop connection distance bataye F3,hi-en,Deva+Latn,CS4,N0,"{""landmark"": ""Great Lakes Institute"", ""transport_mode"": ""metro""}","{""place_id"": ""OSM_POI_577328882""}",ANSWERABLE_NOW,template_instantiation,TMPL_NEAREST_TRANSPORT_MIXED_SCRIPT_CS_2
PILOT_T2_TR_003892,,SFAM_REALTIME_STATUS_QUERY_018,FAM_REALTIME_STATUS_QUERY_018,PARA_REALTIME_STATUS_QUERY_17_1,T2_MEDIUM_V1,realtime_status_query,REJECT_UNSUPPORTED_REALTIME,Quick check: क्या नेहरू पार्क से आने वाली ट्रेन अभी लेट चल रही है लाइव स्थिति बताएं? (ताज़ा F18) #4,hi,Deva,CS0,N0,"{""origin"": ""नेहरू पार्क"", ""transport_mode"": ""ट्रेन""}","{""origin_id"": ""METRO_NEHRU_PARK""}",REQUIRES_REALTIME_DATA,template_instantiation,TMPL_REALTIME_STATUS_QUERY_HI_DEVA_17
PILOT_T2_TR_003893,,SFAM_MODE_AVAILABILITY_001,FAM_MODE_AVAILABILITY_001,PARA_MODE_AVAILABILITY_0_4,T2_MEDIUM_V1,service_availability,CHECK_SERVICE_AVAILABILITY,Could you specify क्या Airport से Tambaram transport line active hai mode info F1? #3,hi-en,Deva+Latn,CS4,N1,"{""origin"": ""Airport"", ""destination"": ""Tambaram"", ""transport_mode"": ""transport""}","{""origin_id"": ""METRO_CHENNAI_INTERNATIONAL_AIRPORT"", ""destination_id"": ""BUS_5304399879""}",ANSWERABLE_WITH_PROVISIONAL_DATA,template_instantiation,TMPL_MODE_AVAILABILITY_MIXED_SCRIPT_CS_0
PILOT_T2_TR_003894,,SFAM_FARE_CALCULATION_008,FAM_FARE_CALCULATION_008,PARA_FARE_CALCULATION_7_3,T2_MEDIUM_V1,fare_query,CALCULATE_FARE,Quick check: Calculate fare for travel between High Court and Little Mount stations (F8) #4,hi-en,Latn,CS3,N0,"{""origin"": ""High Court"", ""destination"": ""Little Mount"", ""transport_mode"": ""metro""}","{""origin_id"": ""METRO_HIGHCOURT"", ""destination_id"": ""METRO_LITTLE_MOUNT""}",ANSWERABLE_NOW,template_instantiation,TMPL_FARE_CALCULATION_HINGLISH_LATN_7
PILOT_T2_TR_003895,,SFAM_POINT_TO_POINT_ROUTE_001,FAM_POINT_TO_POINT_ROUTE_001,PARA_POINT_TO_POINT_ROUTE_0_2,T2_MEDIUM_V1,route_query,PLAN_ROUTE,airport se high court metro se travel kaise kare? [tarika F1],hi,Latn,CS0,N0,"{""origin"": ""airport"", ""destination"": ""high court"", ""transport_mode"": ""metro""}","{""origin_id"": ""METRO_CHENNAI_INTERNATIONAL_AIRPORT"", ""destination_id"": ""METRO_HIGHCOURT""}",ANSWERABLE_WITH_PROVISIONAL_DATA,template_instantiation,TMPL_POINT_TO_POINT_ROUTE_HI_LATN_0
PILOT_T2_TR_003896,,SFAM_FARE_CALCULATION_005,FAM_FARE_CALCULATION_005,PARA_FARE_CALCULATION_4_4,T2_MEDIUM_V1,fare_query,CALCULATE_FARE,CMBT से Thousand Lights metro travel ka discounted smart card fare kya hai F5,hi-en,Deva+Latn,CS4,N0,"{""origin"": ""CMBT"", ""destination"": ""Thousand Lights"", ""ticket_type"": ""smart_card"", ""transport_mode"": ""metro""}","{""origin_id"": ""METRO_PURATCHI_THALAIVI_DR_J_JAYALALITHAA_CMBT"", ""destination_id"": ""METRO_THOUSAND_LIGHTS""}",ANSWERABLE_NOW,template_instantiation,TMPL_FARE_CALCULATION_MIXED_SCRIPT_CS_4
PILOT_T2_TR_003897,,SFAM_ROUTE_STOP_MEMBERSHIP_015,FAM_ROUTE_STOP_MEMBERSHIP_015,PARA_ROUTE_STOP_MEMBERSHIP_14_1,T2_MEDIUM_V1,route_stops,CHECK_STOP_ON_ROUTE,क्या बस Green Line बस स्टैंड स्टॉप पर रुकती है? (जांच F15),hi,Deva,CS0,N0,"{""route_number"": ""Green Line"", ""stop"": ""बस स्टैंड"", ""transport_mode"": ""बस""}","{""route_id"": ""CMRL_GREEN_CORRIDOR_2"", ""stop_id"": ""BUS_5300484122""}",ANSWERABLE_WITH_PROVISIONAL_DATA,template_instantiation,TMPL_ROUTE_STOP_MEMBERSHIP_HI_DEVA_14
PILOT_T2_TR_003898,,SFAM_MULTIMODAL_ROUTE_009,FAM_MULTIMODAL_ROUTE_009,PARA_MULTIMODAL_ROUTE_8_3,T2_MEDIUM_V1,route_query,PLAN_MULTIMODAL_ROUTE,Can you give combined bus and train route from Madurantakam to Saidapet (F9)?,hi-en,Latn,CS3,N0,"{""origin"": ""Madurantakam"", ""destination"": ""Saidapet"", ""transport_mode"": ""bus and train""}","{""origin_id"": ""BUS_5306412986"", ""destination_id"": ""METRO_SAIDAPET""}",ANSWERABLE_WITH_PROVISIONAL_DATA,template_instantiation,TMPL_MULTIMODAL_ROUTE_HINGLISH_LATN_8
PILOT_T2_TR_003899,,SFAM_REALTIME_STATUS_QUERY_013,FAM_REALTIME_STATUS_QUERY_013,PARA_REALTIME_STATUS_QUERY_12_0,T2_MEDIUM_V1,realtime_status_query,REJECT_UNSUPPORTED_REALTIME,Transit query: Where is bus 15 CT8 right now and what is its live location? [live F13] #5,en,Latn,CS0,N0,"{""route_number"": ""15 CT8"", ""transport_mode"": ""bus""}","{""route_id"": ""GTFS_ROUTE_20494""}",REQUIRES_REALTIME_DATA,template_instantiation,TMPL_REALTIME_STATUS_QUERY_EN_12
PILOT_T2_TR_003900,,SFAM_FARE_CALCULATION_011,FAM_FARE_CALCULATION_011,PARA_FARE_CALCULATION_10_2,T2_MEDIUM_V1,fare_query,CALCULATE_FARE,egmore se nehru park metro ride ka standard ticket cost kitna hoga? [kiraya F11],hi,Latn,CS0,N0,"{""origin"": ""egmore"", ""destination"": ""nehru park"", ""transport_mode"": ""metro""}","{""origin_id"": ""METRO_EGMORE"", ""destination_id"": ""METRO_NEHRU_PARK""}",ANSWERABLE_NOW,template_instantiation,TMPL_FARE_CALCULATION_HI_LATN_10
PILOT_T2_TR_003901,,SFAM_REALTIME_STATUS_QUERY_002,FAM_REALTIME_STATUS_QUERY_002,PARA_REALTIME_STATUS_QUERY_1_0,T2_MEDIUM_V1,realtime_status_query,REJECT_UNSUPPORTED_REALTIME,Quick check: Where is bus 102 right now and what is its live location? [live F2] #4,en,Latn,CS0,N0,"{""route_number"": ""102"", ""transport_mode"": ""bus""}","{""route_id"": ""GTFS_ROUTE_16861""}",REQUIRES_REALTIME_DATA,template_instantiation,TMPL_REALTIME_STATUS_QUERY_EN_1
PILOT_T2_TR_003902,,SFAM_SERVICE_FREQUENCY_009,FAM_SERVICE_FREQUENCY_009,PARA_SERVICE_FREQUENCY_8_1,T2_MEDIUM_V1,service_timing,GET_SERVICE_FREQUENCY,Please tell: तिरुमंगलम और साइदापेट के बीच मेट्रो हर कितने मिनट के अंतराल पर चलती है? (आवृत्ति F9) #2,hi,Deva,CS0,N0,"{""origin"": ""तिरुमंगलम"", ""destination"": ""साइदापेट"", ""timing_type"": ""frequency"", ""transport_mode"": ""मेट्रो""}","{""origin_id"": ""METRO_THIRUMANGALAM"", ""destination_id"": ""METRO_SAIDAPET""}",ANSWERABLE_NOW,template_instantiation,TMPL_SERVICE_FREQUENCY_HI_DEVA_8
PILOT_T2_TR_003903,,SFAM_TICKETING_AND_PASSES_012,FAM_TICKETING_AND_PASSES_012,PARA_TICKETING_AND_PASSES_11_2,T2_MEDIUM_V1,ticketing_rules,GET_TICKETING_POLICY,Quick check: ncmc card recharge karne ka guidelines aur validity rule bataye. [card F12] #4,hi,Latn,CS0,N0,"{""ticket_type"": ""ncmc_card"", ""transport_mode"": ""transit""}",{},ANSWERABLE_NOW,template_instantiation,TMPL_TICKETING_AND_PASSES_HI_LATN_11
PILOT_T2_TR_003904,,SFAM_TICKETING_AND_PASSES_015,FAM_TICKETING_AND_PASSES_015,PARA_TICKETING_AND_PASSES_14_1,T2_MEDIUM_V1,ticketing_rules,GET_TICKETING_POLICY,Quick check: यात्रियों के लिए क्यूआर टिकट प्राप्त करने के नियम और प्रक्रिया क्या हैं? (पास F15) #4,hi,Deva,CS0,N0,"{""ticket_type"": ""qr_ticket"", ""transport_mode"": ""पारगमन""}",{},ANSWERABLE_NOW,template_instantiation,TMPL_TICKETING_AND_PASSES_HI_DEVA_14
PILOT_T2_TR_003905,,SFAM_FARE_CALCULATION_012,FAM_FARE_CALCULATION_012,PARA_FARE_CALCULATION_11_1,T2_MEDIUM_V1,fare_query,CALCULATE_FARE,Transit query: थाउजेंड लाइट्स से किल्पौक तक का मेट्रो का टोकन किराया कितना रुपया है? (किराया F12) #5,hi,Deva,CS0,N2,"{""origin"": ""थाउजेंड लाइट्स"", ""destination"": ""किल्पौक"", ""fare_type"": ""टोकन"", ""transport_mode"": ""मेट्रो""}","{""origin_id"": ""METRO_THOUSAND_LIGHTS"", ""destination_id"": ""METRO_KILPAUK""}",ANSWERABLE_NOW,template_instantiation,TMPL_FARE_CALCULATION_HI_DEVA_11
PILOT_T2_TR_003906,,SFAM_ROUTE_STOP_MEMBERSHIP_015,FAM_ROUTE_STOP_MEMBERSHIP_015,PARA_ROUTE_STOP_MEMBERSHIP_14_3,T2_MEDIUM_V1,route_stops,CHECK_STOP_ON_ROUTE,Could you specify Verify if Bus stand bus stop is covered by route Green Line (F15)? #3,hi-en,Latn,CS3,N2,"{""route_number"": ""Green Line"", ""stop"": ""Bus stand"", ""transport_mode"": ""bus""}","{""route_id"": ""CMRL_GREEN_CORRIDOR_2"", ""stop_id"": ""BUS_5300484122""}",ANSWERABLE_WITH_PROVISIONAL_DATA,template_instantiation,TMPL_ROUTE_STOP_MEMBERSHIP_HINGLISH_LATN_14
PILOT_T2_TR_003907,,SFAM_SCHEDULED_DEPARTURE_003,FAM_SCHEDULED_DEPARTURE_003,PARA_SCHEDULED_DEPARTURE_2_2,T2_MEDIUM_V1,service_timing,GET_SCHEDULED_DEPARTURES,guindy se sham 7 baje departure timing schedule bataye. [timetable F3],hi,Latn,CS0,N0,"{""origin"": ""guindy"", ""time"": ""sham 7 baje"", ""resolved_time"": ""19:00:00""}","{""origin_id"": ""METRO_GUINDY""}",ANSWERABLE_NOW,template_instantiation,TMPL_SCHEDULED_DEPARTURE_HI_LATN_2
PILOT_T2_TR_003908,,SFAM_NEAREST_TRANSPORT_018,FAM_NEAREST_TRANSPORT_018,PARA_NEAREST_TRANSPORT_17_2,T2_MEDIUM_V1,nearest_transport,FIND_NEAREST_STATION,madhuranthagam hospital se closest walking distance metro transit point kaunsa hai? [paas F18],hi,Latn,CS0,N0,"{""landmark"": ""madhuranthagam hospital"", ""transport_mode"": ""metro""}","{""place_id"": ""OSM_POI_7257518777""}",ANSWERABLE_NOW,template_instantiation,TMPL_NEAREST_TRANSPORT_HI_LATN_17
PILOT_T2_TR_003909,,SFAM_INTERCHANGE_TRANSFER_016,FAM_INTERCHANGE_TRANSFER_016,PARA_INTERCHANGE_TRANSFER_15_3,T2_MEDIUM_V1,interchange_query,GET_INTERCHANGE_DETAILS,"Excuse me, Transfer walking time and directions at Saidapet multimodal terminal (F16) #6",hi-en,Latn,CS3,N1,"{""station"": ""Saidapet"", ""facility_type"": ""interchange""}","{""station_id"": ""METRO_SAIDAPET""}",ANSWERABLE_AFTER_MANUAL_VERIFICATION,template_instantiation,TMPL_INTERCHANGE_TRANSFER_HINGLISH_LATN_15
PILOT_T2_TR_003910,,SFAM_REALTIME_STATUS_QUERY_018,FAM_REALTIME_STATUS_QUERY_018,PARA_REALTIME_STATUS_QUERY_17_1,T2_MEDIUM_V1,realtime_status_query,REJECT_UNSUPPORTED_REALTIME,Could you specify क्या नेहरू पार्क से आने वाली ट्रेन अभी लेट चल रही है लाइव स्थिति बताएं? (ताज़ा F18)? #3,hi,Deva,CS0,N0,"{""origin"": ""नेहरू पार्क"", ""transport_mode"": ""ट्रेन""}","{""origin_id"": ""METRO_NEHRU_PARK""}",REQUIRES_REALTIME_DATA,template_instantiation,TMPL_REALTIME_STATUS_QUERY_HI_DEVA_17
PILOT_T2_TR_003911,,SFAM_ROUTE_STOP_SEQUENCE_003,FAM_ROUTE_STOP_SEQUENCE_003,PARA_ROUTE_STOP_SEQUENCE_2_0,T2_MEDIUM_V1,route_stops,LIST_ROUTE_STOPS,List every intermediate stop along route 102A in order. [seq F3],en,Latn,CS0,N0,"{""route_number"": ""102A"", ""transport_mode"": ""bus""}","{""route_id"": ""GTFS_ROUTE_10248""}",ANSWERABLE_WITH_PROVISIONAL_DATA,template_instantiation,TMPL_ROUTE_STOP_SEQUENCE_EN_2
PILOT_T2_TR_003912,,SFAM_POINT_TO_POINT_ROUTE_005,FAM_POINT_TO_POINT_ROUTE_005,PARA_POINT_TO_POINT_ROUTE_4_0,T2_MEDIUM_V1,route_query,PLAN_ROUTE,Could you specify How do I commute from CMBT to Thousand Lights by metro? [pattern F5]? #3,en,Latn,CS0,N0,"{""origin"": ""CMBT"", ""destination"": ""Thousand Lights"", ""transport_mode"": ""metro""}","{""origin_id"": ""METRO_PURATCHI_THALAIVI_DR_J_JAYALALITHAA_CMBT"", ""destination_id"": ""METRO_THOUSAND_LIGHTS""}",ANSWERABLE_WITH_PROVISIONAL_DATA,template_instantiation,TMPL_POINT_TO_POINT_ROUTE_EN_4
PILOT_T2_TR_003913,,SFAM_NEAREST_TRANSPORT_014,FAM_NEAREST_TRANSPORT_014,PARA_NEAREST_TRANSPORT_13_1,T2_MEDIUM_V1,nearest_transport,FIND_NEAREST_STATION,Please tell: मैरीटाइम संस्थान के सबसे निकटतम मेट्रो स्टेशन या बस स्टॉप कौन सा है? (निकट F14) #2,hi,Deva,CS0,N0,"{""landmark"": ""मैरीटाइम संस्थान"", ""transport_mode"": ""मेट्रो या बस""}","{""place_id"": ""OSM_POI_314081186""}",ANSWERABLE_NOW,template_instantiation,TMPL_NEAREST_TRANSPORT_HI_DEVA_13
PILOT_T2_TR_003914,,SFAM_STATION_FACILITIES_007,FAM_STATION_FACILITIES_007,PARA_STATION_FACILITIES_6_1,T2_MEDIUM_V1,station_facilities,GET_STATION_FACILITY,"Excuse me, क्या वडपलनी मेट्रो स्टेशन पर ईवी चार्जिंग की व्यवस्था उपलब्ध है? (सुविधा F7) #6",hi,Deva,CS0,N0,"{""station"": ""वडपलनी"", ""facility_type"": ""ev_charging"", ""transport_mode"": ""मेट्रो""}","{""station_id"": ""METRO_VADAPALANI""}",ANSWERABLE_NOW,template_instantiation,TMPL_STATION_FACILITIES_HI_DEVA_6
PILOT_T2_TR_003915,,SFAM_STATION_ACCESSIBILITY_010,FAM_STATION_ACCESSIBILITY_010,PARA_STATION_ACCESSIBILITY_9_3,T2_MEDIUM_V1,accessibility,GET_ACCESSIBILITY_INFO,Quick check: Verification of accessible passenger elevator lift support at Anna Nagar Tower metro (F10) #4,hi-en,Latn,CS3,N0,"{""station"": ""Anna Nagar Tower"", ""accessibility_feature"": ""lift"", ""transport_mode"": ""metro""}","{""station_id"": ""METRO_ANNA_NAGAR_TOWER""}",ANSWERABLE_NOW,template_instantiation,TMPL_STATION_ACCESSIBILITY_HINGLISH_LATN_9
PILOT_T2_TR_003916,,SFAM_MULTIMODAL_ROUTE_005,FAM_MULTIMODAL_ROUTE_005,PARA_MULTIMODAL_ROUTE_4_4,T2_MEDIUM_V1,route_query,PLAN_MULTIMODAL_ROUTE,Please tell: Besant Nagar से Thousand Lights multimodal transit connection kaise le plan F5 #2,hi-en,Deva+Latn,CS4,N0,"{""origin"": ""Besant Nagar"", ""destination"": ""Thousand Lights"", ""transport_mode"": ""multimodal""}","{""origin_id"": ""BUS_417750654"", ""destination_id"": ""METRO_THOUSAND_LIGHTS""}",ANSWERABLE_WITH_PROVISIONAL_DATA,template_instantiation,TMPL_MULTIMODAL_ROUTE_MIXED_SCRIPT_CS_4
PILOT_T2_TR_003917,,SFAM_ROUTE_STOP_SEQUENCE_004,FAM_ROUTE_STOP_SEQUENCE_004,PARA_ROUTE_STOP_SEQUENCE_3_2,T2_MEDIUM_V1,route_stops,LIST_ROUTE_STOPS,Route 570 bus ke sare consecutive stops ki list check kare. [line F4],hi,Latn,CS0,N1,"{""route_number"": ""570"", ""transport_mode"": ""bus""}","{""route_id"": ""GTFS_ROUTE_17967""}",ANSWERABLE_WITH_PROVISIONAL_DATA,template_instantiation,TMPL_ROUTE_STOP_SEQUENCE_HI_LATN_3
PILOT_T2_TR_003918,,SFAM_STATION_FACILITIES_010,FAM_STATION_FACILITIES_010,PARA_STATION_FACILITIES_9_0,T2_MEDIUM_V1,station_facilities,GET_STATION_FACILITY,Please tell: Is two-wheeler bike parking facility available at Anna Nagar Tower metro station? [fac F10] #2,en,Latn,CS0,N0,"{""station"": ""Anna Nagar Tower"", ""facility_type"": ""two_wheeler_parking"", ""transport_mode"": ""metro""}","{""station_id"": ""METRO_ANNA_NAGAR_TOWER""}",ANSWERABLE_NOW,template_instantiation,TMPL_STATION_FACILITIES_EN_9
PILOT_T2_TR_003919,,SFAM_NEAREST_TRANSPORT_020,FAM_NEAREST_TRANSPORT_020,PARA_NEAREST_TRANSPORT_19_3,T2_MEDIUM_V1,nearest_transport,FIND_NEAREST_STATION,Transit query: Find closest public transport access point near Padalam Hospital (F20) #5,hi-en,Latn,CS3,N0,"{""landmark"": ""Padalam Hospital"", ""transport_mode"": ""public transport""}","{""place_id"": ""OSM_POI_7257518724""}",ANSWERABLE_NOW,template_instantiation,TMPL_NEAREST_TRANSPORT_HINGLISH_LATN_19
PILOT_T2_TR_003920,,SFAM_REALTIME_STATUS_QUERY_001,FAM_REALTIME_STATUS_QUERY_001,PARA_REALTIME_STATUS_QUERY_0_3,T2_MEDIUM_V1,realtime_status_query,REJECT_UNSUPPORTED_REALTIME,Live crowd density and train arrival countdown at Airport right now (F1),hi-en,Latn,CS3,N0,"{""station"": ""Airport"", ""transport_mode"": ""metro""}","{""station_id"": ""METRO_CHENNAI_INTERNATIONAL_AIRPORT""}",REQUIRES_REALTIME_DATA,template_instantiation,TMPL_REALTIME_STATUS_QUERY_HINGLISH_LATN_0
PILOT_T2_TR_003921,,SFAM_NEAREST_TRANSPORT_009,FAM_NEAREST_TRANSPORT_009,PARA_NEAREST_TRANSPORT_8_2,T2_MEDIUM_V1,nearest_transport,FIND_NEAREST_STATION,Could you specify karpaga institute se closest walking distance metro transit point kaunsa hai? [paas F9]? #3,hi,Latn,CS0,N0,"{""landmark"": ""karpaga institute"", ""transport_mode"": ""metro""}","{""place_id"": ""OSM_POI_3082849503""}",ANSWERABLE_NOW,template_instantiation,TMPL_NEAREST_TRANSPORT_HI_LATN_8
PILOT_T2_TR_003922,,SFAM_TICKETING_AND_PASSES_004,FAM_TICKETING_AND_PASSES_004,PARA_TICKETING_AND_PASSES_3_2,T2_MEDIUM_V1,ticketing_rules,GET_TICKETING_POLICY,tourist pass recharge karne ka guidelines aur validity rule bataye. [card F4],hi,Latn,CS0,N0,"{""ticket_type"": ""tourist_card"", ""transport_mode"": ""transit""}",{},ANSWERABLE_NOW,template_instantiation,TMPL_TICKETING_AND_PASSES_HI_LATN_3
PILOT_T2_TR_003923,,SFAM_MULTIMODAL_ROUTE_016,FAM_MULTIMODAL_ROUTE_016,PARA_MULTIMODAL_ROUTE_15_1,T2_MEDIUM_V1,route_query,PLAN_MULTIMODAL_ROUTE,Please tell: पुदुपट्टिनम से गिंडी बस और मेट्रो मिलाकर सबसे तेज़ मार्ग कौन सा है? (योजना F16) #2,hi,Deva,CS0,N0,"{""origin"": ""पुदुपट्टिनम"", ""destination"": ""गिंडी"", ""transport_mode"": ""बस और मेट्रो""}","{""origin_id"": ""BUS_3616510666"", ""destination_id"": ""METRO_GUINDY""}",ANSWERABLE_WITH_PROVISIONAL_DATA,template_instantiation,TMPL_MULTIMODAL_ROUTE_HI_DEVA_15
PILOT_T2_TR_003924,,SFAM_REALTIME_STATUS_QUERY_017,FAM_REALTIME_STATUS_QUERY_017,PARA_REALTIME_STATUS_QUERY_16_3,T2_MEDIUM_V1,realtime_status_query,REJECT_UNSUPPORTED_REALTIME,Quick check: Live crowd density and train arrival countdown at St. Thomas Mount right now (F17) #4,hi-en,Latn,CS3,N0,"{""station"": ""St. Thomas Mount"", ""transport_mode"": ""metro""}","{""station_id"": ""METRO_ST__THOMAS_MOUNT""}",REQUIRES_REALTIME_DATA,template_instantiation,TMPL_REALTIME_STATUS_QUERY_HINGLISH_LATN_16
PILOT_T2_TR_003925,,SFAM_REALTIME_STATUS_QUERY_003,FAM_REALTIME_STATUS_QUERY_003,PARA_REALTIME_STATUS_QUERY_2_2,T2_MEDIUM_V1,realtime_status_query,REJECT_UNSUPPORTED_REALTIME,Please tell: Bus 102A ka real time current gps location update kahan pahuncha? [track F3] #2,hi,Latn,CS0,N0,"{""route_number"": ""102A"", ""transport_mode"": ""bus""}","{""route_id"": ""GTFS_ROUTE_10248""}",REQUIRES_REALTIME_DATA,template_instantiation,TMPL_REALTIME_STATUS_QUERY_HI_LATN_2
PILOT_T2_TR_003926,,SFAM_SCHEDULED_DEPARTURE_014,FAM_SCHEDULED_DEPARTURE_014,PARA_SCHEDULED_DEPARTURE_13_0,T2_MEDIUM_V1,service_timing,GET_SCHEDULED_DEPARTURES,Show metro departure timetable at bare 8 o'clock from Washermenpet [sched F14],en,Latn,CS0,N0,"{""origin"": ""Washermenpet"", ""time"": ""8 o'clock"", ""temporal_ambiguity"": true, ""dual_candidates"": [""08:00:00"", ""20:00:00""]}","{""origin_id"": ""METRO_WASHERMENPET""}",ANSWERABLE_NOW,template_instantiation,TMPL_SCHEDULED_DEPARTURE_EN_13
PILOT_T2_TR_003927,,SFAM_TICKETING_AND_PASSES_008,FAM_TICKETING_AND_PASSES_008,PARA_TICKETING_AND_PASSES_7_2,T2_MEDIUM_V1,ticketing_rules,GET_TICKETING_POLICY,smart card recharge karne ka guidelines aur validity rule bataye. [card F8],hi,Latn,CS0,N0,"{""ticket_type"": ""smart_card"", ""transport_mode"": ""transit""}",{},ANSWERABLE_NOW,template_instantiation,TMPL_TICKETING_AND_PASSES_HI_LATN_7
PILOT_T2_TR_003928,,SFAM_OUT_OF_SCOPE_008,FAM_OUT_OF_SCOPE_008,PARA_OUT_OF_SCOPE_7_1,T2_MEDIUM_V1,out_of_scope,REJECT_OUT_OF_SCOPE,"Excuse me, हाई कोर्ट के निकटतम सबसे अच्छे रेस्टोरेंट और भोजनालय की सूची दें। (बाहर F8) #6",hi,Deva,CS0,N0,"{""station"": ""हाई कोर्ट""}","{""station_id"": ""METRO_HIGHCOURT""}",OUT_OF_SCOPE,template_instantiation,TMPL_OUT_OF_SCOPE_HI_DEVA_7
PILOT_T2_TR_003929,,SFAM_FIRST_AND_LAST_SERVICE_006,FAM_FIRST_AND_LAST_SERVICE_006,PARA_FIRST_AND_LAST_SERVICE_5_1,T2_MEDIUM_V1,service_timing,GET_FIRST_LAST_SERVICE,Please tell: कोयम्बेडु से विमको नगर के लिए पहली और आखिरी ट्रेन का समय क्या है? (समय F6) #2,hi,Deva,CS0,N0,"{""origin"": ""कोयम्बेडु"", ""destination"": ""विमको नगर"", ""timing_type"": ""first_last"", ""transport_mode"": ""ट्रेन""}","{""origin_id"": ""METRO_KOYAMBEDU"", ""destination_id"": ""METRO_WIMCO_NAGAR""}",ANSWERABLE_NOW,template_instantiation,TMPL_FIRST_AND_LAST_SERVICE_HI_DEVA_5
PILOT_T2_TR_003930,,SFAM_OUT_OF_SCOPE_015,FAM_OUT_OF_SCOPE_015,PARA_OUT_OF_SCOPE_14_3,T2_MEDIUM_V1,out_of_scope,REJECT_OUT_OF_SCOPE,What is the general weather rain forecast in Chennai near Maruthi Hospital today (F15)?,hi-en,Latn,CS3,N0,"{""landmark"": ""Maruthi Hospital""}","{""place_id"": ""OSM_POI_7820652140""}",OUT_OF_SCOPE,template_instantiation,TMPL_OUT_OF_SCOPE_HINGLISH_LATN_14
PILOT_T2_TR_003931,,SFAM_ROUTE_STOP_MEMBERSHIP_005,FAM_ROUTE_STOP_MEMBERSHIP_005,PARA_ROUTE_STOP_MEMBERSHIP_4_0,T2_MEDIUM_V1,route_stops,CHECK_STOP_ON_ROUTE,Please tell: Does bus route 23C make a scheduled halt at Besant Nagar? [chk F5] #2,en,Latn,CS0,N0,"{""route_number"": ""23C"", ""stop"": ""Besant Nagar"", ""transport_mode"": ""bus""}","{""route_id"": ""GTFS_ROUTE_10214"", ""stop_id"": ""BUS_417750654""}",ANSWERABLE_WITH_PROVISIONAL_DATA,template_instantiation,TMPL_ROUTE_STOP_MEMBERSHIP_EN_4
PILOT_T2_TR_003932,,SFAM_TICKETING_AND_PASSES_005,FAM_TICKETING_AND_PASSES_005,PARA_TICKETING_AND_PASSES_4_1,T2_MEDIUM_V1,ticketing_rules,GET_TICKETING_POLICY,Please tell: यात्रियों के लिए छात्र रियायती पास प्राप्त करने के नियम और प्रक्रिया क्या हैं? (पास F5) #2,hi,Deva,CS0,N0,"{""ticket_type"": ""student_pass"", ""transport_mode"": ""पारगमन""}",{},ANSWERABLE_NOW,template_instantiation,TMPL_TICKETING_AND_PASSES_HI_DEVA_4
PILOT_T2_TR_003933,,SFAM_STATION_FACILITIES_005,FAM_STATION_FACILITIES_005,PARA_STATION_FACILITIES_4_3,T2_MEDIUM_V1,station_facilities,GET_STATION_FACILITY,Quick check: Does CMBT station premises include operational car parking (F5)? #4,hi-en,Latn,CS3,N2,"{""station"": ""CMBT"", ""facility_type"": ""parking"", ""transport_mode"": ""metro""}","{""station_id"": ""METRO_PURATCHI_THALAIVI_DR_J_JAYALALITHAA_CMBT""}",ANSWERABLE_NOW,template_instantiation,TMPL_STATION_FACILITIES_HINGLISH_LATN_4
PILOT_T2_TR_003934,,SFAM_OUT_OF_SCOPE_006,FAM_OUT_OF_SCOPE_006,PARA_OUT_OF_SCOPE_5_3,T2_MEDIUM_V1,out_of_scope,REJECT_OUT_OF_SCOPE,Quick check: What is the general weather rain forecast in Chennai near Ramakrishna Hospital today (F6)? #4,hi-en,Latn,CS3,N0,"{""landmark"": ""Ramakrishna Hospital""}","{""place_id"": ""OSM_POI_7820652187""}",OUT_OF_SCOPE,template_instantiation,TMPL_OUT_OF_SCOPE_HINGLISH_LATN_5
PILOT_T2_TR_003935,,SFAM_FIRST_AND_LAST_SERVICE_013,FAM_FIRST_AND_LAST_SERVICE_013,PARA_FIRST_AND_LAST_SERVICE_12_2,T2_MEDIUM_V1,service_timing,GET_FIRST_LAST_SERVICE,wimco nagar depot se pachaiyappa college first morning aur last night metro departure timing batao [samay F13],hi,Latn,CS0,N0,"{""origin"": ""wimco nagar depot"", ""destination"": ""pachaiyappa college"", ""timing_type"": ""first_last"", ""transport_mode"": ""metro""}","{""origin_id"": ""METRO_WIMCO_NAGAR"", ""destination_id"": ""METRO_PACHAIYAPPA_S_COLLEGE""}",ANSWERABLE_NOW,template_instantiation,TMPL_FIRST_AND_LAST_SERVICE_HI_LATN_12
PILOT_T2_TR_003936,,SFAM_SCHEDULED_DEPARTURE_013,FAM_SCHEDULED_DEPARTURE_013,PARA_SCHEDULED_DEPARTURE_12_1,T2_MEDIUM_V1,service_timing,GET_SCHEDULED_DEPARTURES,Please tell: विमको नगर से सुबह 8 बजे छूटने वाली गाड़ियों की समय सारणी दिखाएं। (समय F13) #2,hi,Deva,CS0,N0,"{""origin"": ""विमको नगर"", ""time"": ""सुबह 8 बजे"", ""resolved_time"": ""08:00:00""}","{""origin_id"": ""METRO_WIMCO_NAGAR""}",ANSWERABLE_NOW,template_instantiation,TMPL_SCHEDULED_DEPARTURE_HI_DEVA_12
PILOT_T2_TR_003937,,SFAM_ROUTE_STOP_SEQUENCE_011,FAM_ROUTE_STOP_SEQUENCE_011,PARA_ROUTE_STOP_SEQUENCE_10_0,T2_MEDIUM_V1,route_stops,LIST_ROUTE_STOPS,Could you specify List every intermediate stop along route 11 R in order. [seq F11]? #3,en,Latn,CS0,N0,"{""route_number"": ""11 R"", ""transport_mode"": ""bus""}","{""route_id"": ""GTFS_ROUTE_23728""}",ANSWERABLE_WITH_PROVISIONAL_DATA,template_instantiation,TMPL_ROUTE_STOP_SEQUENCE_EN_10
PILOT_T2_TR_003938,,SFAM_REALTIME_STATUS_QUERY_001,FAM_REALTIME_STATUS_QUERY_001,PARA_REALTIME_STATUS_QUERY_0_3,T2_MEDIUM_V1,realtime_status_query,REJECT_UNSUPPORTED_REALTIME,Please tell: Live crowd density and train arrival countdown at Airport right now (F1) #2,hi-en,Latn,CS3,N0,"{""station"": ""Airport"", ""transport_mode"": ""metro""}","{""station_id"": ""METRO_CHENNAI_INTERNATIONAL_AIRPORT""}",REQUIRES_REALTIME_DATA,template_instantiation,TMPL_REALTIME_STATUS_QUERY_HINGLISH_LATN_0
PILOT_T2_TR_003939,,SFAM_NEAREST_TRANSPORT_007,FAM_NEAREST_TRANSPORT_007,PARA_NEAREST_TRANSPORT_6_1,T2_MEDIUM_V1,nearest_transport,FIND_NEAREST_STATION,Quick check: मातृ शिशु अस्पताल के सबसे निकटतम मेट्रो स्टेशन या बस स्टॉप कौन सा है? (निकट F7) #4,hi,Deva,CS0,N0,"{""landmark"": ""मातृ शिशु अस्पताल"", ""transport_mode"": ""मेट्रो या बस""}","{""place_id"": ""OSM_POI_7257518731""}",ANSWERABLE_NOW,template_instantiation,TMPL_NEAREST_TRANSPORT_HI_DEVA_6
PILOT_T2_TR_003940,,SFAM_MODE_AVAILABILITY_018,FAM_MODE_AVAILABILITY_018,PARA_MODE_AVAILABILITY_17_3,T2_MEDIUM_V1,service_availability,CHECK_SERVICE_AVAILABILITY,"Excuse me, Is public transit operational connecting Nehru Park and Broadway (F18)? #6",hi-en,Latn,CS3,N1,"{""origin"": ""Nehru Park"", ""destination"": ""Broadway"", ""transport_mode"": ""public transit""}","{""origin_id"": ""METRO_NEHRU_PARK"", ""destination_id"": ""BUS_27618346""}",ANSWERABLE_WITH_PROVISIONAL_DATA,template_instantiation,TMPL_MODE_AVAILABILITY_HINGLISH_LATN_17
PILOT_T2_TR_003941,,SFAM_INTERCHANGE_TRANSFER_012,FAM_INTERCHANGE_TRANSFER_012,PARA_INTERCHANGE_TRANSFER_11_2,T2_MEDIUM_V1,interchange_query,GET_INTERCHANGE_DETAILS,thousand lights hub par metro line change karke kilpauk kaise jaye? [platform F12],hi,Latn,CS0,N0,"{""station"": ""thousand lights"", ""destination"": ""kilpauk"", ""facility_type"": ""interchange""}","{""station_id"": ""METRO_THOUSAND_LIGHTS"", ""destination_id"": ""METRO_KILPAUK""}",ANSWERABLE_AFTER_MANUAL_VERIFICATION,template_instantiation,TMPL_INTERCHANGE_TRANSFER_HI_LATN_11
PILOT_T2_TR_003942,,SFAM_FARE_CALCULATION_011,FAM_FARE_CALCULATION_011,PARA_FARE_CALCULATION_10_3,T2_MEDIUM_V1,fare_query,CALCULATE_FARE,Quick check: Calculate fare for travel between Egmore and Nehru Park stations (F11) #4,hi-en,Latn,CS3,N0,"{""origin"": ""Egmore"", ""destination"": ""Nehru Park"", ""transport_mode"": ""metro""}","{""origin_id"": ""METRO_EGMORE"", ""destination_id"": ""METRO_NEHRU_PARK""}",ANSWERABLE_NOW,template_instantiation,TMPL_FARE_CALCULATION_HINGLISH_LATN_10
PILOT_T2_TR_003943,,SFAM_MULTIMODAL_ROUTE_010,FAM_MULTIMODAL_ROUTE_010,PARA_MULTIMODAL_ROUTE_9_1,T2_MEDIUM_V1,route_query,PLAN_MULTIMODAL_ROUTE,Please tell: करुंगुझि से सेंट थॉमस माउंट बस और मेट्रो मिलाकर सबसे तेज़ मार्ग कौन सा है? (योजना F10) #2,hi,Deva,CS0,N0,"{""origin"": ""करुंगुझि"", ""destination"": ""सेंट थॉमस माउंट"", ""transport_mode"": ""बस और मेट्रो""}","{""origin_id"": ""BUS_5274698920"", ""destination_id"": ""METRO_ST__THOMAS_MOUNT""}",ANSWERABLE_WITH_PROVISIONAL_DATA,template_instantiation,TMPL_MULTIMODAL_ROUTE_HI_DEVA_9
PILOT_T2_TR_003944,,SFAM_ROUTE_STOP_SEQUENCE_004,FAM_ROUTE_STOP_SEQUENCE_004,PARA_ROUTE_STOP_SEQUENCE_3_3,T2_MEDIUM_V1,route_stops,LIST_ROUTE_STOPS,Full stop order details for bus number 570 please provide (F4),hi-en,Latn,CS3,N0,"{""route_number"": ""570"", ""transport_mode"": ""bus""}","{""route_id"": ""GTFS_ROUTE_17967""}",ANSWERABLE_WITH_PROVISIONAL_DATA,template_instantiation,TMPL_ROUTE_STOP_SEQUENCE_HINGLISH_LATN_3
PILOT_T2_TR_003945,,SFAM_STATION_ACCESSIBILITY_009,FAM_STATION_ACCESSIBILITY_009,PARA_STATION_ACCESSIBILITY_8_3,T2_MEDIUM_V1,accessibility,GET_ACCESSIBILITY_INFO,Quick check: Verification of accessible wheelchair ramp support at Thirumangalam metro (F9) #4,hi-en,Latn,CS3,N0,"{""station"": ""Thirumangalam"", ""accessibility_feature"": ""wheelchair"", ""transport_mode"": ""metro""}","{""station_id"": ""METRO_THIRUMANGALAM""}",ANSWERABLE_NOW,template_instantiation,TMPL_STATION_ACCESSIBILITY_HINGLISH_LATN_8
PILOT_T2_TR_003946,,SFAM_STATION_ACCESSIBILITY_010,FAM_STATION_ACCESSIBILITY_010,PARA_STATION_ACCESSIBILITY_9_4,T2_MEDIUM_V1,accessibility,GET_ACCESSIBILITY_INFO,Could you specify Anna Nagar Tower station par handicapped passengers ke liye passenger elevator lift support status F10? #3,hi-en,Deva+Latn,CS4,N0,"{""station"": ""Anna Nagar Tower"", ""accessibility_feature"": ""lift"", ""transport_mode"": ""metro""}","{""station_id"": ""METRO_ANNA_NAGAR_TOWER""}",ANSWERABLE_NOW,template_instantiation,TMPL_STATION_ACCESSIBILITY_MIXED_SCRIPT_CS_9
PILOT_T2_TR_003947,,SFAM_STATION_ACCESSIBILITY_016,FAM_STATION_ACCESSIBILITY_016,PARA_STATION_ACCESSIBILITY_15_1,T2_MEDIUM_V1,accessibility,GET_ACCESSIBILITY_INFO,Quick check: क्या साइदापेट स्टेशन पर दिव्यांग यात्रियों के लिए एस्केलेटर उपलब्ध है? (सुलभता F16) #4,hi,Deva,CS0,N0,"{""station"": ""साइदापेट"", ""accessibility_feature"": ""escalator"", ""transport_mode"": ""मेट्रो""}","{""station_id"": ""METRO_SAIDAPET""}",ANSWERABLE_NOW,template_instantiation,TMPL_STATION_ACCESSIBILITY_HI_DEVA_15
PILOT_T2_TR_003948,,SFAM_MULTIMODAL_ROUTE_008,FAM_MULTIMODAL_ROUTE_008,PARA_MULTIMODAL_ROUTE_7_0,T2_MEDIUM_V1,route_query,PLAN_MULTIMODAL_ROUTE,Please tell: What is the combined bus and metro route from Mylapore to Little Mount? [plan F8] #2,en,Latn,CS0,N0,"{""origin"": ""Mylapore"", ""destination"": ""Little Mount"", ""transport_mode"": ""multimodal""}","{""origin_id"": ""BUS_410614381"", ""destination_id"": ""METRO_LITTLE_MOUNT""}",ANSWERABLE_WITH_PROVISIONAL_DATA,template_instantiation,TMPL_MULTIMODAL_ROUTE_EN_7
PILOT_T2_TR_003949,,SFAM_INTERCHANGE_TRANSFER_012,FAM_INTERCHANGE_TRANSFER_012,PARA_INTERCHANGE_TRANSFER_11_3,T2_MEDIUM_V1,interchange_query,GET_INTERCHANGE_DETAILS,Transfer walking time and directions at Thousand Lights multimodal terminal (F12),hi-en,Latn,CS3,N0,"{""station"": ""Thousand Lights"", ""facility_type"": ""interchange""}","{""station_id"": ""METRO_THOUSAND_LIGHTS""}",ANSWERABLE_AFTER_MANUAL_VERIFICATION,template_instantiation,TMPL_INTERCHANGE_TRANSFER_HINGLISH_LATN_11
PILOT_T2_TR_003950,,SFAM_REALTIME_STATUS_QUERY_002,FAM_REALTIME_STATUS_QUERY_002,PARA_REALTIME_STATUS_QUERY_1_0,T2_MEDIUM_V1,realtime_status_query,REJECT_UNSUPPORTED_REALTIME,Where is bus 102 right now and what is its live location? [live F2],en,Latn,CS0,N0,"{""route_number"": ""102"", ""transport_mode"": ""bus""}","{""route_id"": ""GTFS_ROUTE_16861""}",REQUIRES_REALTIME_DATA,template_instantiation,TMPL_REALTIME_STATUS_QUERY_EN_1
PILOT_T2_TR_003951,,SFAM_TICKETING_AND_PASSES_009,FAM_TICKETING_AND_PASSES_009,PARA_TICKETING_AND_PASSES_8_0,T2_MEDIUM_V1,ticketing_rules,GET_TICKETING_POLICY,"Excuse me, What are the rules and procedure to purchase a WhatsApp QR Ticket for commuters? [pass F9] #6",en,Latn,CS0,N0,"{""ticket_type"": ""qr_ticket"", ""transport_mode"": ""transit""}",{},ANSWERABLE_NOW,template_instantiation,TMPL_TICKETING_AND_PASSES_EN_8
PILOT_T2_TR_003952,,SFAM_FARE_CALCULATION_013,FAM_FARE_CALCULATION_013,PARA_FARE_CALCULATION_12_0,T2_MEDIUM_V1,fare_query,CALCULATE_FARE,"Excuse me, What is the single-journey ticket fare from Wimco Nagar Depot to Pachaiyappa College on metro? [fare F13] #6",en,Latn,CS0,N0,"{""origin"": ""Wimco Nagar Depot"", ""destination"": ""Pachaiyappa College"", ""fare_type"": ""token"", ""transport_mode"": ""metro""}","{""origin_id"": ""METRO_WIMCO_NAGAR"", ""destination_id"": ""METRO_PACHAIYAPPA_S_COLLEGE""}",ANSWERABLE_NOW,template_instantiation,TMPL_FARE_CALCULATION_EN_12
PILOT_T2_TR_003953,,SFAM_FARE_CALCULATION_015,FAM_FARE_CALCULATION_015,PARA_FARE_CALCULATION_14_1,T2_MEDIUM_V1,fare_query,CALCULATE_FARE,Could you specify लिटिल माउंट से चेन्नई सेंट्रल तक का मेट्रो का टोकन किराया कितना रुपया है? (किराया F15)? #3,hi,Deva,CS0,N0,"{""origin"": ""लिटिल माउंट"", ""destination"": ""चेन्नई सेंट्रल"", ""fare_type"": ""टोकन"", ""transport_mode"": ""मेट्रो""}","{""origin_id"": ""METRO_LITTLE_MOUNT"", ""destination_id"": ""METRO_PURATCHI_THALAIVAR_DR__M_G_RAMACHANDRAN_CENTRAL""}",ANSWERABLE_NOW,template_instantiation,TMPL_FARE_CALCULATION_HI_DEVA_14
PILOT_T2_TR_003954,,SFAM_FARE_CALCULATION_002,FAM_FARE_CALCULATION_002,PARA_FARE_CALCULATION_1_1,T2_MEDIUM_V1,fare_query,CALCULATE_FARE,Please tell: चेन्नई सेंट्रल से तिरुमंगलम तक का मेट्रो का टोकन किराया कितना रुपया है? (किराया F2) #2,hi,Deva,CS0,N0,"{""origin"": ""चेन्नई सेंट्रल"", ""destination"": ""तिरुमंगलम"", ""fare_type"": ""टोकन"", ""transport_mode"": ""मेट्रो""}","{""origin_id"": ""METRO_PURATCHI_THALAIVAR_DR__M_G_RAMACHANDRAN_CENTRAL"", ""destination_id"": ""METRO_THIRUMANGALAM""}",ANSWERABLE_NOW,template_instantiation,TMPL_FARE_CALCULATION_HI_DEVA_1
PILOT_T2_TR_003955,,SFAM_FARE_CALCULATION_017,FAM_FARE_CALCULATION_017,PARA_FARE_CALCULATION_16_3,T2_MEDIUM_V1,fare_query,CALCULATE_FARE,Calculate fare for travel between St. Thomas Mount and Alandur stations (F17),hi-en,Latn,CS3,N0,"{""origin"": ""St. Thomas Mount"", ""destination"": ""Alandur"", ""transport_mode"": ""metro""}","{""origin_id"": ""METRO_ST__THOMAS_MOUNT"", ""destination_id"": ""METRO_ARIGNAR_ANNA_ALANDUR""}",ANSWERABLE_NOW,template_instantiation,TMPL_FARE_CALCULATION_HINGLISH_LATN_16
PILOT_T2_TR_003956,,SFAM_STATION_ACCESSIBILITY_011,FAM_STATION_ACCESSIBILITY_011,PARA_STATION_ACCESSIBILITY_10_4,T2_MEDIUM_V1,accessibility,GET_ACCESSIBILITY_INFO,Egmore station par handicapped passengers ke liye tactile floor paths support status F11,hi-en,Deva+Latn,CS4,N0,"{""station"": ""Egmore"", ""accessibility_feature"": ""tactile_path"", ""transport_mode"": ""metro""}","{""station_id"": ""METRO_EGMORE""}",ANSWERABLE_NOW,template_instantiation,TMPL_STATION_ACCESSIBILITY_MIXED_SCRIPT_CS_10
PILOT_T2_TR_003957,,SFAM_ROUTE_STOP_SEQUENCE_004,FAM_ROUTE_STOP_SEQUENCE_004,PARA_ROUTE_STOP_SEQUENCE_3_0,T2_MEDIUM_V1,route_stops,LIST_ROUTE_STOPS,Could you specify List every intermediate stop along route 570 in order. [seq F4]? #3,en,Latn,CS0,N0,"{""route_number"": ""570"", ""transport_mode"": ""bus""}","{""route_id"": ""GTFS_ROUTE_17967""}",ANSWERABLE_WITH_PROVISIONAL_DATA,template_instantiation,TMPL_ROUTE_STOP_SEQUENCE_EN_3
PILOT_T2_TR_003958,,SFAM_ROUTE_STOP_SEQUENCE_003,FAM_ROUTE_STOP_SEQUENCE_003,PARA_ROUTE_STOP_SEQUENCE_2_1,T2_MEDIUM_V1,route_stops,LIST_ROUTE_STOPS,Please tell: बस रूट 102A के सभी ठहरावों की क्रमबद्ध सूची दिखाएं। (क्रम F3) #2,hi,Deva,CS0,N0,"{""route_number"": ""102A"", ""transport_mode"": ""बस""}","{""route_id"": ""GTFS_ROUTE_10248""}",ANSWERABLE_WITH_PROVISIONAL_DATA,template_instantiation,TMPL_ROUTE_STOP_SEQUENCE_HI_DEVA_2
PILOT_T2_TR_003959,,SFAM_FIRST_AND_LAST_SERVICE_012,FAM_FIRST_AND_LAST_SERVICE_012,PARA_FIRST_AND_LAST_SERVICE_11_4,T2_MEDIUM_V1,service_timing,GET_FIRST_LAST_SERVICE,Thousand Lights से Kilpauk ki last service aur first train timing information F12,hi-en,Deva+Latn,CS4,N0,"{""origin"": ""Thousand Lights"", ""destination"": ""Kilpauk"", ""timing_type"": ""first_last"", ""transport_mode"": ""train""}","{""origin_id"": ""METRO_THOUSAND_LIGHTS"", ""destination_id"": ""METRO_KILPAUK""}",ANSWERABLE_NOW,template_instantiation,TMPL_FIRST_AND_LAST_SERVICE_MIXED_SCRIPT_CS_11
PILOT_T2_TR_003960,,SFAM_FARE_CALCULATION_012,FAM_FARE_CALCULATION_012,PARA_FARE_CALCULATION_11_2,T2_MEDIUM_V1,fare_query,CALCULATE_FARE,Please tell: thousand lights se kilpauk metro ride ka standard ticket cost kitna hoga? [kiraya F12] #2,hi,Latn,CS0,N1,"{""origin"": ""thousand lights"", ""destination"": ""kilpauk"", ""transport_mode"": ""metro""}","{""origin_id"": ""METRO_THOUSAND_LIGHTS"", ""destination_id"": ""METRO_KILPAUK""}",ANSWERABLE_NOW,template_instantiation,TMPL_FARE_CALCULATION_HI_LATN_11
PILOT_T2_TR_003961,,SFAM_NEAREST_TRANSPORT_009,FAM_NEAREST_TRANSPORT_009,PARA_NEAREST_TRANSPORT_8_2,T2_MEDIUM_V1,nearest_transport,FIND_NEAREST_STATION,karpaga institute se closest walking distance metro transit point kaunsa hai? [paas F9],hi,Latn,CS0,N0,"{""landmark"": ""karpaga institute"", ""transport_mode"": ""metro""}","{""place_id"": ""OSM_POI_3082849503""}",ANSWERABLE_NOW,template_instantiation,TMPL_NEAREST_TRANSPORT_HI_LATN_8
PILOT_T2_TR_003962,,SFAM_TICKETING_AND_PASSES_011,FAM_TICKETING_AND_PASSES_011,PARA_TICKETING_AND_PASSES_10_0,T2_MEDIUM_V1,ticketing_rules,GET_TICKETING_POLICY,"Excuse me, What are the rules and procedure to purchase a Student Concession Card for commuters? [pass F11] #6",en,Latn,CS0,N0,"{""ticket_type"": ""student_pass"", ""transport_mode"": ""transit""}",{},ANSWERABLE_NOW,template_instantiation,TMPL_TICKETING_AND_PASSES_EN_10
PILOT_T2_TR_003963,,SFAM_NEAREST_TRANSPORT_003,FAM_NEAREST_TRANSPORT_003,PARA_NEAREST_TRANSPORT_2_4,T2_MEDIUM_V1,nearest_transport,FIND_NEAREST_STATION,Could you specify Great Lakes Institute ke pass nearest metro stop connection distance bataye F3? #3,hi-en,Deva+Latn,CS4,N1,"{""landmark"": ""Great Lakes Institute"", ""transport_mode"": ""metro""}","{""place_id"": ""OSM_POI_577328882""}",ANSWERABLE_NOW,template_instantiation,TMPL_NEAREST_TRANSPORT_MIXED_SCRIPT_CS_2
PILOT_T2_TR_003964,,SFAM_SCHEDULED_DEPARTURE_008,FAM_SCHEDULED_DEPARTURE_008,PARA_SCHEDULED_DEPARTURE_7_2,T2_MEDIUM_V1,service_timing,GET_SCHEDULED_DEPARTURES,high court se sham 7 baje departure timing schedule bataye. [timetable F8],hi,Latn,CS0,N0,"{""origin"": ""high court"", ""time"": ""sham 7 baje"", ""resolved_time"": ""19:00:00""}","{""origin_id"": ""METRO_HIGHCOURT""}",ANSWERABLE_NOW,template_instantiation,TMPL_SCHEDULED_DEPARTURE_HI_LATN_7
PILOT_T2_TR_003965,,SFAM_TICKETING_AND_PASSES_011,FAM_TICKETING_AND_PASSES_011,PARA_TICKETING_AND_PASSES_10_0,T2_MEDIUM_V1,ticketing_rules,GET_TICKETING_POLICY,Transit query: What are the rules and procedure to purchase a Student Concession Card for commuters? [pass F11] #5,en,Latn,CS0,N0,"{""ticket_type"": ""student_pass"", ""transport_mode"": ""transit""}",{},ANSWERABLE_NOW,template_instantiation,TMPL_TICKETING_AND_PASSES_EN_10
PILOT_T2_TR_003966,,SFAM_STATION_FACILITIES_016,FAM_STATION_FACILITIES_016,PARA_STATION_FACILITIES_15_1,T2_MEDIUM_V1,station_facilities,GET_STATION_FACILITY,Transit query: क्या साइदापेट मेट्रो स्टेशन पर साइकिल स्टैंड की व्यवस्था उपलब्ध है? (सुविधा F16) #5,hi,Deva,CS0,N2,"{""station"": ""साइदापेट"", ""facility_type"": ""bicycle_stand"", ""transport_mode"": ""मेट्रो""}","{""station_id"": ""METRO_SAIDAPET""}",ANSWERABLE_NOW,template_instantiation,TMPL_STATION_FACILITIES_HI_DEVA_15
PILOT_T2_TR_003967,,SFAM_STATION_FACILITIES_015,FAM_STATION_FACILITIES_015,PARA_STATION_FACILITIES_14_2,T2_MEDIUM_V1,station_facilities,GET_STATION_FACILITY,kya little mount station par passenger ev charging station service available hai? [amenity F15],hi,Latn,CS0,N0,"{""station"": ""little mount"", ""facility_type"": ""ev_charging"", ""transport_mode"": ""metro""}","{""station_id"": ""METRO_LITTLE_MOUNT""}",ANSWERABLE_NOW,template_instantiation,TMPL_STATION_FACILITIES_HI_LATN_14
PILOT_T2_TR_003968,,SFAM_REALTIME_STATUS_QUERY_008,FAM_REALTIME_STATUS_QUERY_008,PARA_REALTIME_STATUS_QUERY_7_3,T2_MEDIUM_V1,realtime_status_query,REJECT_UNSUPPORTED_REALTIME,Transit query: Live crowd density and train arrival countdown at High Court right now (F8) #5,hi-en,Latn,CS3,N1,"{""station"": ""High Court"", ""transport_mode"": ""metro""}","{""station_id"": ""METRO_HIGHCOURT""}",REQUIRES_REALTIME_DATA,template_instantiation,TMPL_REALTIME_STATUS_QUERY_HINGLISH_LATN_7
PILOT_T2_TR_003969,,SFAM_REALTIME_STATUS_QUERY_019,FAM_REALTIME_STATUS_QUERY_019,PARA_REALTIME_STATUS_QUERY_18_4,T2_MEDIUM_V1,realtime_status_query,REJECT_UNSUPPORTED_REALTIME,Please tell: Kilpauk se metro live delay status aur real time position tracking F19 #2,hi-en,Deva+Latn,CS4,N0,"{""origin"": ""Kilpauk"", ""transport_mode"": ""metro""}","{""origin_id"": ""METRO_KILPAUK""}",REQUIRES_REALTIME_DATA,template_instantiation,TMPL_REALTIME_STATUS_QUERY_MIXED_SCRIPT_CS_18
PILOT_T2_TR_003970,,SFAM_OUT_OF_SCOPE_018,FAM_OUT_OF_SCOPE_018,PARA_OUT_OF_SCOPE_17_0,T2_MEDIUM_V1,out_of_scope,REJECT_OUT_OF_SCOPE,Quick check: Book a private cab taxi ride from Nehru Park to CMBT. [cab F18] #4,en,Latn,CS0,N0,"{""origin"": ""Nehru Park"", ""destination"": ""CMBT""}","{""origin_id"": ""METRO_NEHRU_PARK"", ""destination_id"": ""METRO_PURATCHI_THALAIVI_DR_J_JAYALALITHAA_CMBT""}",OUT_OF_SCOPE,template_instantiation,TMPL_OUT_OF_SCOPE_EN_17
PILOT_T2_TR_003971,,SFAM_ROUTE_STOP_MEMBERSHIP_001,FAM_ROUTE_STOP_MEMBERSHIP_001,PARA_ROUTE_STOP_MEMBERSHIP_0_3,T2_MEDIUM_V1,route_stops,CHECK_STOP_ON_ROUTE,Quick check: Verify if Tambaram bus stop is covered by route 21G (F1) #4,hi-en,Latn,CS3,N1,"{""route_number"": ""21G"", ""stop"": ""Tambaram"", ""transport_mode"": ""bus""}","{""route_id"": ""GTFS_ROUTE_8458"", ""stop_id"": ""BUS_5304399879""}",ANSWERABLE_WITH_PROVISIONAL_DATA,template_instantiation,TMPL_ROUTE_STOP_MEMBERSHIP_HINGLISH_LATN_0
PILOT_T2_TR_003972,,SFAM_OUT_OF_SCOPE_010,FAM_OUT_OF_SCOPE_010,PARA_OUT_OF_SCOPE_9_0,T2_MEDIUM_V1,out_of_scope,REJECT_OUT_OF_SCOPE,Please tell: Book a private cab taxi ride from Anna Nagar Tower to St. Thomas Mount. [cab F10] #2,en,Latn,CS0,N0,"{""origin"": ""Anna Nagar Tower"", ""destination"": ""St. Thomas Mount""}","{""origin_id"": ""METRO_ANNA_NAGAR_TOWER"", ""destination_id"": ""METRO_ST__THOMAS_MOUNT""}",OUT_OF_SCOPE,template_instantiation,TMPL_OUT_OF_SCOPE_EN_9
PILOT_T2_TR_003973,,SFAM_SERVICE_FREQUENCY_009,FAM_SERVICE_FREQUENCY_009,PARA_SERVICE_FREQUENCY_8_3,T2_MEDIUM_V1,service_timing,GET_SERVICE_FREQUENCY,Peak hour frequency and normal headway between Thirumangalam and Saidapet (F9),hi-en,Latn,CS3,N0,"{""origin"": ""Thirumangalam"", ""destination"": ""Saidapet"", ""timing_type"": ""frequency"", ""transport_mode"": ""metro""}","{""origin_id"": ""METRO_THIRUMANGALAM"", ""destination_id"": ""METRO_SAIDAPET""}",ANSWERABLE_NOW,template_instantiation,TMPL_SERVICE_FREQUENCY_HINGLISH_LATN_8
PILOT_T2_TR_003974,,SFAM_TICKETING_AND_PASSES_015,FAM_TICKETING_AND_PASSES_015,PARA_TICKETING_AND_PASSES_14_1,T2_MEDIUM_V1,ticketing_rules,GET_TICKETING_POLICY,Could you specify यात्रियों के लिए क्यूआर टिकट प्राप्त करने के नियम और प्रक्रिया क्या हैं? (पास F15)? #3,hi,Deva,CS0,N0,"{""ticket_type"": ""qr_ticket"", ""transport_mode"": ""पारगमन""}",{},ANSWERABLE_NOW,template_instantiation,TMPL_TICKETING_AND_PASSES_HI_DEVA_14
PILOT_T2_TR_003975,,SFAM_STATION_ACCESSIBILITY_014,FAM_STATION_ACCESSIBILITY_014,PARA_STATION_ACCESSIBILITY_13_2,T2_MEDIUM_V1,accessibility,GET_ACCESSIBILITY_INFO,Quick check: kya washermenpet metro station me wheelchair disabled ke liye passenger lift hai? [barrier-free F14] #4,hi,Latn,CS0,N0,"{""station"": ""washermenpet"", ""accessibility_feature"": ""lift"", ""transport_mode"": ""metro""}","{""station_id"": ""METRO_WASHERMENPET""}",ANSWERABLE_NOW,template_instantiation,TMPL_STATION_ACCESSIBILITY_HI_LATN_13
PILOT_T2_TR_003976,,SFAM_MODE_AVAILABILITY_003,FAM_MODE_AVAILABILITY_003,PARA_MODE_AVAILABILITY_2_4,T2_MEDIUM_V1,service_availability,CHECK_SERVICE_AVAILABILITY,क्या Guindy से Adyar transport line active hai mode info F3,hi-en,Deva+Latn,CS4,N0,"{""origin"": ""Guindy"", ""destination"": ""Adyar"", ""transport_mode"": ""transport""}","{""origin_id"": ""METRO_GUINDY"", ""destination_id"": ""BUS_2587520213""}",ANSWERABLE_WITH_PROVISIONAL_DATA,template_instantiation,TMPL_MODE_AVAILABILITY_MIXED_SCRIPT_CS_2
PILOT_T2_TR_003977,,SFAM_SCHEDULED_DEPARTURE_004,FAM_SCHEDULED_DEPARTURE_004,PARA_SCHEDULED_DEPARTURE_3_0,T2_MEDIUM_V1,service_timing,GET_SCHEDULED_DEPARTURES,Please tell: Show metro departure timetable at bare 8 o'clock from Alandur [sched F4] #2,en,Latn,CS0,N0,"{""origin"": ""Alandur"", ""time"": ""8 o'clock"", ""temporal_ambiguity"": true, ""dual_candidates"": [""08:00:00"", ""20:00:00""]}","{""origin_id"": ""METRO_ARIGNAR_ANNA_ALANDUR""}",ANSWERABLE_NOW,template_instantiation,TMPL_SCHEDULED_DEPARTURE_EN_3
PILOT_T2_TR_003978,,SFAM_TICKETING_AND_PASSES_020,FAM_TICKETING_AND_PASSES_020,PARA_TICKETING_AND_PASSES_19_1,T2_MEDIUM_V1,ticketing_rules,GET_TICKETING_POLICY,Quick check: यात्रियों के लिए स्मार्ट कार्ड प्राप्त करने के नियम और प्रक्रिया क्या हैं? (पास F20) #4,hi,Deva,CS0,N0,"{""ticket_type"": ""smart_card"", ""transport_mode"": ""पारगमन""}",{},ANSWERABLE_NOW,template_instantiation,TMPL_TICKETING_AND_PASSES_HI_DEVA_19
PILOT_T2_TR_003979,,SFAM_OUT_OF_SCOPE_008,FAM_OUT_OF_SCOPE_008,PARA_OUT_OF_SCOPE_7_4,T2_MEDIUM_V1,out_of_scope,REJECT_OUT_OF_SCOPE,Could you specify High Court ke pass hotel reservation aur movie ticket booking service F8? #3,hi-en,Deva+Latn,CS4,N0,"{""station"": ""High Court""}","{""station_id"": ""METRO_HIGHCOURT""}",OUT_OF_SCOPE,template_instantiation,TMPL_OUT_OF_SCOPE_MIXED_SCRIPT_CS_7
PILOT_T2_TR_003980,,SFAM_MODE_AVAILABILITY_017,FAM_MODE_AVAILABILITY_017,PARA_MODE_AVAILABILITY_16_1,T2_MEDIUM_V1,service_availability,CHECK_SERVICE_AVAILABILITY,Please tell: क्या सेंट थॉमस माउंट से तांबरम के लिए कोई सार्वजनिक बस या ट्रेन उपलब्ध है? (उपलब्धता F17) #2,hi,Deva,CS0,N0,"{""origin"": ""सेंट थॉमस माउंट"", ""destination"": ""तांबरम"", ""transport_mode"": ""सार्वजनिक बस या ट्रेन""}","{""origin_id"": ""METRO_ST__THOMAS_MOUNT"", ""destination_id"": ""BUS_5304399879""}",ANSWERABLE_WITH_PROVISIONAL_DATA,template_instantiation,TMPL_MODE_AVAILABILITY_HI_DEVA_16
PILOT_T2_TR_003981,,SFAM_REALTIME_STATUS_QUERY_001,FAM_REALTIME_STATUS_QUERY_001,PARA_REALTIME_STATUS_QUERY_0_1,T2_MEDIUM_V1,realtime_status_query,REJECT_UNSUPPORTED_REALTIME,Transit query: क्या एयरपोर्ट से आने वाली ट्रेन अभी लेट चल रही है लाइव स्थिति बताएं? (ताज़ा F1) #5,hi,Deva,CS0,N0,"{""origin"": ""एयरपोर्ट"", ""transport_mode"": ""ट्रेन""}","{""origin_id"": ""METRO_CHENNAI_INTERNATIONAL_AIRPORT""}",REQUIRES_REALTIME_DATA,template_instantiation,TMPL_REALTIME_STATUS_QUERY_HI_DEVA_0
PILOT_T2_TR_003982,,SFAM_POINT_TO_POINT_ROUTE_014,FAM_POINT_TO_POINT_ROUTE_014,PARA_POINT_TO_POINT_ROUTE_13_3,T2_MEDIUM_V1,route_query,PLAN_ROUTE,Washermenpet to Airport metro ride ka best direct route bataiye (F14),hi-en,Latn,CS3,N0,"{""origin"": ""Washermenpet"", ""destination"": ""Airport"", ""transport_mode"": ""metro""}","{""origin_id"": ""METRO_WASHERMENPET"", ""destination_id"": ""METRO_CHENNAI_INTERNATIONAL_AIRPORT""}",ANSWERABLE_WITH_PROVISIONAL_DATA,template_instantiation,TMPL_POINT_TO_POINT_ROUTE_HINGLISH_LATN_13
PILOT_T2_TR_003983,,SFAM_REALTIME_STATUS_QUERY_013,FAM_REALTIME_STATUS_QUERY_013,PARA_REALTIME_STATUS_QUERY_12_3,T2_MEDIUM_V1,realtime_status_query,REJECT_UNSUPPORTED_REALTIME,Live crowd density and train arrival countdown at Wimco Nagar Depot right now (F13),hi-en,Latn,CS3,N0,"{""station"": ""Wimco Nagar Depot"", ""transport_mode"": ""metro""}","{""station_id"": ""METRO_WIMCO_NAGAR""}",REQUIRES_REALTIME_DATA,template_instantiation,TMPL_REALTIME_STATUS_QUERY_HINGLISH_LATN_12
PILOT_T2_TR_003984,,SFAM_MULTIMODAL_ROUTE_013,FAM_MULTIMODAL_ROUTE_013,PARA_MULTIMODAL_ROUTE_12_3,T2_MEDIUM_V1,route_query,PLAN_MULTIMODAL_ROUTE,Can you give combined bus and train route from Nelvoy to Pachaiyappa College (F13)?,hi-en,Latn,CS3,N0,"{""origin"": ""Nelvoy"", ""destination"": ""Pachaiyappa College"", ""transport_mode"": ""bus and train""}","{""origin_id"": ""BUS_469106564"", ""destination_id"": ""METRO_PACHAIYAPPA_S_COLLEGE""}",ANSWERABLE_WITH_PROVISIONAL_DATA,template_instantiation,TMPL_MULTIMODAL_ROUTE_HINGLISH_LATN_12
PILOT_T2_TR_003985,,SFAM_SERVICE_FREQUENCY_020,FAM_SERVICE_FREQUENCY_020,PARA_SERVICE_FREQUENCY_19_2,T2_MEDIUM_V1,service_timing,GET_SERVICE_FREQUENCY,pachaiyappa college to vadapalani metro service ka regular interval headway kya hai? [interval F20],hi,Latn,CS0,N0,"{""origin"": ""pachaiyappa college"", ""destination"": ""vadapalani"", ""timing_type"": ""frequency"", ""transport_mode"": ""metro""}","{""origin_id"": ""METRO_PACHAIYAPPA_S_COLLEGE"", ""destination_id"": ""METRO_VADAPALANI""}",ANSWERABLE_NOW,template_instantiation,TMPL_SERVICE_FREQUENCY_HI_LATN_19
PILOT_T2_TR_003986,,SFAM_MULTIMODAL_ROUTE_009,FAM_MULTIMODAL_ROUTE_009,PARA_MULTIMODAL_ROUTE_8_3,T2_MEDIUM_V1,route_query,PLAN_MULTIMODAL_ROUTE,Please tell: Can you give combined bus and train route from Madurantakam to Saidapet (F9)? #2,hi-en,Latn,CS3,N0,"{""origin"": ""Madurantakam"", ""destination"": ""Saidapet"", ""transport_mode"": ""bus and train""}","{""origin_id"": ""BUS_5306412986"", ""destination_id"": ""METRO_SAIDAPET""}",ANSWERABLE_WITH_PROVISIONAL_DATA,template_instantiation,TMPL_MULTIMODAL_ROUTE_HINGLISH_LATN_8
PILOT_T2_TR_003987,,SFAM_OUT_OF_SCOPE_015,FAM_OUT_OF_SCOPE_015,PARA_OUT_OF_SCOPE_14_3,T2_MEDIUM_V1,out_of_scope,REJECT_OUT_OF_SCOPE,Transit query: What is the general weather rain forecast in Chennai near Maruthi Hospital today (F15)? #5,hi-en,Latn,CS3,N1,"{""landmark"": ""Maruthi Hospital""}","{""place_id"": ""OSM_POI_7820652140""}",OUT_OF_SCOPE,template_instantiation,TMPL_OUT_OF_SCOPE_HINGLISH_LATN_14
PILOT_T2_TR_003988,,SFAM_INTERCHANGE_TRANSFER_009,FAM_INTERCHANGE_TRANSFER_009,PARA_INTERCHANGE_TRANSFER_8_0,T2_MEDIUM_V1,interchange_query,GET_INTERCHANGE_DETAILS,Quick check: How do I switch lines to connect towards Saidapet at Thirumangalam interchange? [xfer F9] #4,en,Latn,CS0,N0,"{""station"": ""Thirumangalam"", ""destination"": ""Saidapet"", ""facility_type"": ""interchange""}","{""station_id"": ""METRO_THIRUMANGALAM"", ""destination_id"": ""METRO_SAIDAPET""}",ANSWERABLE_AFTER_MANUAL_VERIFICATION,template_instantiation,TMPL_INTERCHANGE_TRANSFER_EN_8
PILOT_T2_TR_003989,,SFAM_MULTIMODAL_ROUTE_014,FAM_MULTIMODAL_ROUTE_014,PARA_MULTIMODAL_ROUTE_13_3,T2_MEDIUM_V1,route_query,PLAN_MULTIMODAL_ROUTE,Could you specify Can you give combined bus and train route from Uttiramerur to Airport (F14)?? #3,hi-en,Latn,CS3,N2,"{""origin"": ""Uttiramerur"", ""destination"": ""Airport"", ""transport_mode"": ""bus and train""}","{""origin_id"": ""BUS_4987577873"", ""destination_id"": ""METRO_CHENNAI_INTERNATIONAL_AIRPORT""}",ANSWERABLE_WITH_PROVISIONAL_DATA,template_instantiation,TMPL_MULTIMODAL_ROUTE_HINGLISH_LATN_13
PILOT_T2_TR_003990,,SFAM_POINT_TO_POINT_ROUTE_002,FAM_POINT_TO_POINT_ROUTE_002,PARA_POINT_TO_POINT_ROUTE_1_3,T2_MEDIUM_V1,route_query,PLAN_ROUTE,Quick check: Chennai Central to Thirumangalam metro ride ka best direct route bataiye (F2) #4,hi-en,Latn,CS3,N1,"{""origin"": ""Chennai Central"", ""destination"": ""Thirumangalam"", ""transport_mode"": ""metro""}","{""origin_id"": ""METRO_PURATCHI_THALAIVAR_DR__M_G_RAMACHANDRAN_CENTRAL"", ""destination_id"": ""METRO_THIRUMANGALAM""}",ANSWERABLE_WITH_PROVISIONAL_DATA,template_instantiation,TMPL_POINT_TO_POINT_ROUTE_HINGLISH_LATN_1
PILOT_T2_TR_003991,,SFAM_SERVICE_FREQUENCY_015,FAM_SERVICE_FREQUENCY_015,PARA_SERVICE_FREQUENCY_14_3,T2_MEDIUM_V1,service_timing,GET_SERVICE_FREQUENCY,Please tell: Peak hour frequency and normal headway between Little Mount and Chennai Central (F15) #2,hi-en,Latn,CS3,N1,"{""origin"": ""Little Mount"", ""destination"": ""Chennai Central"", ""timing_type"": ""frequency"", ""transport_mode"": ""metro""}","{""origin_id"": ""METRO_LITTLE_MOUNT"", ""destination_id"": ""METRO_PURATCHI_THALAIVAR_DR__M_G_RAMACHANDRAN_CENTRAL""}",ANSWERABLE_NOW,template_instantiation,TMPL_SERVICE_FREQUENCY_HINGLISH_LATN_14
PILOT_T2_TR_003992,,SFAM_STATION_FACILITIES_018,FAM_STATION_FACILITIES_018,PARA_STATION_FACILITIES_17_2,T2_MEDIUM_V1,station_facilities,GET_STATION_FACILITY,Could you specify kya nehru park station par passenger bike parking service available hai? [amenity F18]? #3,hi,Latn,CS0,N0,"{""station"": ""nehru park"", ""facility_type"": ""two_wheeler_parking"", ""transport_mode"": ""metro""}","{""station_id"": ""METRO_NEHRU_PARK""}",ANSWERABLE_NOW,template_instantiation,TMPL_STATION_FACILITIES_HI_LATN_17
PILOT_T2_TR_003993,,SFAM_SCHEDULED_DEPARTURE_001,FAM_SCHEDULED_DEPARTURE_001,PARA_SCHEDULED_DEPARTURE_0_0,T2_MEDIUM_V1,service_timing,GET_SCHEDULED_DEPARTURES,Could you specify Show metro departure timetable at bare 8 o'clock from Airport [sched F1]? #3,en,Latn,CS0,N0,"{""origin"": ""Airport"", ""time"": ""8 o'clock"", ""temporal_ambiguity"": true, ""dual_candidates"": [""08:00:00"", ""20:00:00""]}","{""origin_id"": ""METRO_CHENNAI_INTERNATIONAL_AIRPORT""}",ANSWERABLE_NOW,template_instantiation,TMPL_SCHEDULED_DEPARTURE_EN_0
PILOT_T2_TR_003994,,SFAM_STATION_FACILITIES_010,FAM_STATION_FACILITIES_010,PARA_STATION_FACILITIES_9_2,T2_MEDIUM_V1,station_facilities,GET_STATION_FACILITY,Quick check: kya anna nagar tower station par passenger bike parking service available hai? [amenity F10] #4,hi,Latn,CS0,N0,"{""station"": ""anna nagar tower"", ""facility_type"": ""two_wheeler_parking"", ""transport_mode"": ""metro""}","{""station_id"": ""METRO_ANNA_NAGAR_TOWER""}",ANSWERABLE_NOW,template_instantiation,TMPL_STATION_FACILITIES_HI_LATN_9
PILOT_T2_TR_003995,,SFAM_STATION_FACILITIES_018,FAM_STATION_FACILITIES_018,PARA_STATION_FACILITIES_17_2,T2_MEDIUM_V1,station_facilities,GET_STATION_FACILITY,Please tell: kya nehru park station par passenger bike parking service available hai? [amenity F18] #2,hi,Latn,CS0,N1,"{""station"": ""nehru park"", ""facility_type"": ""two_wheeler_parking"", ""transport_mode"": ""metro""}","{""station_id"": ""METRO_NEHRU_PARK""}",ANSWERABLE_NOW,template_instantiation,TMPL_STATION_FACILITIES_HI_LATN_17
PILOT_T2_TR_003996,,SFAM_POINT_TO_POINT_ROUTE_007,FAM_POINT_TO_POINT_ROUTE_007,PARA_POINT_TO_POINT_ROUTE_6_0,T2_MEDIUM_V1,route_query,PLAN_ROUTE,Could you specify How do I commute from Vadapalani to Washermenpet by metro? [pattern F7]? #3,en,Latn,CS0,N0,"{""origin"": ""Vadapalani"", ""destination"": ""Washermenpet"", ""transport_mode"": ""metro""}","{""origin_id"": ""METRO_VADAPALANI"", ""destination_id"": ""METRO_WASHERMENPET""}",ANSWERABLE_WITH_PROVISIONAL_DATA,template_instantiation,TMPL_POINT_TO_POINT_ROUTE_EN_6
PILOT_T2_TR_003997,,SFAM_MODE_AVAILABILITY_018,FAM_MODE_AVAILABILITY_018,PARA_MODE_AVAILABILITY_17_3,T2_MEDIUM_V1,service_availability,CHECK_SERVICE_AVAILABILITY,Is public transit operational connecting Nehru Park and Broadway (F18)?,hi-en,Latn,CS3,N0,"{""origin"": ""Nehru Park"", ""destination"": ""Broadway"", ""transport_mode"": ""public transit""}","{""origin_id"": ""METRO_NEHRU_PARK"", ""destination_id"": ""BUS_27618346""}",ANSWERABLE_WITH_PROVISIONAL_DATA,template_instantiation,TMPL_MODE_AVAILABILITY_HINGLISH_LATN_17
PILOT_T2_TR_003998,,SFAM_OUT_OF_SCOPE_015,FAM_OUT_OF_SCOPE_015,PARA_OUT_OF_SCOPE_14_3,T2_MEDIUM_V1,out_of_scope,REJECT_OUT_OF_SCOPE,"Excuse me, What is the general weather rain forecast in Chennai near Maruthi Hospital today (F15)? #6",hi-en,Latn,CS3,N2,"{""landmark"": ""Maruthi Hospital""}","{""place_id"": ""OSM_POI_7820652140""}",OUT_OF_SCOPE,template_instantiation,TMPL_OUT_OF_SCOPE_HINGLISH_LATN_14
PILOT_T2_TR_003999,,SFAM_SERVICE_FREQUENCY_018,FAM_SERVICE_FREQUENCY_018,PARA_SERVICE_FREQUENCY_17_0,T2_MEDIUM_V1,service_timing,GET_SERVICE_FREQUENCY,Please tell: How many minutes between trains on the line connecting Nehru Park and CMBT? [freq F18] #2,en,Latn,CS0,N0,"{""origin"": ""Nehru Park"", ""destination"": ""CMBT"", ""timing_type"": ""frequency"", ""transport_mode"": ""metro""}","{""origin_id"": ""METRO_NEHRU_PARK"", ""destination_id"": ""METRO_PURATCHI_THALAIVI_DR_J_JAYALALITHAA_CMBT""}",ANSWERABLE_NOW,template_instantiation,TMPL_SERVICE_FREQUENCY_EN_17
PILOT_T2_TR_004000,,SFAM_SCHEDULED_DEPARTURE_013,FAM_SCHEDULED_DEPARTURE_013,PARA_SCHEDULED_DEPARTURE_12_0,T2_MEDIUM_V1,service_timing,GET_SCHEDULED_DEPARTURES,Show metro departure timetable at bare 8 o'clock from Wimco Nagar Depot [sched F13],en,Latn,CS0,N0,"{""origin"": ""Wimco Nagar Depot"", ""time"": ""8 o'clock"", ""temporal_ambiguity"": true, ""dual_candidates"": [""08:00:00"", ""20:00:00""]}","{""origin_id"": ""METRO_WIMCO_NAGAR""}",ANSWERABLE_NOW,template_instantiation,TMPL_SCHEDULED_DEPARTURE_EN_12
PILOT_T2_TR_004001,,SFAM_ROUTE_STOP_SEQUENCE_017,FAM_ROUTE_STOP_SEQUENCE_017,PARA_ROUTE_STOP_SEQUENCE_16_0,T2_MEDIUM_V1,route_stops,LIST_ROUTE_STOPS,Could you specify List every intermediate stop along route 102 in order. [seq F17]? #3,en,Latn,CS0,N0,"{""route_number"": ""102"", ""transport_mode"": ""bus""}","{""route_id"": ""GTFS_ROUTE_16861""}",ANSWERABLE_WITH_PROVISIONAL_DATA,template_instantiation,TMPL_ROUTE_STOP_SEQUENCE_EN_16
PILOT_T2_TR_004002,,SFAM_TICKETING_AND_PASSES_005,FAM_TICKETING_AND_PASSES_005,PARA_TICKETING_AND_PASSES_4_3,T2_MEDIUM_V1,ticketing_rules,GET_TICKETING_POLICY,Could you specify How can regular passengers apply for and renew Student Concession Card (F5)?? #3,hi-en,Latn,CS3,N1,"{""ticket_type"": ""student_pass"", ""transport_mode"": ""transit""}",{},ANSWERABLE_NOW,template_instantiation,TMPL_TICKETING_AND_PASSES_HINGLISH_LATN_4
PILOT_T2_TR_004003,,SFAM_STATION_FACILITIES_001,FAM_STATION_FACILITIES_001,PARA_STATION_FACILITIES_0_0,T2_MEDIUM_V1,station_facilities,GET_STATION_FACILITY,Is car parking facility available at Airport metro station? [fac F1],en,Latn,CS0,N0,"{""station"": ""Airport"", ""facility_type"": ""parking"", ""transport_mode"": ""metro""}","{""station_id"": ""METRO_CHENNAI_INTERNATIONAL_AIRPORT""}",ANSWERABLE_NOW,template_instantiation,TMPL_STATION_FACILITIES_EN_0
PILOT_T2_TR_004004,,SFAM_REALTIME_STATUS_QUERY_012,FAM_REALTIME_STATUS_QUERY_012,PARA_REALTIME_STATUS_QUERY_11_3,T2_MEDIUM_V1,realtime_status_query,REJECT_UNSUPPORTED_REALTIME,Live crowd density and train arrival countdown at Thousand Lights right now (F12),hi-en,Latn,CS3,N0,"{""station"": ""Thousand Lights"", ""transport_mode"": ""metro""}","{""station_id"": ""METRO_THOUSAND_LIGHTS""}",REQUIRES_REALTIME_DATA,template_instantiation,TMPL_REALTIME_STATUS_QUERY_HINGLISH_LATN_11
PILOT_T2_TR_004005,,SFAM_TICKETING_AND_PASSES_003,FAM_TICKETING_AND_PASSES_003,PARA_TICKETING_AND_PASSES_2_3,T2_MEDIUM_V1,ticketing_rules,GET_TICKETING_POLICY,Quick check: How can regular passengers apply for and renew WhatsApp QR Ticket (F3)? #4,hi-en,Latn,CS3,N2,"{""ticket_type"": ""qr_ticket"", ""transport_mode"": ""transit""}",{},ANSWERABLE_NOW,template_instantiation,TMPL_TICKETING_AND_PASSES_HINGLISH_LATN_2
PILOT_T2_TR_004006,,SFAM_FARE_CALCULATION_005,FAM_FARE_CALCULATION_005,PARA_FARE_CALCULATION_4_0,T2_MEDIUM_V1,fare_query,CALCULATE_FARE,Could you specify What is the single-journey ticket fare from CMBT to Thousand Lights on metro? [fare F5]? #3,en,Latn,CS0,N0,"{""origin"": ""CMBT"", ""destination"": ""Thousand Lights"", ""fare_type"": ""token"", ""transport_mode"": ""metro""}","{""origin_id"": ""METRO_PURATCHI_THALAIVI_DR_J_JAYALALITHAA_CMBT"", ""destination_id"": ""METRO_THOUSAND_LIGHTS""}",ANSWERABLE_NOW,template_instantiation,TMPL_FARE_CALCULATION_EN_4
PILOT_T2_TR_004007,,SFAM_STATION_ACCESSIBILITY_010,FAM_STATION_ACCESSIBILITY_010,PARA_STATION_ACCESSIBILITY_9_1,T2_MEDIUM_V1,accessibility,GET_ACCESSIBILITY_INFO,Quick check: क्या अन्ना नगर टावर स्टेशन पर दिव्यांग यात्रियों के लिए यात्री लिफ्ट उपलब्ध है? (सुलभता F10) #4,hi,Deva,CS0,N0,"{""station"": ""अन्ना नगर टावर"", ""accessibility_feature"": ""lift"", ""transport_mode"": ""मेट्रो""}","{""station_id"": ""METRO_ANNA_NAGAR_TOWER""}",ANSWERABLE_NOW,template_instantiation,TMPL_STATION_ACCESSIBILITY_HI_DEVA_9
PILOT_T2_TR_004008,,SFAM_STATION_ACCESSIBILITY_016,FAM_STATION_ACCESSIBILITY_016,PARA_STATION_ACCESSIBILITY_15_0,T2_MEDIUM_V1,accessibility,GET_ACCESSIBILITY_INFO,Could you specify Are escalator stairs provisions available for differently abled passengers at Saidapet? [a11y F16]? #3,en,Latn,CS0,N0,"{""station"": ""Saidapet"", ""accessibility_feature"": ""escalator"", ""transport_mode"": ""metro""}","{""station_id"": ""METRO_SAIDAPET""}",ANSWERABLE_NOW,template_instantiation,TMPL_STATION_ACCESSIBILITY_EN_15
PILOT_T2_TR_004009,,SFAM_FARE_CALCULATION_011,FAM_FARE_CALCULATION_011,PARA_FARE_CALCULATION_10_0,T2_MEDIUM_V1,fare_query,CALCULATE_FARE,Transit query: What is the single-journey ticket fare from Egmore to Nehru Park on metro? [fare F11] #5,en,Latn,CS0,N0,"{""origin"": ""Egmore"", ""destination"": ""Nehru Park"", ""fare_type"": ""token"", ""transport_mode"": ""metro""}","{""origin_id"": ""METRO_EGMORE"", ""destination_id"": ""METRO_NEHRU_PARK""}",ANSWERABLE_NOW,template_instantiation,TMPL_FARE_CALCULATION_EN_10
PILOT_T2_TR_004010,,SFAM_MODE_AVAILABILITY_011,FAM_MODE_AVAILABILITY_011,PARA_MODE_AVAILABILITY_10_0,T2_MEDIUM_V1,service_availability,CHECK_SERVICE_AVAILABILITY,Could you specify Are there direct public transport options from Egmore to Kalpakkam? [avail F11]? #3,en,Latn,CS0,N0,"{""origin"": ""Egmore"", ""destination"": ""Kalpakkam"", ""transport_mode"": ""any""}","{""origin_id"": ""METRO_EGMORE"", ""destination_id"": ""BUS_30143150""}",ANSWERABLE_WITH_PROVISIONAL_DATA,template_instantiation,TMPL_MODE_AVAILABILITY_EN_10
PILOT_T2_TR_004011,,SFAM_INTERCHANGE_TRANSFER_009,FAM_INTERCHANGE_TRANSFER_009,PARA_INTERCHANGE_TRANSFER_8_4,T2_MEDIUM_V1,interchange_query,GET_INTERCHANGE_DETAILS,Could you specify Thirumangalam interchange par line switch connection point details check F9? #3,hi-en,Deva+Latn,CS4,N0,"{""station"": ""Thirumangalam"", ""facility_type"": ""interchange""}","{""station_id"": ""METRO_THIRUMANGALAM""}",ANSWERABLE_AFTER_MANUAL_VERIFICATION,template_instantiation,TMPL_INTERCHANGE_TRANSFER_MIXED_SCRIPT_CS_8
PILOT_T2_TR_004012,,SFAM_FIRST_AND_LAST_SERVICE_019,FAM_FIRST_AND_LAST_SERVICE_019,PARA_FIRST_AND_LAST_SERVICE_18_3,T2_MEDIUM_V1,service_timing,GET_FIRST_LAST_SERVICE,First train and last train operational hours between Kilpauk and Koyambedu (F19),hi-en,Latn,CS3,N0,"{""origin"": ""Kilpauk"", ""destination"": ""Koyambedu"", ""timing_type"": ""first_last"", ""transport_mode"": ""train""}","{""origin_id"": ""METRO_KILPAUK"", ""destination_id"": ""METRO_KOYAMBEDU""}",ANSWERABLE_NOW,template_instantiation,TMPL_FIRST_AND_LAST_SERVICE_HINGLISH_LATN_18
PILOT_T2_TR_004013,,SFAM_INTERCHANGE_TRANSFER_003,FAM_INTERCHANGE_TRANSFER_003,PARA_INTERCHANGE_TRANSFER_2_1,T2_MEDIUM_V1,interchange_query,GET_INTERCHANGE_DETAILS,गिंडी इंटरचेंज पर दूसरी लाइन में ट्रांसफर करने का मार्ग क्या है? (बदलाव F3),hi,Deva,CS0,N0,"{""station"": ""गिंडी"", ""facility_type"": ""इंटरचेंज""}","{""station_id"": ""METRO_GUINDY""}",ANSWERABLE_AFTER_MANUAL_VERIFICATION,template_instantiation,TMPL_INTERCHANGE_TRANSFER_HI_DEVA_2
PILOT_T2_TR_004014,,SFAM_INTERCHANGE_TRANSFER_012,FAM_INTERCHANGE_TRANSFER_012,PARA_INTERCHANGE_TRANSFER_11_3,T2_MEDIUM_V1,interchange_query,GET_INTERCHANGE_DETAILS,Quick check: Transfer walking time and directions at Thousand Lights multimodal terminal (F12) #4,hi-en,Latn,CS3,N0,"{""station"": ""Thousand Lights"", ""facility_type"": ""interchange""}","{""station_id"": ""METRO_THOUSAND_LIGHTS""}",ANSWERABLE_AFTER_MANUAL_VERIFICATION,template_instantiation,TMPL_INTERCHANGE_TRANSFER_HINGLISH_LATN_11
PILOT_T2_TR_004015,,SFAM_INTERCHANGE_TRANSFER_018,FAM_INTERCHANGE_TRANSFER_018,PARA_INTERCHANGE_TRANSFER_17_0,T2_MEDIUM_V1,interchange_query,GET_INTERCHANGE_DETAILS,Transit query: How do I switch lines to connect towards CMBT at Nehru Park interchange? [xfer F18] #5,en,Latn,CS0,N0,"{""station"": ""Nehru Park"", ""destination"": ""CMBT"", ""facility_type"": ""interchange""}","{""station_id"": ""METRO_NEHRU_PARK"", ""destination_id"": ""METRO_PURATCHI_THALAIVI_DR_J_JAYALALITHAA_CMBT""}",ANSWERABLE_AFTER_MANUAL_VERIFICATION,template_instantiation,TMPL_INTERCHANGE_TRANSFER_EN_17
PILOT_T2_TR_004016,,SFAM_STATION_FACILITIES_007,FAM_STATION_FACILITIES_007,PARA_STATION_FACILITIES_6_0,T2_MEDIUM_V1,station_facilities,GET_STATION_FACILITY,"Excuse me, Is EV vehicle charging facility available at Vadapalani metro station? [fac F7] #6",en,Latn,CS0,N0,"{""station"": ""Vadapalani"", ""facility_type"": ""ev_charging"", ""transport_mode"": ""metro""}","{""station_id"": ""METRO_VADAPALANI""}",ANSWERABLE_NOW,template_instantiation,TMPL_STATION_FACILITIES_EN_6
PILOT_T2_TR_004017,,SFAM_REALTIME_STATUS_QUERY_018,FAM_REALTIME_STATUS_QUERY_018,PARA_REALTIME_STATUS_QUERY_17_3,T2_MEDIUM_V1,realtime_status_query,REJECT_UNSUPPORTED_REALTIME,Quick check: Live crowd density and train arrival countdown at Nehru Park right now (F18) #4,hi-en,Latn,CS3,N0,"{""station"": ""Nehru Park"", ""transport_mode"": ""metro""}","{""station_id"": ""METRO_NEHRU_PARK""}",REQUIRES_REALTIME_DATA,template_instantiation,TMPL_REALTIME_STATUS_QUERY_HINGLISH_LATN_17
PILOT_T2_TR_004018,,SFAM_SERVICE_FREQUENCY_008,FAM_SERVICE_FREQUENCY_008,PARA_SERVICE_FREQUENCY_7_1,T2_MEDIUM_V1,service_timing,GET_SERVICE_FREQUENCY,Please tell: हाई कोर्ट और लिटिल माउंट के बीच मेट्रो हर कितने मिनट के अंतराल पर चलती है? (आवृत्ति F8) #2,hi,Deva,CS0,N0,"{""origin"": ""हाई कोर्ट"", ""destination"": ""लिटिल माउंट"", ""timing_type"": ""frequency"", ""transport_mode"": ""मेट्रो""}","{""origin_id"": ""METRO_HIGHCOURT"", ""destination_id"": ""METRO_LITTLE_MOUNT""}",ANSWERABLE_NOW,template_instantiation,TMPL_SERVICE_FREQUENCY_HI_DEVA_7
PILOT_T2_TR_004019,,SFAM_OUT_OF_SCOPE_006,FAM_OUT_OF_SCOPE_006,PARA_OUT_OF_SCOPE_5_1,T2_MEDIUM_V1,out_of_scope,REJECT_OUT_OF_SCOPE,"Excuse me, कोयम्बेडु के निकटतम सबसे अच्छे रेस्टोरेंट और भोजनालय की सूची दें। (बाहर F6) #6",hi,Deva,CS0,N0,"{""station"": ""कोयम्बेडु""}","{""station_id"": ""METRO_KOYAMBEDU""}",OUT_OF_SCOPE,template_instantiation,TMPL_OUT_OF_SCOPE_HI_DEVA_5
PILOT_T2_TR_004020,,SFAM_FARE_CALCULATION_015,FAM_FARE_CALCULATION_015,PARA_FARE_CALCULATION_14_1,T2_MEDIUM_V1,fare_query,CALCULATE_FARE,Please tell: लिटिल माउंट से चेन्नई सेंट्रल तक का मेट्रो का टोकन किराया कितना रुपया है? (किराया F15) #2,hi,Deva,CS0,N0,"{""origin"": ""लिटिल माउंट"", ""destination"": ""चेन्नई सेंट्रल"", ""fare_type"": ""टोकन"", ""transport_mode"": ""मेट्रो""}","{""origin_id"": ""METRO_LITTLE_MOUNT"", ""destination_id"": ""METRO_PURATCHI_THALAIVAR_DR__M_G_RAMACHANDRAN_CENTRAL""}",ANSWERABLE_NOW,template_instantiation,TMPL_FARE_CALCULATION_HI_DEVA_14
PILOT_T2_TR_004021,,SFAM_STATION_ACCESSIBILITY_002,FAM_STATION_ACCESSIBILITY_002,PARA_STATION_ACCESSIBILITY_1_3,T2_MEDIUM_V1,accessibility,GET_ACCESSIBILITY_INFO,Please tell: Verification of accessible passenger elevator lift support at Chennai Central metro (F2) #2,hi-en,Latn,CS3,N0,"{""station"": ""Chennai Central"", ""accessibility_feature"": ""lift"", ""transport_mode"": ""metro""}","{""station_id"": ""METRO_PURATCHI_THALAIVAR_DR__M_G_RAMACHANDRAN_CENTRAL""}",ANSWERABLE_NOW,template_instantiation,TMPL_STATION_ACCESSIBILITY_HINGLISH_LATN_1
PILOT_T2_TR_004022,,SFAM_REALTIME_STATUS_QUERY_003,FAM_REALTIME_STATUS_QUERY_003,PARA_REALTIME_STATUS_QUERY_2_1,T2_MEDIUM_V1,realtime_status_query,REJECT_UNSUPPORTED_REALTIME,क्या गिंडी से आने वाली ट्रेन अभी लेट चल रही है लाइव स्थिति बताएं? (ताज़ा F3),hi,Deva,CS0,N0,"{""origin"": ""गिंडी"", ""transport_mode"": ""ट्रेन""}","{""origin_id"": ""METRO_GUINDY""}",REQUIRES_REALTIME_DATA,template_instantiation,TMPL_REALTIME_STATUS_QUERY_HI_DEVA_2
PILOT_T2_TR_004023,,SFAM_STATION_FACILITIES_002,FAM_STATION_FACILITIES_002,PARA_STATION_FACILITIES_1_2,T2_MEDIUM_V1,station_facilities,GET_STATION_FACILITY,kya chennai central station par passenger bike parking service available hai? [amenity F2],hi,Latn,CS0,N0,"{""station"": ""chennai central"", ""facility_type"": ""two_wheeler_parking"", ""transport_mode"": ""metro""}","{""station_id"": ""METRO_PURATCHI_THALAIVAR_DR__M_G_RAMACHANDRAN_CENTRAL""}",ANSWERABLE_NOW,template_instantiation,TMPL_STATION_FACILITIES_HI_LATN_1
PILOT_T2_TR_004024,,SFAM_MODE_AVAILABILITY_001,FAM_MODE_AVAILABILITY_001,PARA_MODE_AVAILABILITY_0_4,T2_MEDIUM_V1,service_availability,CHECK_SERVICE_AVAILABILITY,Please tell: क्या Airport से Tambaram transport line active hai mode info F1 #2,hi-en,Deva+Latn,CS4,N0,"{""origin"": ""Airport"", ""destination"": ""Tambaram"", ""transport_mode"": ""transport""}","{""origin_id"": ""METRO_CHENNAI_INTERNATIONAL_AIRPORT"", ""destination_id"": ""BUS_5304399879""}",ANSWERABLE_WITH_PROVISIONAL_DATA,template_instantiation,TMPL_MODE_AVAILABILITY_MIXED_SCRIPT_CS_0
PILOT_T2_TR_004025,,SFAM_ROUTE_STOP_MEMBERSHIP_015,FAM_ROUTE_STOP_MEMBERSHIP_015,PARA_ROUTE_STOP_MEMBERSHIP_14_1,T2_MEDIUM_V1,route_stops,CHECK_STOP_ON_ROUTE,Could you specify क्या बस Green Line बस स्टैंड स्टॉप पर रुकती है? (जांच F15)? #3,hi,Deva,CS0,N0,"{""route_number"": ""Green Line"", ""stop"": ""बस स्टैंड"", ""transport_mode"": ""बस""}","{""route_id"": ""CMRL_GREEN_CORRIDOR_2"", ""stop_id"": ""BUS_5300484122""}",ANSWERABLE_WITH_PROVISIONAL_DATA,template_instantiation,TMPL_ROUTE_STOP_MEMBERSHIP_HI_DEVA_14
PILOT_T2_TR_004026,,SFAM_STATION_FACILITIES_009,FAM_STATION_FACILITIES_009,PARA_STATION_FACILITIES_8_4,T2_MEDIUM_V1,station_facilities,GET_STATION_FACILITY,Please tell: क्या Thirumangalam station par passengers ke liye car parking accessible hai F9 #2,hi-en,Deva+Latn,CS4,N0,"{""station"": ""Thirumangalam"", ""facility_type"": ""parking"", ""transport_mode"": ""metro""}","{""station_id"": ""METRO_THIRUMANGALAM""}",ANSWERABLE_NOW,template_instantiation,TMPL_STATION_FACILITIES_MIXED_SCRIPT_CS_8
PILOT_T2_TR_004027,,SFAM_OUT_OF_SCOPE_011,FAM_OUT_OF_SCOPE_011,PARA_OUT_OF_SCOPE_10_0,T2_MEDIUM_V1,out_of_scope,REJECT_OUT_OF_SCOPE,Could you specify Book a private cab taxi ride from Egmore to Nehru Park. [cab F11]? #3,en,Latn,CS0,N0,"{""origin"": ""Egmore"", ""destination"": ""Nehru Park""}","{""origin_id"": ""METRO_EGMORE"", ""destination_id"": ""METRO_NEHRU_PARK""}",OUT_OF_SCOPE,template_instantiation,TMPL_OUT_OF_SCOPE_EN_10
PILOT_T2_TR_004028,,SFAM_TICKETING_AND_PASSES_011,FAM_TICKETING_AND_PASSES_011,PARA_TICKETING_AND_PASSES_10_2,T2_MEDIUM_V1,ticketing_rules,GET_TICKETING_POLICY,Could you specify student pass recharge karne ka guidelines aur validity rule bataye. [card F11]? #3,hi,Latn,CS0,N0,"{""ticket_type"": ""student_pass"", ""transport_mode"": ""transit""}",{},ANSWERABLE_NOW,template_instantiation,TMPL_TICKETING_AND_PASSES_HI_LATN_10
PILOT_T2_TR_004029,,SFAM_STATION_ACCESSIBILITY_013,FAM_STATION_ACCESSIBILITY_013,PARA_STATION_ACCESSIBILITY_12_0,T2_MEDIUM_V1,accessibility,GET_ACCESSIBILITY_INFO,Please tell: Are wheelchair ramp provisions available for differently abled passengers at Wimco Nagar Depot? [a11y F13] #2,en,Latn,CS0,N0,"{""station"": ""Wimco Nagar Depot"", ""accessibility_feature"": ""wheelchair"", ""transport_mode"": ""metro""}","{""station_id"": ""METRO_WIMCO_NAGAR""}",ANSWERABLE_NOW,template_instantiation,TMPL_STATION_ACCESSIBILITY_EN_12
PILOT_T2_TR_004030,,SFAM_ROUTE_STOP_SEQUENCE_019,FAM_ROUTE_STOP_SEQUENCE_019,PARA_ROUTE_STOP_SEQUENCE_18_3,T2_MEDIUM_V1,route_stops,LIST_ROUTE_STOPS,Please tell: Full stop order details for bus number 570 please provide (F19) #2,hi-en,Latn,CS3,N0,"{""route_number"": ""570"", ""transport_mode"": ""bus""}","{""route_id"": ""GTFS_ROUTE_17967""}",ANSWERABLE_WITH_PROVISIONAL_DATA,template_instantiation,TMPL_ROUTE_STOP_SEQUENCE_HINGLISH_LATN_18
PILOT_T2_TR_004031,,SFAM_ROUTE_STOP_SEQUENCE_018,FAM_ROUTE_STOP_SEQUENCE_018,PARA_ROUTE_STOP_SEQUENCE_17_3,T2_MEDIUM_V1,route_stops,LIST_ROUTE_STOPS,Could you specify Full stop order details for bus number 102A please provide (F18)? #3,hi-en,Latn,CS3,N2,"{""route_number"": ""102A"", ""transport_mode"": ""bus""}","{""route_id"": ""GTFS_ROUTE_10248""}",ANSWERABLE_WITH_PROVISIONAL_DATA,template_instantiation,TMPL_ROUTE_STOP_SEQUENCE_HINGLISH_LATN_17
PILOT_T2_TR_004032,,SFAM_INTERCHANGE_TRANSFER_020,FAM_INTERCHANGE_TRANSFER_020,PARA_INTERCHANGE_TRANSFER_19_0,T2_MEDIUM_V1,interchange_query,GET_INTERCHANGE_DETAILS,Please tell: How do I switch lines to connect towards Vadapalani at Pachaiyappa College interchange? [xfer F20] #2,en,Latn,CS0,N0,"{""station"": ""Pachaiyappa College"", ""destination"": ""Vadapalani"", ""facility_type"": ""interchange""}","{""station_id"": ""METRO_PACHAIYAPPA_S_COLLEGE"", ""destination_id"": ""METRO_VADAPALANI""}",ANSWERABLE_AFTER_MANUAL_VERIFICATION,template_instantiation,TMPL_INTERCHANGE_TRANSFER_EN_19
PILOT_T2_TR_004033,,SFAM_STATION_FACILITIES_005,FAM_STATION_FACILITIES_005,PARA_STATION_FACILITIES_4_0,T2_MEDIUM_V1,station_facilities,GET_STATION_FACILITY,"Hello assistant, Is car parking facility available at CMBT metro station? [fac F5] #7",en,Latn,CS0,N1,"{""station"": ""CMBT"", ""facility_type"": ""parking"", ""transport_mode"": ""metro""}","{""station_id"": ""METRO_PURATCHI_THALAIVI_DR_J_JAYALALITHAA_CMBT""}",ANSWERABLE_NOW,template_instantiation,TMPL_STATION_FACILITIES_EN_4
PILOT_T2_TR_004034,,SFAM_INTERCHANGE_TRANSFER_019,FAM_INTERCHANGE_TRANSFER_019,PARA_INTERCHANGE_TRANSFER_18_0,T2_MEDIUM_V1,interchange_query,GET_INTERCHANGE_DETAILS,Quick check: How do I switch lines to connect towards Koyambedu at Kilpauk interchange? [xfer F19] #4,en,Latn,CS0,N0,"{""station"": ""Kilpauk"", ""destination"": ""Koyambedu"", ""facility_type"": ""interchange""}","{""station_id"": ""METRO_KILPAUK"", ""destination_id"": ""METRO_KOYAMBEDU""}",ANSWERABLE_AFTER_MANUAL_VERIFICATION,template_instantiation,TMPL_INTERCHANGE_TRANSFER_EN_18
PILOT_T2_TR_004035,,SFAM_OUT_OF_SCOPE_009,FAM_OUT_OF_SCOPE_009,PARA_OUT_OF_SCOPE_8_3,T2_MEDIUM_V1,out_of_scope,REJECT_OUT_OF_SCOPE,What is the general weather rain forecast in Chennai near Karpaga Institute today (F9)?,hi-en,Latn,CS3,N0,"{""landmark"": ""Karpaga Institute""}","{""place_id"": ""OSM_POI_3082849503""}",OUT_OF_SCOPE,template_instantiation,TMPL_OUT_OF_SCOPE_HINGLISH_LATN_8
PILOT_T2_TR_004036,,SFAM_MULTIMODAL_ROUTE_014,FAM_MULTIMODAL_ROUTE_014,PARA_MULTIMODAL_ROUTE_13_1,T2_MEDIUM_V1,route_query,PLAN_MULTIMODAL_ROUTE,उत्तरामेरुर से एयरपोर्ट बस और मेट्रो मिलाकर सबसे तेज़ मार्ग कौन सा है? (योजना F14),hi,Deva,CS0,N0,"{""origin"": ""उत्तरामेरुर"", ""destination"": ""एयरपोर्ट"", ""transport_mode"": ""बस और मेट्रो""}","{""origin_id"": ""BUS_4987577873"", ""destination_id"": ""METRO_CHENNAI_INTERNATIONAL_AIRPORT""}",ANSWERABLE_WITH_PROVISIONAL_DATA,template_instantiation,TMPL_MULTIMODAL_ROUTE_HI_DEVA_13
PILOT_T2_TR_004037,,SFAM_NEAREST_TRANSPORT_010,FAM_NEAREST_TRANSPORT_010,PARA_NEAREST_TRANSPORT_9_4,T2_MEDIUM_V1,nearest_transport,FIND_NEAREST_STATION,Padalam Hospital ke pass nearest metro stop connection distance bataye F10,hi-en,Deva+Latn,CS4,N0,"{""landmark"": ""Padalam Hospital"", ""transport_mode"": ""metro""}","{""place_id"": ""OSM_POI_7257518724""}",ANSWERABLE_NOW,template_instantiation,TMPL_NEAREST_TRANSPORT_MIXED_SCRIPT_CS_9
PILOT_T2_TR_004038,,SFAM_TICKETING_AND_PASSES_015,FAM_TICKETING_AND_PASSES_015,PARA_TICKETING_AND_PASSES_14_1,T2_MEDIUM_V1,ticketing_rules,GET_TICKETING_POLICY,Transit query: यात्रियों के लिए क्यूआर टिकट प्राप्त करने के नियम और प्रक्रिया क्या हैं? (पास F15) #5,hi,Deva,CS0,N2,"{""ticket_type"": ""qr_ticket"", ""transport_mode"": ""पारगमन""}",{},ANSWERABLE_NOW,template_instantiation,TMPL_TICKETING_AND_PASSES_HI_DEVA_14
PILOT_T2_TR_004039,,SFAM_INTERCHANGE_TRANSFER_013,FAM_INTERCHANGE_TRANSFER_013,PARA_INTERCHANGE_TRANSFER_12_0,T2_MEDIUM_V1,interchange_query,GET_INTERCHANGE_DETAILS,Quick check: How do I switch lines to connect towards Pachaiyappa College at Wimco Nagar Depot interchange? [xfer F13] #4,en,Latn,CS0,N0,"{""station"": ""Wimco Nagar Depot"", ""destination"": ""Pachaiyappa College"", ""facility_type"": ""interchange""}","{""station_id"": ""METRO_WIMCO_NAGAR"", ""destination_id"": ""METRO_PACHAIYAPPA_S_COLLEGE""}",ANSWERABLE_AFTER_MANUAL_VERIFICATION,template_instantiation,TMPL_INTERCHANGE_TRANSFER_EN_12
PILOT_T2_TR_004040,,SFAM_ROUTE_STOP_SEQUENCE_001,FAM_ROUTE_STOP_SEQUENCE_001,PARA_ROUTE_STOP_SEQUENCE_0_0,T2_MEDIUM_V1,route_stops,LIST_ROUTE_STOPS,List every intermediate stop along route 21G in order. [seq F1],en,Latn,CS0,N0,"{""route_number"": ""21G"", ""transport_mode"": ""bus""}","{""route_id"": ""GTFS_ROUTE_8458""}",ANSWERABLE_WITH_PROVISIONAL_DATA,template_instantiation,TMPL_ROUTE_STOP_SEQUENCE_EN_0
PILOT_T2_TR_004041,,SFAM_MULTIMODAL_ROUTE_017,FAM_MULTIMODAL_ROUTE_017,PARA_MULTIMODAL_ROUTE_16_2,T2_MEDIUM_V1,route_query,PLAN_MULTIMODAL_ROUTE,tambaram se alandur bus aur metro switch karke shortest transit kya hai? [opt F17],hi,Latn,CS0,N1,"{""origin"": ""tambaram"", ""destination"": ""alandur"", ""transport_mode"": ""bus aur metro""}","{""origin_id"": ""BUS_5304399879"", ""destination_id"": ""METRO_ARIGNAR_ANNA_ALANDUR""}",ANSWERABLE_WITH_PROVISIONAL_DATA,template_instantiation,TMPL_MULTIMODAL_ROUTE_HI_LATN_16
PILOT_T2_TR_004042,,SFAM_OUT_OF_SCOPE_001,FAM_OUT_OF_SCOPE_001,PARA_OUT_OF_SCOPE_0_3,T2_MEDIUM_V1,out_of_scope,REJECT_OUT_OF_SCOPE,"Excuse me, What is the general weather rain forecast in Chennai near Marina Beach today (F1)? #6",hi-en,Latn,CS3,N0,"{""landmark"": ""Marina Beach""}","{""place_id"": ""OSM_POI_12137617372""}",OUT_OF_SCOPE,template_instantiation,TMPL_OUT_OF_SCOPE_HINGLISH_LATN_0
PILOT_T2_TR_004043,,SFAM_STATION_FACILITIES_014,FAM_STATION_FACILITIES_014,PARA_STATION_FACILITIES_13_3,T2_MEDIUM_V1,station_facilities,GET_STATION_FACILITY,"Excuse me, Does Washermenpet station premises include operational two-wheeler bike parking (F14)? #6",hi-en,Latn,CS3,N2,"{""station"": ""Washermenpet"", ""facility_type"": ""two_wheeler_parking"", ""transport_mode"": ""metro""}","{""station_id"": ""METRO_WASHERMENPET""}",ANSWERABLE_NOW,template_instantiation,TMPL_STATION_FACILITIES_HINGLISH_LATN_13
PILOT_T2_TR_004044,,SFAM_REALTIME_STATUS_QUERY_008,FAM_REALTIME_STATUS_QUERY_008,PARA_REALTIME_STATUS_QUERY_7_0,T2_MEDIUM_V1,realtime_status_query,REJECT_UNSUPPORTED_REALTIME,Could you specify Where is bus 47A right now and what is its live location? [live F8]? #3,en,Latn,CS0,N0,"{""route_number"": ""47A"", ""transport_mode"": ""bus""}","{""route_id"": ""GTFS_ROUTE_19412""}",REQUIRES_REALTIME_DATA,template_instantiation,TMPL_REALTIME_STATUS_QUERY_EN_7
PILOT_T2_TR_004045,,SFAM_SCHEDULED_DEPARTURE_005,FAM_SCHEDULED_DEPARTURE_005,PARA_SCHEDULED_DEPARTURE_4_2,T2_MEDIUM_V1,service_timing,GET_SCHEDULED_DEPARTURES,cmbt se sham 7 baje departure timing schedule bataye. [timetable F5],hi,Latn,CS0,N0,"{""origin"": ""cmbt"", ""time"": ""sham 7 baje"", ""resolved_time"": ""19:00:00""}","{""origin_id"": ""METRO_PURATCHI_THALAIVI_DR_J_JAYALALITHAA_CMBT""}",ANSWERABLE_NOW,template_instantiation,TMPL_SCHEDULED_DEPARTURE_HI_LATN_4
PILOT_T2_TR_004046,,SFAM_MULTIMODAL_ROUTE_009,FAM_MULTIMODAL_ROUTE_009,PARA_MULTIMODAL_ROUTE_8_1,T2_MEDIUM_V1,route_query,PLAN_MULTIMODAL_ROUTE,Could you specify मदुरंतकम से साइदापेट बस और मेट्रो मिलाकर सबसे तेज़ मार्ग कौन सा है? (योजना F9)? #3,hi,Deva,CS0,N0,"{""origin"": ""मदुरंतकम"", ""destination"": ""साइदापेट"", ""transport_mode"": ""बस और मेट्रो""}","{""origin_id"": ""BUS_5306412986"", ""destination_id"": ""METRO_SAIDAPET""}",ANSWERABLE_WITH_PROVISIONAL_DATA,template_instantiation,TMPL_MULTIMODAL_ROUTE_HI_DEVA_8
PILOT_T2_TR_004047,,SFAM_SCHEDULED_DEPARTURE_004,FAM_SCHEDULED_DEPARTURE_004,PARA_SCHEDULED_DEPARTURE_3_3,T2_MEDIUM_V1,service_timing,GET_SCHEDULED_DEPARTURES,Please tell: Alandur station se kal 8 baje train schedule kya hoga (F4) #2,hi-en,Latn,CS3,N0,"{""origin"": ""Alandur"", ""temporal_relative"": ""kal"", ""resolved_temporal_offset"": ""UNRESOLVED_TEMPORAL_AMBIGUITY"", ""time"": ""8 baje"", ""temporal_ambiguity"": true, ""dual_candidates"": [""08:00:00"", ""20:00:00""]}","{""origin_id"": ""METRO_ARIGNAR_ANNA_ALANDUR""}",ANSWERABLE_NOW,template_instantiation,TMPL_SCHEDULED_DEPARTURE_HINGLISH_LATN_3
PILOT_T2_TR_004048,,SFAM_MODE_AVAILABILITY_009,FAM_MODE_AVAILABILITY_009,PARA_MODE_AVAILABILITY_8_1,T2_MEDIUM_V1,service_availability,CHECK_SERVICE_AVAILABILITY,Transit query: क्या तिरुमंगलम से मदुरंतकम के लिए कोई सार्वजनिक बस या ट्रेन उपलब्ध है? (उपलब्धता F9) #5,hi,Deva,CS0,N2,"{""origin"": ""तिरुमंगलम"", ""destination"": ""मदुरंतकम"", ""transport_mode"": ""सार्वजनिक बस या ट्रेन""}","{""origin_id"": ""METRO_THIRUMANGALAM"", ""destination_id"": ""BUS_5306412986""}",ANSWERABLE_WITH_PROVISIONAL_DATA,template_instantiation,TMPL_MODE_AVAILABILITY_HI_DEVA_8
PILOT_T2_TR_004049,,SFAM_NEAREST_TRANSPORT_009,FAM_NEAREST_TRANSPORT_009,PARA_NEAREST_TRANSPORT_8_1,T2_MEDIUM_V1,nearest_transport,FIND_NEAREST_STATION,Quick check: कर्पगा संस्थान के सबसे निकटतम मेट्रो स्टेशन या बस स्टॉप कौन सा है? (निकट F9) #4,hi,Deva,CS0,N0,"{""landmark"": ""कर्पगा संस्थान"", ""transport_mode"": ""मेट्रो या बस""}","{""place_id"": ""OSM_POI_3082849503""}",ANSWERABLE_NOW,template_instantiation,TMPL_NEAREST_TRANSPORT_HI_DEVA_8
PILOT_T2_TR_004050,,SFAM_NEAREST_TRANSPORT_013,FAM_NEAREST_TRANSPORT_013,PARA_NEAREST_TRANSPORT_12_2,T2_MEDIUM_V1,nearest_transport,FIND_NEAREST_STATION,Please tell: great lakes institute se closest walking distance metro transit point kaunsa hai? [paas F13] #2,hi,Latn,CS0,N1,"{""landmark"": ""great lakes institute"", ""transport_mode"": ""metro""}","{""place_id"": ""OSM_POI_577328882""}",ANSWERABLE_NOW,template_instantiation,TMPL_NEAREST_TRANSPORT_HI_LATN_12
PILOT_T2_TR_004051,,SFAM_OUT_OF_SCOPE_010,FAM_OUT_OF_SCOPE_010,PARA_OUT_OF_SCOPE_9_3,T2_MEDIUM_V1,out_of_scope,REJECT_OUT_OF_SCOPE,"Excuse me, What is the general weather rain forecast in Chennai near Padalam Hospital today (F10)? #6",hi-en,Latn,CS3,N2,"{""landmark"": ""Padalam Hospital""}","{""place_id"": ""OSM_POI_7257518724""}",OUT_OF_SCOPE,template_instantiation,TMPL_OUT_OF_SCOPE_HINGLISH_LATN_9
PILOT_T2_TR_004052,,SFAM_REALTIME_STATUS_QUERY_008,FAM_REALTIME_STATUS_QUERY_008,PARA_REALTIME_STATUS_QUERY_7_0,T2_MEDIUM_V1,realtime_status_query,REJECT_UNSUPPORTED_REALTIME,"Excuse me, Where is bus 47A right now and what is its live location? [live F8] #6",en,Latn,CS0,N0,"{""route_number"": ""47A"", ""transport_mode"": ""bus""}","{""route_id"": ""GTFS_ROUTE_19412""}",REQUIRES_REALTIME_DATA,template_instantiation,TMPL_REALTIME_STATUS_QUERY_EN_7
PILOT_T2_TR_004053,,SFAM_FARE_CALCULATION_003,FAM_FARE_CALCULATION_003,PARA_FARE_CALCULATION_2_2,T2_MEDIUM_V1,fare_query,CALCULATE_FARE,Please tell: guindy se anna nagar tower metro ride ka standard ticket cost kitna hoga? [kiraya F3] #2,hi,Latn,CS0,N0,"{""origin"": ""guindy"", ""destination"": ""anna nagar tower"", ""transport_mode"": ""metro""}","{""origin_id"": ""METRO_GUINDY"", ""destination_id"": ""METRO_ANNA_NAGAR_TOWER""}",ANSWERABLE_NOW,template_instantiation,TMPL_FARE_CALCULATION_HI_LATN_2
PILOT_T2_TR_004054,,SFAM_REALTIME_STATUS_QUERY_018,FAM_REALTIME_STATUS_QUERY_018,PARA_REALTIME_STATUS_QUERY_17_3,T2_MEDIUM_V1,realtime_status_query,REJECT_UNSUPPORTED_REALTIME,Transit query: Live crowd density and train arrival countdown at Nehru Park right now (F18) #5,hi-en,Latn,CS3,N0,"{""station"": ""Nehru Park"", ""transport_mode"": ""metro""}","{""station_id"": ""METRO_NEHRU_PARK""}",REQUIRES_REALTIME_DATA,template_instantiation,TMPL_REALTIME_STATUS_QUERY_HINGLISH_LATN_17
PILOT_T2_TR_004055,,SFAM_OUT_OF_SCOPE_015,FAM_OUT_OF_SCOPE_015,PARA_OUT_OF_SCOPE_14_4,T2_MEDIUM_V1,out_of_scope,REJECT_OUT_OF_SCOPE,Please tell: Little Mount ke pass hotel reservation aur movie ticket booking service F15 #2,hi-en,Deva+Latn,CS4,N0,"{""station"": ""Little Mount""}","{""station_id"": ""METRO_LITTLE_MOUNT""}",OUT_OF_SCOPE,template_instantiation,TMPL_OUT_OF_SCOPE_MIXED_SCRIPT_CS_14
PILOT_T2_TR_004056,,SFAM_POINT_TO_POINT_ROUTE_006,FAM_POINT_TO_POINT_ROUTE_006,PARA_POINT_TO_POINT_ROUTE_5_3,T2_MEDIUM_V1,route_query,PLAN_ROUTE,Koyambedu to Wimco Nagar Depot metro ride ka best direct route bataiye (F6),hi-en,Latn,CS3,N0,"{""origin"": ""Koyambedu"", ""destination"": ""Wimco Nagar Depot"", ""transport_mode"": ""metro""}","{""origin_id"": ""METRO_KOYAMBEDU"", ""destination_id"": ""METRO_WIMCO_NAGAR""}",ANSWERABLE_WITH_PROVISIONAL_DATA,template_instantiation,TMPL_POINT_TO_POINT_ROUTE_HINGLISH_LATN_5
PILOT_T2_TR_004057,,SFAM_TICKETING_AND_PASSES_015,FAM_TICKETING_AND_PASSES_015,PARA_TICKETING_AND_PASSES_14_3,T2_MEDIUM_V1,ticketing_rules,GET_TICKETING_POLICY,"Excuse me, How can regular passengers apply for and renew WhatsApp QR Ticket (F15)? #6",hi-en,Latn,CS3,N2,"{""ticket_type"": ""qr_ticket"", ""transport_mode"": ""transit""}",{},ANSWERABLE_NOW,template_instantiation,TMPL_TICKETING_AND_PASSES_HINGLISH_LATN_14
PILOT_T2_TR_004058,,SFAM_MODE_AVAILABILITY_013,FAM_MODE_AVAILABILITY_013,PARA_MODE_AVAILABILITY_12_0,T2_MEDIUM_V1,service_availability,CHECK_SERVICE_AVAILABILITY,"Excuse me, Are there direct public transport options from Wimco Nagar Depot to Nelvoy? [avail F13] #6",en,Latn,CS0,N0,"{""origin"": ""Wimco Nagar Depot"", ""destination"": ""Nelvoy"", ""transport_mode"": ""any""}","{""origin_id"": ""METRO_WIMCO_NAGAR"", ""destination_id"": ""BUS_469106564""}",ANSWERABLE_WITH_PROVISIONAL_DATA,template_instantiation,TMPL_MODE_AVAILABILITY_EN_12
PILOT_T2_TR_004059,,SFAM_STATION_FACILITIES_020,FAM_STATION_FACILITIES_020,PARA_STATION_FACILITIES_19_1,T2_MEDIUM_V1,station_facilities,GET_STATION_FACILITY,"Excuse me, क्या पचैयप्पा कॉलेज मेट्रो स्टेशन पर साइकिल स्टैंड की व्यवस्था उपलब्ध है? (सुविधा F20) #6",hi,Deva,CS0,N0,"{""station"": ""पचैयप्पा कॉलेज"", ""facility_type"": ""bicycle_stand"", ""transport_mode"": ""मेट्रो""}","{""station_id"": ""METRO_PACHAIYAPPA_S_COLLEGE""}",ANSWERABLE_NOW,template_instantiation,TMPL_STATION_FACILITIES_HI_DEVA_19
PILOT_T2_TR_004060,,SFAM_POINT_TO_POINT_ROUTE_001,FAM_POINT_TO_POINT_ROUTE_001,PARA_POINT_TO_POINT_ROUTE_0_0,T2_MEDIUM_V1,route_query,PLAN_ROUTE,Could you specify How do I commute from Airport to High Court by metro? [pattern F1]? #3,en,Latn,CS0,N0,"{""origin"": ""Airport"", ""destination"": ""High Court"", ""transport_mode"": ""metro""}","{""origin_id"": ""METRO_CHENNAI_INTERNATIONAL_AIRPORT"", ""destination_id"": ""METRO_HIGHCOURT""}",ANSWERABLE_WITH_PROVISIONAL_DATA,template_instantiation,TMPL_POINT_TO_POINT_ROUTE_EN_0
PILOT_T2_TR_004061,,SFAM_REALTIME_STATUS_QUERY_016,FAM_REALTIME_STATUS_QUERY_016,PARA_REALTIME_STATUS_QUERY_15_4,T2_MEDIUM_V1,realtime_status_query,REJECT_UNSUPPORTED_REALTIME,Please tell: Saidapet se metro live delay status aur real time position tracking F16 #2,hi-en,Deva+Latn,CS4,N0,"{""origin"": ""Saidapet"", ""transport_mode"": ""metro""}","{""origin_id"": ""METRO_SAIDAPET""}",REQUIRES_REALTIME_DATA,template_instantiation,TMPL_REALTIME_STATUS_QUERY_MIXED_SCRIPT_CS_15
PILOT_T2_TR_004062,,SFAM_STATION_FACILITIES_002,FAM_STATION_FACILITIES_002,PARA_STATION_FACILITIES_1_4,T2_MEDIUM_V1,station_facilities,GET_STATION_FACILITY,क्या Chennai Central station par passengers ke liye two-wheeler bike parking accessible hai F2,hi-en,Deva+Latn,CS4,N0,"{""station"": ""Chennai Central"", ""facility_type"": ""two_wheeler_parking"", ""transport_mode"": ""metro""}","{""station_id"": ""METRO_PURATCHI_THALAIVAR_DR__M_G_RAMACHANDRAN_CENTRAL""}",ANSWERABLE_NOW,template_instantiation,TMPL_STATION_FACILITIES_MIXED_SCRIPT_CS_1
PILOT_T2_TR_004063,,SFAM_REALTIME_STATUS_QUERY_017,FAM_REALTIME_STATUS_QUERY_017,PARA_REALTIME_STATUS_QUERY_16_3,T2_MEDIUM_V1,realtime_status_query,REJECT_UNSUPPORTED_REALTIME,Live crowd density and train arrival countdown at St. Thomas Mount right now (F17),hi-en,Latn,CS3,N0,"{""station"": ""St. Thomas Mount"", ""transport_mode"": ""metro""}","{""station_id"": ""METRO_ST__THOMAS_MOUNT""}",REQUIRES_REALTIME_DATA,template_instantiation,TMPL_REALTIME_STATUS_QUERY_HINGLISH_LATN_16
PILOT_T2_TR_004064,,SFAM_NEAREST_TRANSPORT_003,FAM_NEAREST_TRANSPORT_003,PARA_NEAREST_TRANSPORT_2_0,T2_MEDIUM_V1,nearest_transport,FIND_NEAREST_STATION,Quick check: Which is the nearest metro station or transit stop to Great Lakes Institute? [loc F3] #4,en,Latn,CS0,N0,"{""landmark"": ""Great Lakes Institute"", ""transport_mode"": ""metro""}","{""place_id"": ""OSM_POI_577328882""}",ANSWERABLE_NOW,template_instantiation,TMPL_NEAREST_TRANSPORT_EN_2
PILOT_T2_TR_004065,,SFAM_OUT_OF_SCOPE_003,FAM_OUT_OF_SCOPE_003,PARA_OUT_OF_SCOPE_2_3,T2_MEDIUM_V1,out_of_scope,REJECT_OUT_OF_SCOPE,Transit query: What is the general weather rain forecast in Chennai near Great Lakes Institute today (F3)? #5,hi-en,Latn,CS3,N0,"{""landmark"": ""Great Lakes Institute""}","{""place_id"": ""OSM_POI_577328882""}",OUT_OF_SCOPE,template_instantiation,TMPL_OUT_OF_SCOPE_HINGLISH_LATN_2
PILOT_T2_TR_004066,,SFAM_STATION_FACILITIES_007,FAM_STATION_FACILITIES_007,PARA_STATION_FACILITIES_6_1,T2_MEDIUM_V1,station_facilities,GET_STATION_FACILITY,क्या वडपलनी मेट्रो स्टेशन पर ईवी चार्जिंग की व्यवस्था उपलब्ध है? (सुविधा F7),hi,Deva,CS0,N1,"{""station"": ""वडपलनी"", ""facility_type"": ""ev_charging"", ""transport_mode"": ""मेट्रो""}","{""station_id"": ""METRO_VADAPALANI""}",ANSWERABLE_NOW,template_instantiation,TMPL_STATION_FACILITIES_HI_DEVA_6
PILOT_T2_TR_004067,,SFAM_ROUTE_STOP_MEMBERSHIP_013,FAM_ROUTE_STOP_MEMBERSHIP_013,PARA_ROUTE_STOP_MEMBERSHIP_12_0,T2_MEDIUM_V1,route_stops,CHECK_STOP_ON_ROUTE,Could you specify Does bus route 15 CT8 make a scheduled halt at Nelvoy? [chk F13]? #3,en,Latn,CS0,N0,"{""route_number"": ""15 CT8"", ""stop"": ""Nelvoy"", ""transport_mode"": ""bus""}","{""route_id"": ""GTFS_ROUTE_20494"", ""stop_id"": ""BUS_469106564""}",ANSWERABLE_WITH_PROVISIONAL_DATA,template_instantiation,TMPL_ROUTE_STOP_MEMBERSHIP_EN_12
PILOT_T2_TR_004068,,SFAM_INTERCHANGE_TRANSFER_019,FAM_INTERCHANGE_TRANSFER_019,PARA_INTERCHANGE_TRANSFER_18_1,T2_MEDIUM_V1,interchange_query,GET_INTERCHANGE_DETAILS,"Excuse me, किल्पौक इंटरचेंज पर दूसरी लाइन में ट्रांसफर करने का मार्ग क्या है? (बदलाव F19) #6",hi,Deva,CS0,N0,"{""station"": ""किल्पौक"", ""facility_type"": ""इंटरचेंज""}","{""station_id"": ""METRO_KILPAUK""}",ANSWERABLE_AFTER_MANUAL_VERIFICATION,template_instantiation,TMPL_INTERCHANGE_TRANSFER_HI_DEVA_18
PILOT_T2_TR_004069,,SFAM_FARE_CALCULATION_005,FAM_FARE_CALCULATION_005,PARA_FARE_CALCULATION_4_0,T2_MEDIUM_V1,fare_query,CALCULATE_FARE,Transit query: What is the single-journey ticket fare from CMBT to Thousand Lights on metro? [fare F5] #5,en,Latn,CS0,N0,"{""origin"": ""CMBT"", ""destination"": ""Thousand Lights"", ""fare_type"": ""token"", ""transport_mode"": ""metro""}","{""origin_id"": ""METRO_PURATCHI_THALAIVI_DR_J_JAYALALITHAA_CMBT"", ""destination_id"": ""METRO_THOUSAND_LIGHTS""}",ANSWERABLE_NOW,template_instantiation,TMPL_FARE_CALCULATION_EN_4
PILOT_T2_TR_004070,,SFAM_ROUTE_STOP_MEMBERSHIP_010,FAM_ROUTE_STOP_MEMBERSHIP_010,PARA_ROUTE_STOP_MEMBERSHIP_9_1,T2_MEDIUM_V1,route_stops,CHECK_STOP_ON_ROUTE,क्या बस 12G करुंगुझि स्टॉप पर रुकती है? (जांच F10),hi,Deva,CS0,N0,"{""route_number"": ""12G"", ""stop"": ""करुंगुझि"", ""transport_mode"": ""बस""}","{""route_id"": ""GTFS_ROUTE_18750"", ""stop_id"": ""BUS_5274698920""}",ANSWERABLE_WITH_PROVISIONAL_DATA,template_instantiation,TMPL_ROUTE_STOP_MEMBERSHIP_HI_DEVA_9
PILOT_T2_TR_004071,,SFAM_FIRST_AND_LAST_SERVICE_018,FAM_FIRST_AND_LAST_SERVICE_018,PARA_FIRST_AND_LAST_SERVICE_17_1,T2_MEDIUM_V1,service_timing,GET_FIRST_LAST_SERVICE,Please tell: नेहरू पार्क से सीएमबीटी के लिए पहली और आखिरी ट्रेन का समय क्या है? (समय F18) #2,hi,Deva,CS0,N0,"{""origin"": ""नेहरू पार्क"", ""destination"": ""सीएमबीटी"", ""timing_type"": ""first_last"", ""transport_mode"": ""ट्रेन""}","{""origin_id"": ""METRO_NEHRU_PARK"", ""destination_id"": ""METRO_PURATCHI_THALAIVI_DR_J_JAYALALITHAA_CMBT""}",ANSWERABLE_NOW,template_instantiation,TMPL_FIRST_AND_LAST_SERVICE_HI_DEVA_17
PILOT_T2_TR_004072,,SFAM_STATION_ACCESSIBILITY_003,FAM_STATION_ACCESSIBILITY_003,PARA_STATION_ACCESSIBILITY_2_0,T2_MEDIUM_V1,accessibility,GET_ACCESSIBILITY_INFO,Please tell: Are tactile floor paths provisions available for differently abled passengers at Guindy? [a11y F3] #2,en,Latn,CS0,N0,"{""station"": ""Guindy"", ""accessibility_feature"": ""tactile_path"", ""transport_mode"": ""metro""}","{""station_id"": ""METRO_GUINDY""}",ANSWERABLE_NOW,template_instantiation,TMPL_STATION_ACCESSIBILITY_EN_2
PILOT_T2_TR_004073,,SFAM_OUT_OF_SCOPE_013,FAM_OUT_OF_SCOPE_013,PARA_OUT_OF_SCOPE_12_3,T2_MEDIUM_V1,out_of_scope,REJECT_OUT_OF_SCOPE,Please tell: What is the general weather rain forecast in Chennai near Great Lakes Institute today (F13)? #2,hi-en,Latn,CS3,N0,"{""landmark"": ""Great Lakes Institute""}","{""place_id"": ""OSM_POI_577328882""}",OUT_OF_SCOPE,template_instantiation,TMPL_OUT_OF_SCOPE_HINGLISH_LATN_12
PILOT_T2_TR_004074,,SFAM_STATION_ACCESSIBILITY_008,FAM_STATION_ACCESSIBILITY_008,PARA_STATION_ACCESSIBILITY_7_2,T2_MEDIUM_V1,accessibility,GET_ACCESSIBILITY_INFO,Quick check: kya high court metro station me wheelchair disabled ke liye escalator hai? [barrier-free F8] #4,hi,Latn,CS0,N0,"{""station"": ""high court"", ""accessibility_feature"": ""escalator"", ""transport_mode"": ""metro""}","{""station_id"": ""METRO_HIGHCOURT""}",ANSWERABLE_NOW,template_instantiation,TMPL_STATION_ACCESSIBILITY_HI_LATN_7
PILOT_T2_TR_004075,,SFAM_NEAREST_TRANSPORT_017,FAM_NEAREST_TRANSPORT_017,PARA_NEAREST_TRANSPORT_16_1,T2_MEDIUM_V1,nearest_transport,FIND_NEAREST_STATION,मातृ शिशु अस्पताल के सबसे निकटतम मेट्रो स्टेशन या बस स्टॉप कौन सा है? (निकट F17),hi,Deva,CS0,N1,"{""landmark"": ""मातृ शिशु अस्पताल"", ""transport_mode"": ""मेट्रो या बस""}","{""place_id"": ""OSM_POI_7257518731""}",ANSWERABLE_NOW,template_instantiation,TMPL_NEAREST_TRANSPORT_HI_DEVA_16
PILOT_T2_TR_004076,,SFAM_MODE_AVAILABILITY_007,FAM_MODE_AVAILABILITY_007,PARA_MODE_AVAILABILITY_6_4,T2_MEDIUM_V1,service_availability,CHECK_SERVICE_AVAILABILITY,Please tell: क्या Vadapalani से Thiruvanmiyur transport line active hai mode info F7 #2,hi-en,Deva+Latn,CS4,N0,"{""origin"": ""Vadapalani"", ""destination"": ""Thiruvanmiyur"", ""transport_mode"": ""transport""}","{""origin_id"": ""METRO_VADAPALANI"", ""destination_id"": ""BUS_3247310920""}",ANSWERABLE_WITH_PROVISIONAL_DATA,template_instantiation,TMPL_MODE_AVAILABILITY_MIXED_SCRIPT_CS_6
PILOT_T2_TR_004077,,SFAM_STATION_ACCESSIBILITY_005,FAM_STATION_ACCESSIBILITY_005,PARA_STATION_ACCESSIBILITY_4_1,T2_MEDIUM_V1,accessibility,GET_ACCESSIBILITY_INFO,"Excuse me, क्या सीएमबीटी स्टेशन पर दिव्यांग यात्रियों के लिए व्हीलचेयर रैंप उपलब्ध है? (सुलभता F5) #6",hi,Deva,CS0,N0,"{""station"": ""सीएमबीटी"", ""accessibility_feature"": ""wheelchair"", ""transport_mode"": ""मेट्रो""}","{""station_id"": ""METRO_PURATCHI_THALAIVI_DR_J_JAYALALITHAA_CMBT""}",ANSWERABLE_NOW,template_instantiation,TMPL_STATION_ACCESSIBILITY_HI_DEVA_4
PILOT_T2_TR_004078,,SFAM_REALTIME_STATUS_QUERY_002,FAM_REALTIME_STATUS_QUERY_002,PARA_REALTIME_STATUS_QUERY_1_4,T2_MEDIUM_V1,realtime_status_query,REJECT_UNSUPPORTED_REALTIME,Could you specify Chennai Central se metro live delay status aur real time position tracking F2? #3,hi-en,Deva+Latn,CS4,N1,"{""origin"": ""Chennai Central"", ""transport_mode"": ""metro""}","{""origin_id"": ""METRO_PURATCHI_THALAIVAR_DR__M_G_RAMACHANDRAN_CENTRAL""}",REQUIRES_REALTIME_DATA,template_instantiation,TMPL_REALTIME_STATUS_QUERY_MIXED_SCRIPT_CS_1
PILOT_T2_TR_004079,,SFAM_ROUTE_STOP_SEQUENCE_010,FAM_ROUTE_STOP_SEQUENCE_010,PARA_ROUTE_STOP_SEQUENCE_9_0,T2_MEDIUM_V1,route_stops,LIST_ROUTE_STOPS,Could you specify List every intermediate stop along route 12G in order. [seq F10]? #3,en,Latn,CS0,N0,"{""route_number"": ""12G"", ""transport_mode"": ""bus""}","{""route_id"": ""GTFS_ROUTE_18750""}",ANSWERABLE_WITH_PROVISIONAL_DATA,template_instantiation,TMPL_ROUTE_STOP_SEQUENCE_EN_9
PILOT_T2_TR_004080,,SFAM_REALTIME_STATUS_QUERY_014,FAM_REALTIME_STATUS_QUERY_014,PARA_REALTIME_STATUS_QUERY_13_4,T2_MEDIUM_V1,realtime_status_query,REJECT_UNSUPPORTED_REALTIME,Washermenpet se metro live delay status aur real time position tracking F14,hi-en,Deva+Latn,CS4,N0,"{""origin"": ""Washermenpet"", ""transport_mode"": ""metro""}","{""origin_id"": ""METRO_WASHERMENPET""}",REQUIRES_REALTIME_DATA,template_instantiation,TMPL_REALTIME_STATUS_QUERY_MIXED_SCRIPT_CS_13
PILOT_T2_TR_004081,,SFAM_TICKETING_AND_PASSES_019,FAM_TICKETING_AND_PASSES_019,PARA_TICKETING_AND_PASSES_18_1,T2_MEDIUM_V1,ticketing_rules,GET_TICKETING_POLICY,यात्रियों के लिए मासिक पास प्राप्त करने के नियम और प्रक्रिया क्या हैं? (पास F19),hi,Deva,CS0,N1,"{""ticket_type"": ""monthly_pass"", ""transport_mode"": ""पारगमन""}",{},ANSWERABLE_NOW,template_instantiation,TMPL_TICKETING_AND_PASSES_HI_DEVA_18
PILOT_T2_TR_004082,,SFAM_FIRST_AND_LAST_SERVICE_004,FAM_FIRST_AND_LAST_SERVICE_004,PARA_FIRST_AND_LAST_SERVICE_3_0,T2_MEDIUM_V1,service_timing,GET_FIRST_LAST_SERVICE,Please tell: What time does the earliest and latest train depart Alandur for Egmore? [hrs F4] #2,en,Latn,CS0,N0,"{""origin"": ""Alandur"", ""destination"": ""Egmore"", ""timing_type"": ""first_last"", ""transport_mode"": ""metro""}","{""origin_id"": ""METRO_ARIGNAR_ANNA_ALANDUR"", ""destination_id"": ""METRO_EGMORE""}",ANSWERABLE_NOW,template_instantiation,TMPL_FIRST_AND_LAST_SERVICE_EN_3
PILOT_T2_TR_004083,,SFAM_INTERCHANGE_TRANSFER_019,FAM_INTERCHANGE_TRANSFER_019,PARA_INTERCHANGE_TRANSFER_18_1,T2_MEDIUM_V1,interchange_query,GET_INTERCHANGE_DETAILS,Could you specify किल्पौक इंटरचेंज पर दूसरी लाइन में ट्रांसफर करने का मार्ग क्या है? (बदलाव F19)? #3,hi,Deva,CS0,N0,"{""station"": ""किल्पौक"", ""facility_type"": ""इंटरचेंज""}","{""station_id"": ""METRO_KILPAUK""}",ANSWERABLE_AFTER_MANUAL_VERIFICATION,template_instantiation,TMPL_INTERCHANGE_TRANSFER_HI_DEVA_18
PILOT_T2_TR_004084,,SFAM_TICKETING_AND_PASSES_018,FAM_TICKETING_AND_PASSES_018,PARA_TICKETING_AND_PASSES_17_0,T2_MEDIUM_V1,ticketing_rules,GET_TICKETING_POLICY,What are the rules and procedure to purchase a National Common Mobility Card for commuters? [pass F18],en,Latn,CS0,N0,"{""ticket_type"": ""ncmc_card"", ""transport_mode"": ""transit""}",{},ANSWERABLE_NOW,template_instantiation,TMPL_TICKETING_AND_PASSES_EN_17
PILOT_T2_TR_004085,,SFAM_OUT_OF_SCOPE_008,FAM_OUT_OF_SCOPE_008,PARA_OUT_OF_SCOPE_7_3,T2_MEDIUM_V1,out_of_scope,REJECT_OUT_OF_SCOPE,What is the general weather rain forecast in Chennai near Madhuranthagam Hospital today (F8)?,hi-en,Latn,CS3,N0,"{""landmark"": ""Madhuranthagam Hospital""}","{""place_id"": ""OSM_POI_7257518777""}",OUT_OF_SCOPE,template_instantiation,TMPL_OUT_OF_SCOPE_HINGLISH_LATN_7
PILOT_T2_TR_004086,,SFAM_MODE_AVAILABILITY_001,FAM_MODE_AVAILABILITY_001,PARA_MODE_AVAILABILITY_0_3,T2_MEDIUM_V1,service_availability,CHECK_SERVICE_AVAILABILITY,Please tell: Is public transit operational connecting Airport and Tambaram (F1)? #2,hi-en,Latn,CS3,N0,"{""origin"": ""Airport"", ""destination"": ""Tambaram"", ""transport_mode"": ""public transit""}","{""origin_id"": ""METRO_CHENNAI_INTERNATIONAL_AIRPORT"", ""destination_id"": ""BUS_5304399879""}",ANSWERABLE_WITH_PROVISIONAL_DATA,template_instantiation,TMPL_MODE_AVAILABILITY_HINGLISH_LATN_0
PILOT_T2_TR_004087,,SFAM_INTERCHANGE_TRANSFER_011,FAM_INTERCHANGE_TRANSFER_011,PARA_INTERCHANGE_TRANSFER_10_0,T2_MEDIUM_V1,interchange_query,GET_INTERCHANGE_DETAILS,Please tell: How do I switch lines to connect towards Nehru Park at Egmore interchange? [xfer F11] #2,en,Latn,CS0,N0,"{""station"": ""Egmore"", ""destination"": ""Nehru Park"", ""facility_type"": ""interchange""}","{""station_id"": ""METRO_EGMORE"", ""destination_id"": ""METRO_NEHRU_PARK""}",ANSWERABLE_AFTER_MANUAL_VERIFICATION,template_instantiation,TMPL_INTERCHANGE_TRANSFER_EN_10
PILOT_T2_TR_004088,,SFAM_REALTIME_STATUS_QUERY_003,FAM_REALTIME_STATUS_QUERY_003,PARA_REALTIME_STATUS_QUERY_2_3,T2_MEDIUM_V1,realtime_status_query,REJECT_UNSUPPORTED_REALTIME,Quick check: Live crowd density and train arrival countdown at Guindy right now (F3) #4,hi-en,Latn,CS3,N2,"{""station"": ""Guindy"", ""transport_mode"": ""metro""}","{""station_id"": ""METRO_GUINDY""}",REQUIRES_REALTIME_DATA,template_instantiation,TMPL_REALTIME_STATUS_QUERY_HINGLISH_LATN_2
PILOT_T2_TR_004089,,SFAM_INTERCHANGE_TRANSFER_011,FAM_INTERCHANGE_TRANSFER_011,PARA_INTERCHANGE_TRANSFER_10_1,T2_MEDIUM_V1,interchange_query,GET_INTERCHANGE_DETAILS,"Excuse me, एग्मोर इंटरचेंज पर दूसरी लाइन में ट्रांसफर करने का मार्ग क्या है? (बदलाव F11) #6",hi,Deva,CS0,N0,"{""station"": ""एग्मोर"", ""facility_type"": ""इंटरचेंज""}","{""station_id"": ""METRO_EGMORE""}",ANSWERABLE_AFTER_MANUAL_VERIFICATION,template_instantiation,TMPL_INTERCHANGE_TRANSFER_HI_DEVA_10
PILOT_T2_TR_004090,,SFAM_OUT_OF_SCOPE_003,FAM_OUT_OF_SCOPE_003,PARA_OUT_OF_SCOPE_2_3,T2_MEDIUM_V1,out_of_scope,REJECT_OUT_OF_SCOPE,"Excuse me, What is the general weather rain forecast in Chennai near Great Lakes Institute today (F3)? #6",hi-en,Latn,CS3,N0,"{""landmark"": ""Great Lakes Institute""}","{""place_id"": ""OSM_POI_577328882""}",OUT_OF_SCOPE,template_instantiation,TMPL_OUT_OF_SCOPE_HINGLISH_LATN_2
PILOT_T2_TR_004091,,SFAM_POINT_TO_POINT_ROUTE_001,FAM_POINT_TO_POINT_ROUTE_001,PARA_POINT_TO_POINT_ROUTE_0_3,T2_MEDIUM_V1,route_query,PLAN_ROUTE,Quick check: Airport to High Court metro ride ka best direct route bataiye (F1) #4,hi-en,Latn,CS3,N1,"{""origin"": ""Airport"", ""destination"": ""High Court"", ""transport_mode"": ""metro""}","{""origin_id"": ""METRO_CHENNAI_INTERNATIONAL_AIRPORT"", ""destination_id"": ""METRO_HIGHCOURT""}",ANSWERABLE_WITH_PROVISIONAL_DATA,template_instantiation,TMPL_POINT_TO_POINT_ROUTE_HINGLISH_LATN_0
PILOT_T2_TR_004092,,SFAM_TICKETING_AND_PASSES_007,FAM_TICKETING_AND_PASSES_007,PARA_TICKETING_AND_PASSES_6_0,T2_MEDIUM_V1,ticketing_rules,GET_TICKETING_POLICY,Please tell: What are the rules and procedure to purchase a Monthly Season Pass for commuters? [pass F7] #2,en,Latn,CS0,N0,"{""ticket_type"": ""monthly_pass"", ""transport_mode"": ""transit""}",{},ANSWERABLE_NOW,template_instantiation,TMPL_TICKETING_AND_PASSES_EN_6
PILOT_T2_TR_004093,,SFAM_ROUTE_STOP_MEMBERSHIP_012,FAM_ROUTE_STOP_MEMBERSHIP_012,PARA_ROUTE_STOP_MEMBERSHIP_11_0,T2_MEDIUM_V1,route_stops,CHECK_STOP_ON_ROUTE,Does bus route 22 CT make a scheduled halt at Walajabad? [chk F12],en,Latn,CS0,N0,"{""route_number"": ""22 CT"", ""stop"": ""Walajabad"", ""transport_mode"": ""bus""}","{""route_id"": ""GTFS_ROUTE_18753"", ""stop_id"": ""BUS_261716087""}",ANSWERABLE_WITH_PROVISIONAL_DATA,template_instantiation,TMPL_ROUTE_STOP_MEMBERSHIP_EN_11
PILOT_T2_TR_004094,,SFAM_TICKETING_AND_PASSES_003,FAM_TICKETING_AND_PASSES_003,PARA_TICKETING_AND_PASSES_2_1,T2_MEDIUM_V1,ticketing_rules,GET_TICKETING_POLICY,यात्रियों के लिए क्यूआर टिकट प्राप्त करने के नियम और प्रक्रिया क्या हैं? (पास F3),hi,Deva,CS0,N0,"{""ticket_type"": ""qr_ticket"", ""transport_mode"": ""पारगमन""}",{},ANSWERABLE_NOW,template_instantiation,TMPL_TICKETING_AND_PASSES_HI_DEVA_2
PILOT_T2_TR_004095,,SFAM_MODE_AVAILABILITY_007,FAM_MODE_AVAILABILITY_007,PARA_MODE_AVAILABILITY_6_0,T2_MEDIUM_V1,service_availability,CHECK_SERVICE_AVAILABILITY,Quick check: Are there direct public transport options from Vadapalani to Thiruvanmiyur? [avail F7] #4,en,Latn,CS0,N0,"{""origin"": ""Vadapalani"", ""destination"": ""Thiruvanmiyur"", ""transport_mode"": ""any""}","{""origin_id"": ""METRO_VADAPALANI"", ""destination_id"": ""BUS_3247310920""}",ANSWERABLE_WITH_PROVISIONAL_DATA,template_instantiation,TMPL_MODE_AVAILABILITY_EN_6
PILOT_T2_TR_004096,,SFAM_SERVICE_FREQUENCY_017,FAM_SERVICE_FREQUENCY_017,PARA_SERVICE_FREQUENCY_16_0,T2_MEDIUM_V1,service_timing,GET_SERVICE_FREQUENCY,Please tell: How many minutes between trains on the line connecting St. Thomas Mount and Alandur? [freq F17] #2,en,Latn,CS0,N0,"{""origin"": ""St. Thomas Mount"", ""destination"": ""Alandur"", ""timing_type"": ""frequency"", ""transport_mode"": ""metro""}","{""origin_id"": ""METRO_ST__THOMAS_MOUNT"", ""destination_id"": ""METRO_ARIGNAR_ANNA_ALANDUR""}",ANSWERABLE_NOW,template_instantiation,TMPL_SERVICE_FREQUENCY_EN_16
PILOT_T2_TR_004097,,SFAM_STATION_ACCESSIBILITY_017,FAM_STATION_ACCESSIBILITY_017,PARA_STATION_ACCESSIBILITY_16_2,T2_MEDIUM_V1,accessibility,GET_ACCESSIBILITY_INFO,Could you specify kya st thomas mount metro station me wheelchair disabled ke liye wheelchair accessibility hai? [barrier-free F17]? #3,hi,Latn,CS0,N0,"{""station"": ""st thomas mount"", ""accessibility_feature"": ""wheelchair"", ""transport_mode"": ""metro""}","{""station_id"": ""METRO_ST__THOMAS_MOUNT""}",ANSWERABLE_NOW,template_instantiation,TMPL_STATION_ACCESSIBILITY_HI_LATN_16
PILOT_T2_TR_004098,,SFAM_STATION_FACILITIES_005,FAM_STATION_FACILITIES_005,PARA_STATION_FACILITIES_4_1,T2_MEDIUM_V1,station_facilities,GET_STATION_FACILITY,Quick check: क्या सीएमबीटी मेट्रो स्टेशन पर कार पार्किंग की व्यवस्था उपलब्ध है? (सुविधा F5) #4,hi,Deva,CS0,N2,"{""station"": ""सीएमबीटी"", ""facility_type"": ""parking"", ""transport_mode"": ""मेट्रो""}","{""station_id"": ""METRO_PURATCHI_THALAIVI_DR_J_JAYALALITHAA_CMBT""}",ANSWERABLE_NOW,template_instantiation,TMPL_STATION_FACILITIES_HI_DEVA_4
PILOT_T2_TR_004099,,SFAM_SERVICE_FREQUENCY_020,FAM_SERVICE_FREQUENCY_020,PARA_SERVICE_FREQUENCY_19_3,T2_MEDIUM_V1,service_timing,GET_SERVICE_FREQUENCY,Peak hour frequency and normal headway between Pachaiyappa College and Vadapalani (F20),hi-en,Latn,CS3,N0,"{""origin"": ""Pachaiyappa College"", ""destination"": ""Vadapalani"", ""timing_type"": ""frequency"", ""transport_mode"": ""metro""}","{""origin_id"": ""METRO_PACHAIYAPPA_S_COLLEGE"", ""destination_id"": ""METRO_VADAPALANI""}",ANSWERABLE_NOW,template_instantiation,TMPL_SERVICE_FREQUENCY_HINGLISH_LATN_19
PILOT_T2_TR_004100,,SFAM_POINT_TO_POINT_ROUTE_007,FAM_POINT_TO_POINT_ROUTE_007,PARA_POINT_TO_POINT_ROUTE_6_3,T2_MEDIUM_V1,route_query,PLAN_ROUTE,Could you specify Vadapalani to Washermenpet metro ride ka best direct route bataiye (F7)? #3,hi-en,Latn,CS3,N2,"{""origin"": ""Vadapalani"", ""destination"": ""Washermenpet"", ""transport_mode"": ""metro""}","{""origin_id"": ""METRO_VADAPALANI"", ""destination_id"": ""METRO_WASHERMENPET""}",ANSWERABLE_WITH_PROVISIONAL_DATA,template_instantiation,TMPL_POINT_TO_POINT_ROUTE_HINGLISH_LATN_6
PILOT_T2_TR_004101,,SFAM_TICKETING_AND_PASSES_018,FAM_TICKETING_AND_PASSES_018,PARA_TICKETING_AND_PASSES_17_1,T2_MEDIUM_V1,ticketing_rules,GET_TICKETING_POLICY,Quick check: यात्रियों के लिए एनसीएमसी कार्ड प्राप्त करने के नियम और प्रक्रिया क्या हैं? (पास F18) #4,hi,Deva,CS0,N0,"{""ticket_type"": ""ncmc_card"", ""transport_mode"": ""पारगमन""}",{},ANSWERABLE_NOW,template_instantiation,TMPL_TICKETING_AND_PASSES_HI_DEVA_17
PILOT_T2_TR_004102,,SFAM_REALTIME_STATUS_QUERY_020,FAM_REALTIME_STATUS_QUERY_020,PARA_REALTIME_STATUS_QUERY_19_0,T2_MEDIUM_V1,realtime_status_query,REJECT_UNSUPPORTED_REALTIME,Could you specify Where is bus 23C right now and what is its live location? [live F20]? #3,en,Latn,CS0,N0,"{""route_number"": ""23C"", ""transport_mode"": ""bus""}","{""route_id"": ""GTFS_ROUTE_10214""}",REQUIRES_REALTIME_DATA,template_instantiation,TMPL_REALTIME_STATUS_QUERY_EN_19
PILOT_T2_TR_004103,,SFAM_INTERCHANGE_TRANSFER_019,FAM_INTERCHANGE_TRANSFER_019,PARA_INTERCHANGE_TRANSFER_18_2,T2_MEDIUM_V1,interchange_query,GET_INTERCHANGE_DETAILS,Could you specify kilpauk hub par metro line change karke koyambedu kaise jaye? [platform F19]? #3,hi,Latn,CS0,N0,"{""station"": ""kilpauk"", ""destination"": ""koyambedu"", ""facility_type"": ""interchange""}","{""station_id"": ""METRO_KILPAUK"", ""destination_id"": ""METRO_KOYAMBEDU""}",ANSWERABLE_AFTER_MANUAL_VERIFICATION,template_instantiation,TMPL_INTERCHANGE_TRANSFER_HI_LATN_18
PILOT_T2_TR_004104,,SFAM_INTERCHANGE_TRANSFER_020,FAM_INTERCHANGE_TRANSFER_020,PARA_INTERCHANGE_TRANSFER_19_3,T2_MEDIUM_V1,interchange_query,GET_INTERCHANGE_DETAILS,Could you specify Transfer walking time and directions at Pachaiyappa College multimodal terminal (F20)? #3,hi-en,Latn,CS3,N0,"{""station"": ""Pachaiyappa College"", ""facility_type"": ""interchange""}","{""station_id"": ""METRO_PACHAIYAPPA_S_COLLEGE""}",ANSWERABLE_AFTER_MANUAL_VERIFICATION,template_instantiation,TMPL_INTERCHANGE_TRANSFER_HINGLISH_LATN_19
PILOT_T2_TR_004105,,SFAM_ROUTE_STOP_SEQUENCE_019,FAM_ROUTE_STOP_SEQUENCE_019,PARA_ROUTE_STOP_SEQUENCE_18_1,T2_MEDIUM_V1,route_stops,LIST_ROUTE_STOPS,बस रूट 570 के सभी ठहरावों की क्रमबद्ध सूची दिखाएं। (क्रम F19),hi,Deva,CS0,N0,"{""route_number"": ""570"", ""transport_mode"": ""बस""}","{""route_id"": ""GTFS_ROUTE_17967""}",ANSWERABLE_WITH_PROVISIONAL_DATA,template_instantiation,TMPL_ROUTE_STOP_SEQUENCE_HI_DEVA_18
PILOT_T2_TR_004106,,SFAM_NEAREST_TRANSPORT_017,FAM_NEAREST_TRANSPORT_017,PARA_NEAREST_TRANSPORT_16_3,T2_MEDIUM_V1,nearest_transport,FIND_NEAREST_STATION,Could you specify Find closest public transport access point near Mother Child Hospital (F17)? #3,hi-en,Latn,CS3,N0,"{""landmark"": ""Mother Child Hospital"", ""transport_mode"": ""public transport""}","{""place_id"": ""OSM_POI_7257518731""}",ANSWERABLE_NOW,template_instantiation,TMPL_NEAREST_TRANSPORT_HINGLISH_LATN_16
PILOT_T2_TR_004107,,SFAM_MODE_AVAILABILITY_012,FAM_MODE_AVAILABILITY_012,PARA_MODE_AVAILABILITY_11_2,T2_MEDIUM_V1,service_availability,CHECK_SERVICE_AVAILABILITY,thousand lights se walajabad tak direct transit options available hain kya? [suvidha F12],hi,Latn,CS0,N0,"{""origin"": ""thousand lights"", ""destination"": ""walajabad"", ""transport_mode"": ""any""}","{""origin_id"": ""METRO_THOUSAND_LIGHTS"", ""destination_id"": ""BUS_261716087""}",ANSWERABLE_WITH_PROVISIONAL_DATA,template_instantiation,TMPL_MODE_AVAILABILITY_HI_LATN_11
PILOT_T2_TR_004108,,SFAM_MODE_AVAILABILITY_009,FAM_MODE_AVAILABILITY_009,PARA_MODE_AVAILABILITY_8_0,T2_MEDIUM_V1,service_availability,CHECK_SERVICE_AVAILABILITY,Quick check: Are there direct public transport options from Thirumangalam to Madurantakam? [avail F9] #4,en,Latn,CS0,N0,"{""origin"": ""Thirumangalam"", ""destination"": ""Madurantakam"", ""transport_mode"": ""any""}","{""origin_id"": ""METRO_THIRUMANGALAM"", ""destination_id"": ""BUS_5306412986""}",ANSWERABLE_WITH_PROVISIONAL_DATA,template_instantiation,TMPL_MODE_AVAILABILITY_EN_8
PILOT_T2_TR_004109,,SFAM_SERVICE_FREQUENCY_015,FAM_SERVICE_FREQUENCY_015,PARA_SERVICE_FREQUENCY_14_1,T2_MEDIUM_V1,service_timing,GET_SERVICE_FREQUENCY,लिटिल माउंट और चेन्नई सेंट्रल के बीच मेट्रो हर कितने मिनट के अंतराल पर चलती है? (आवृत्ति F15),hi,Deva,CS0,N0,"{""origin"": ""लिटिल माउंट"", ""destination"": ""चेन्नई सेंट्रल"", ""timing_type"": ""frequency"", ""transport_mode"": ""मेट्रो""}","{""origin_id"": ""METRO_LITTLE_MOUNT"", ""destination_id"": ""METRO_PURATCHI_THALAIVAR_DR__M_G_RAMACHANDRAN_CENTRAL""}",ANSWERABLE_NOW,template_instantiation,TMPL_SERVICE_FREQUENCY_HI_DEVA_14
PILOT_T2_TR_004110,,SFAM_ROUTE_STOP_SEQUENCE_003,FAM_ROUTE_STOP_SEQUENCE_003,PARA_ROUTE_STOP_SEQUENCE_2_1,T2_MEDIUM_V1,route_stops,LIST_ROUTE_STOPS,बस रूट 102A के सभी ठहरावों की क्रमबद्ध सूची दिखाएं। (क्रम F3),hi,Deva,CS0,N0,"{""route_number"": ""102A"", ""transport_mode"": ""बस""}","{""route_id"": ""GTFS_ROUTE_10248""}",ANSWERABLE_WITH_PROVISIONAL_DATA,template_instantiation,TMPL_ROUTE_STOP_SEQUENCE_HI_DEVA_2
PILOT_T2_TR_004111,,SFAM_FIRST_AND_LAST_SERVICE_005,FAM_FIRST_AND_LAST_SERVICE_005,PARA_FIRST_AND_LAST_SERVICE_4_2,T2_MEDIUM_V1,service_timing,GET_FIRST_LAST_SERVICE,Please tell: cmbt se thousand lights first morning aur last night metro departure timing batao [samay F5] #2,hi,Latn,CS0,N0,"{""origin"": ""cmbt"", ""destination"": ""thousand lights"", ""timing_type"": ""first_last"", ""transport_mode"": ""metro""}","{""origin_id"": ""METRO_PURATCHI_THALAIVI_DR_J_JAYALALITHAA_CMBT"", ""destination_id"": ""METRO_THOUSAND_LIGHTS""}",ANSWERABLE_NOW,template_instantiation,TMPL_FIRST_AND_LAST_SERVICE_HI_LATN_4
PILOT_T2_TR_004112,,SFAM_OUT_OF_SCOPE_011,FAM_OUT_OF_SCOPE_011,PARA_OUT_OF_SCOPE_10_0,T2_MEDIUM_V1,out_of_scope,REJECT_OUT_OF_SCOPE,Quick check: Book a private cab taxi ride from Egmore to Nehru Park. [cab F11] #4,en,Latn,CS0,N0,"{""origin"": ""Egmore"", ""destination"": ""Nehru Park""}","{""origin_id"": ""METRO_EGMORE"", ""destination_id"": ""METRO_NEHRU_PARK""}",OUT_OF_SCOPE,template_instantiation,TMPL_OUT_OF_SCOPE_EN_10
PILOT_T2_TR_004113,,SFAM_MODE_AVAILABILITY_003,FAM_MODE_AVAILABILITY_003,PARA_MODE_AVAILABILITY_2_3,T2_MEDIUM_V1,service_availability,CHECK_SERVICE_AVAILABILITY,Is public transit operational connecting Guindy and Adyar (F3)?,hi-en,Latn,CS3,N0,"{""origin"": ""Guindy"", ""destination"": ""Adyar"", ""transport_mode"": ""public transit""}","{""origin_id"": ""METRO_GUINDY"", ""destination_id"": ""BUS_2587520213""}",ANSWERABLE_WITH_PROVISIONAL_DATA,template_instantiation,TMPL_MODE_AVAILABILITY_HINGLISH_LATN_2
PILOT_T2_TR_004114,,SFAM_TICKETING_AND_PASSES_003,FAM_TICKETING_AND_PASSES_003,PARA_TICKETING_AND_PASSES_2_3,T2_MEDIUM_V1,ticketing_rules,GET_TICKETING_POLICY,"Excuse me, How can regular passengers apply for and renew WhatsApp QR Ticket (F3)? #6",hi-en,Latn,CS3,N0,"{""ticket_type"": ""qr_ticket"", ""transport_mode"": ""transit""}",{},ANSWERABLE_NOW,template_instantiation,TMPL_TICKETING_AND_PASSES_HINGLISH_LATN_2
PILOT_T2_TR_004115,,SFAM_INTERCHANGE_TRANSFER_011,FAM_INTERCHANGE_TRANSFER_011,PARA_INTERCHANGE_TRANSFER_10_3,T2_MEDIUM_V1,interchange_query,GET_INTERCHANGE_DETAILS,Quick check: Transfer walking time and directions at Egmore multimodal terminal (F11) #4,hi-en,Latn,CS3,N0,"{""station"": ""Egmore"", ""facility_type"": ""interchange""}","{""station_id"": ""METRO_EGMORE""}",ANSWERABLE_AFTER_MANUAL_VERIFICATION,template_instantiation,TMPL_INTERCHANGE_TRANSFER_HINGLISH_LATN_10
PILOT_T2_TR_004116,,SFAM_NEAREST_TRANSPORT_007,FAM_NEAREST_TRANSPORT_007,PARA_NEAREST_TRANSPORT_6_0,T2_MEDIUM_V1,nearest_transport,FIND_NEAREST_STATION,Please tell: Which is the nearest metro station or transit stop to Mother Child Hospital? [loc F7] #2,en,Latn,CS0,N0,"{""landmark"": ""Mother Child Hospital"", ""transport_mode"": ""metro""}","{""place_id"": ""OSM_POI_7257518731""}",ANSWERABLE_NOW,template_instantiation,TMPL_NEAREST_TRANSPORT_EN_6
PILOT_T2_TR_004117,,SFAM_NEAREST_TRANSPORT_020,FAM_NEAREST_TRANSPORT_020,PARA_NEAREST_TRANSPORT_19_4,T2_MEDIUM_V1,nearest_transport,FIND_NEAREST_STATION,Please tell: Padalam Hospital ke pass nearest metro stop connection distance bataye F20 #2,hi-en,Deva+Latn,CS4,N0,"{""landmark"": ""Padalam Hospital"", ""transport_mode"": ""metro""}","{""place_id"": ""OSM_POI_7257518724""}",ANSWERABLE_NOW,template_instantiation,TMPL_NEAREST_TRANSPORT_MIXED_SCRIPT_CS_19
PILOT_T2_TR_004118,,SFAM_STATION_FACILITIES_002,FAM_STATION_FACILITIES_002,PARA_STATION_FACILITIES_1_0,T2_MEDIUM_V1,station_facilities,GET_STATION_FACILITY,"Excuse me, Is two-wheeler bike parking facility available at Chennai Central metro station? [fac F2] #6",en,Latn,CS0,N0,"{""station"": ""Chennai Central"", ""facility_type"": ""two_wheeler_parking"", ""transport_mode"": ""metro""}","{""station_id"": ""METRO_PURATCHI_THALAIVAR_DR__M_G_RAMACHANDRAN_CENTRAL""}",ANSWERABLE_NOW,template_instantiation,TMPL_STATION_FACILITIES_EN_1
PILOT_T2_TR_004119,,SFAM_TICKETING_AND_PASSES_016,FAM_TICKETING_AND_PASSES_016,PARA_TICKETING_AND_PASSES_15_3,T2_MEDIUM_V1,ticketing_rules,GET_TICKETING_POLICY,Please tell: How can regular passengers apply for and renew Tourist One-Day Pass (F16)? #2,hi-en,Latn,CS3,N0,"{""ticket_type"": ""tourist_card"", ""transport_mode"": ""transit""}",{},ANSWERABLE_NOW,template_instantiation,TMPL_TICKETING_AND_PASSES_HINGLISH_LATN_15
PILOT_T2_TR_004120,,SFAM_OUT_OF_SCOPE_020,FAM_OUT_OF_SCOPE_020,PARA_OUT_OF_SCOPE_19_3,T2_MEDIUM_V1,out_of_scope,REJECT_OUT_OF_SCOPE,Could you specify What is the general weather rain forecast in Chennai near Padalam Hospital today (F20)?? #3,hi-en,Latn,CS3,N0,"{""landmark"": ""Padalam Hospital""}","{""place_id"": ""OSM_POI_7257518724""}",OUT_OF_SCOPE,template_instantiation,TMPL_OUT_OF_SCOPE_HINGLISH_LATN_19
PILOT_T2_TR_004121,,SFAM_STATION_FACILITIES_002,FAM_STATION_FACILITIES_002,PARA_STATION_FACILITIES_1_3,T2_MEDIUM_V1,station_facilities,GET_STATION_FACILITY,Transit query: Does Chennai Central station premises include operational two-wheeler bike parking (F2)? #5,hi-en,Latn,CS3,N0,"{""station"": ""Chennai Central"", ""facility_type"": ""two_wheeler_parking"", ""transport_mode"": ""metro""}","{""station_id"": ""METRO_PURATCHI_THALAIVAR_DR__M_G_RAMACHANDRAN_CENTRAL""}",ANSWERABLE_NOW,template_instantiation,TMPL_STATION_FACILITIES_HINGLISH_LATN_1
PILOT_T2_TR_004122,,SFAM_MODE_AVAILABILITY_004,FAM_MODE_AVAILABILITY_004,PARA_MODE_AVAILABILITY_3_4,T2_MEDIUM_V1,service_availability,CHECK_SERVICE_AVAILABILITY,Could you specify क्या Alandur से Velachery transport line active hai mode info F4? #3,hi-en,Deva+Latn,CS4,N1,"{""origin"": ""Alandur"", ""destination"": ""Velachery"", ""transport_mode"": ""transport""}","{""origin_id"": ""METRO_ARIGNAR_ANNA_ALANDUR"", ""destination_id"": ""BUS_1764308008""}",ANSWERABLE_WITH_PROVISIONAL_DATA,template_instantiation,TMPL_MODE_AVAILABILITY_MIXED_SCRIPT_CS_3
PILOT_T2_TR_004123,,SFAM_REALTIME_STATUS_QUERY_016,FAM_REALTIME_STATUS_QUERY_016,PARA_REALTIME_STATUS_QUERY_15_3,T2_MEDIUM_V1,realtime_status_query,REJECT_UNSUPPORTED_REALTIME,Quick check: Live crowd density and train arrival countdown at Saidapet right now (F16) #4,hi-en,Latn,CS3,N0,"{""station"": ""Saidapet"", ""transport_mode"": ""metro""}","{""station_id"": ""METRO_SAIDAPET""}",REQUIRES_REALTIME_DATA,template_instantiation,TMPL_REALTIME_STATUS_QUERY_HINGLISH_LATN_15
PILOT_T2_TR_004124,,SFAM_NEAREST_TRANSPORT_004,FAM_NEAREST_TRANSPORT_004,PARA_NEAREST_TRANSPORT_3_4,T2_MEDIUM_V1,nearest_transport,FIND_NEAREST_STATION,Could you specify Maritime Institute ke pass nearest metro stop connection distance bataye F4? #3,hi-en,Deva+Latn,CS4,N1,"{""landmark"": ""Maritime Institute"", ""transport_mode"": ""metro""}","{""place_id"": ""OSM_POI_314081186""}",ANSWERABLE_NOW,template_instantiation,TMPL_NEAREST_TRANSPORT_MIXED_SCRIPT_CS_3
PILOT_T2_TR_004125,,SFAM_OUT_OF_SCOPE_014,FAM_OUT_OF_SCOPE_014,PARA_OUT_OF_SCOPE_13_0,T2_MEDIUM_V1,out_of_scope,REJECT_OUT_OF_SCOPE,Could you specify Book a private cab taxi ride from Washermenpet to Airport. [cab F14]? #3,en,Latn,CS0,N0,"{""origin"": ""Washermenpet"", ""destination"": ""Airport""}","{""origin_id"": ""METRO_WASHERMENPET"", ""destination_id"": ""METRO_CHENNAI_INTERNATIONAL_AIRPORT""}",OUT_OF_SCOPE,template_instantiation,TMPL_OUT_OF_SCOPE_EN_13
PILOT_T2_TR_004126,,SFAM_FARE_CALCULATION_015,FAM_FARE_CALCULATION_015,PARA_FARE_CALCULATION_14_2,T2_MEDIUM_V1,fare_query,CALCULATE_FARE,Quick check: little mount se chennai central metro ride ka standard ticket cost kitna hoga? [kiraya F15] #4,hi,Latn,CS0,N0,"{""origin"": ""little mount"", ""destination"": ""chennai central"", ""transport_mode"": ""metro""}","{""origin_id"": ""METRO_LITTLE_MOUNT"", ""destination_id"": ""METRO_PURATCHI_THALAIVAR_DR__M_G_RAMACHANDRAN_CENTRAL""}",ANSWERABLE_NOW,template_instantiation,TMPL_FARE_CALCULATION_HI_LATN_14
PILOT_T2_TR_004127,,SFAM_STATION_ACCESSIBILITY_006,FAM_STATION_ACCESSIBILITY_006,PARA_STATION_ACCESSIBILITY_5_0,T2_MEDIUM_V1,accessibility,GET_ACCESSIBILITY_INFO,Are passenger elevator lift provisions available for differently abled passengers at Koyambedu? [a11y F6],en,Latn,CS0,N0,"{""station"": ""Koyambedu"", ""accessibility_feature"": ""lift"", ""transport_mode"": ""metro""}","{""station_id"": ""METRO_KOYAMBEDU""}",ANSWERABLE_NOW,template_instantiation,TMPL_STATION_ACCESSIBILITY_EN_5
PILOT_T2_TR_004128,,SFAM_FARE_CALCULATION_015,FAM_FARE_CALCULATION_015,PARA_FARE_CALCULATION_14_0,T2_MEDIUM_V1,fare_query,CALCULATE_FARE,Could you specify What is the single-journey ticket fare from Little Mount to Chennai Central on metro? [fare F15]? #3,en,Latn,CS0,N0,"{""origin"": ""Little Mount"", ""destination"": ""Chennai Central"", ""fare_type"": ""token"", ""transport_mode"": ""metro""}","{""origin_id"": ""METRO_LITTLE_MOUNT"", ""destination_id"": ""METRO_PURATCHI_THALAIVAR_DR__M_G_RAMACHANDRAN_CENTRAL""}",ANSWERABLE_NOW,template_instantiation,TMPL_FARE_CALCULATION_EN_14
PILOT_T2_TR_004129,,SFAM_ROUTE_STOP_MEMBERSHIP_001,FAM_ROUTE_STOP_MEMBERSHIP_001,PARA_ROUTE_STOP_MEMBERSHIP_0_4,T2_MEDIUM_V1,route_stops,CHECK_STOP_ON_ROUTE,क्या route 21G bus Tambaram पर rukegi verification F1?,hi-en,Deva+Latn,CS4,N0,"{""route_number"": ""21G"", ""stop"": ""Tambaram"", ""transport_mode"": ""bus""}","{""route_id"": ""GTFS_ROUTE_8458"", ""stop_id"": ""BUS_5304399879""}",ANSWERABLE_WITH_PROVISIONAL_DATA,template_instantiation,TMPL_ROUTE_STOP_MEMBERSHIP_MIXED_SCRIPT_CS_0
PILOT_T2_TR_004130,,SFAM_STATION_FACILITIES_005,FAM_STATION_FACILITIES_005,PARA_STATION_FACILITIES_4_3,T2_MEDIUM_V1,station_facilities,GET_STATION_FACILITY,Does CMBT station premises include operational car parking (F5)?,hi-en,Latn,CS3,N0,"{""station"": ""CMBT"", ""facility_type"": ""parking"", ""transport_mode"": ""metro""}","{""station_id"": ""METRO_PURATCHI_THALAIVI_DR_J_JAYALALITHAA_CMBT""}",ANSWERABLE_NOW,template_instantiation,TMPL_STATION_FACILITIES_HINGLISH_LATN_4
PILOT_T2_TR_004131,,SFAM_NEAREST_TRANSPORT_007,FAM_NEAREST_TRANSPORT_007,PARA_NEAREST_TRANSPORT_6_3,T2_MEDIUM_V1,nearest_transport,FIND_NEAREST_STATION,Find closest public transport access point near Mother Child Hospital (F7),hi-en,Latn,CS3,N0,"{""landmark"": ""Mother Child Hospital"", ""transport_mode"": ""public transport""}","{""place_id"": ""OSM_POI_7257518731""}",ANSWERABLE_NOW,template_instantiation,TMPL_NEAREST_TRANSPORT_HINGLISH_LATN_6
PILOT_T2_TR_004132,,SFAM_STATION_ACCESSIBILITY_006,FAM_STATION_ACCESSIBILITY_006,PARA_STATION_ACCESSIBILITY_5_1,T2_MEDIUM_V1,accessibility,GET_ACCESSIBILITY_INFO,Please tell: क्या कोयम्बेडु स्टेशन पर दिव्यांग यात्रियों के लिए यात्री लिफ्ट उपलब्ध है? (सुलभता F6) #2,hi,Deva,CS0,N0,"{""station"": ""कोयम्बेडु"", ""accessibility_feature"": ""lift"", ""transport_mode"": ""मेट्रो""}","{""station_id"": ""METRO_KOYAMBEDU""}",ANSWERABLE_NOW,template_instantiation,TMPL_STATION_ACCESSIBILITY_HI_DEVA_5
PILOT_T2_TR_004133,,SFAM_MULTIMODAL_ROUTE_011,FAM_MULTIMODAL_ROUTE_011,PARA_MULTIMODAL_ROUTE_10_2,T2_MEDIUM_V1,route_query,PLAN_MULTIMODAL_ROUTE,kalpakkam se nehru park bus aur metro switch karke shortest transit kya hai? [opt F11],hi,Latn,CS0,N1,"{""origin"": ""kalpakkam"", ""destination"": ""nehru park"", ""transport_mode"": ""bus aur metro""}","{""origin_id"": ""BUS_30143150"", ""destination_id"": ""METRO_NEHRU_PARK""}",ANSWERABLE_WITH_PROVISIONAL_DATA,template_instantiation,TMPL_MULTIMODAL_ROUTE_HI_LATN_10
PILOT_T2_TR_004134,,SFAM_TICKETING_AND_PASSES_007,FAM_TICKETING_AND_PASSES_007,PARA_TICKETING_AND_PASSES_6_3,T2_MEDIUM_V1,ticketing_rules,GET_TICKETING_POLICY,Quick check: How can regular passengers apply for and renew Monthly Season Pass (F7)? #4,hi-en,Latn,CS3,N0,"{""ticket_type"": ""monthly_pass"", ""transport_mode"": ""transit""}",{},ANSWERABLE_NOW,template_instantiation,TMPL_TICKETING_AND_PASSES_HINGLISH_LATN_6
PILOT_T2_TR_004135,,SFAM_ROUTE_STOP_SEQUENCE_012,FAM_ROUTE_STOP_SEQUENCE_012,PARA_ROUTE_STOP_SEQUENCE_11_0,T2_MEDIUM_V1,route_stops,LIST_ROUTE_STOPS,Please tell: List every intermediate stop along route 22 CT in order. [seq F12] #2,en,Latn,CS0,N0,"{""route_number"": ""22 CT"", ""transport_mode"": ""bus""}","{""route_id"": ""GTFS_ROUTE_18753""}",ANSWERABLE_WITH_PROVISIONAL_DATA,template_instantiation,TMPL_ROUTE_STOP_SEQUENCE_EN_11
PILOT_T2_TR_004136,,SFAM_STATION_ACCESSIBILITY_010,FAM_STATION_ACCESSIBILITY_010,PARA_STATION_ACCESSIBILITY_9_0,T2_MEDIUM_V1,accessibility,GET_ACCESSIBILITY_INFO,Transit query: Are passenger elevator lift provisions available for differently abled passengers at Anna Nagar Tower? [a11y F10] #5,en,Latn,CS0,N0,"{""station"": ""Anna Nagar Tower"", ""accessibility_feature"": ""lift"", ""transport_mode"": ""metro""}","{""station_id"": ""METRO_ANNA_NAGAR_TOWER""}",ANSWERABLE_NOW,template_instantiation,TMPL_STATION_ACCESSIBILITY_EN_9
PILOT_T2_TR_004137,,SFAM_TICKETING_AND_PASSES_003,FAM_TICKETING_AND_PASSES_003,PARA_TICKETING_AND_PASSES_2_4,T2_MEDIUM_V1,ticketing_rules,GET_TICKETING_POLICY,Please tell: Commuter WhatsApp QR Ticket ke application aur terms ki complete details F3 #2,hi-en,Deva+Latn,CS4,N0,"{""ticket_type"": ""qr_ticket"", ""transport_mode"": ""transit""}",{},ANSWERABLE_NOW,template_instantiation,TMPL_TICKETING_AND_PASSES_MIXED_SCRIPT_CS_2
PILOT_T2_TR_004138,,SFAM_STATION_FACILITIES_007,FAM_STATION_FACILITIES_007,PARA_STATION_FACILITIES_6_1,T2_MEDIUM_V1,station_facilities,GET_STATION_FACILITY,Could you specify क्या वडपलनी मेट्रो स्टेशन पर ईवी चार्जिंग की व्यवस्था उपलब्ध है? (सुविधा F7)? #3,hi,Deva,CS0,N0,"{""station"": ""वडपलनी"", ""facility_type"": ""ev_charging"", ""transport_mode"": ""मेट्रो""}","{""station_id"": ""METRO_VADAPALANI""}",ANSWERABLE_NOW,template_instantiation,TMPL_STATION_FACILITIES_HI_DEVA_6
PILOT_T2_TR_004139,,SFAM_INTERCHANGE_TRANSFER_018,FAM_INTERCHANGE_TRANSFER_018,PARA_INTERCHANGE_TRANSFER_17_3,T2_MEDIUM_V1,interchange_query,GET_INTERCHANGE_DETAILS,Transit query: Transfer walking time and directions at Nehru Park multimodal terminal (F18) #5,hi-en,Latn,CS3,N0,"{""station"": ""Nehru Park"", ""facility_type"": ""interchange""}","{""station_id"": ""METRO_NEHRU_PARK""}",ANSWERABLE_AFTER_MANUAL_VERIFICATION,template_instantiation,TMPL_INTERCHANGE_TRANSFER_HINGLISH_LATN_17
PILOT_T2_TR_004140,,SFAM_REALTIME_STATUS_QUERY_018,FAM_REALTIME_STATUS_QUERY_018,PARA_REALTIME_STATUS_QUERY_17_0,T2_MEDIUM_V1,realtime_status_query,REJECT_UNSUPPORTED_REALTIME,Where is bus 102A right now and what is its live location? [live F18],en,Latn,CS0,N0,"{""route_number"": ""102A"", ""transport_mode"": ""bus""}","{""route_id"": ""GTFS_ROUTE_10248""}",REQUIRES_REALTIME_DATA,template_instantiation,TMPL_REALTIME_STATUS_QUERY_EN_17
PILOT_T2_TR_004141,,SFAM_MODE_AVAILABILITY_013,FAM_MODE_AVAILABILITY_013,PARA_MODE_AVAILABILITY_12_3,T2_MEDIUM_V1,service_availability,CHECK_SERVICE_AVAILABILITY,Is public transit operational connecting Wimco Nagar Depot and Nelvoy (F13)?,hi-en,Latn,CS3,N0,"{""origin"": ""Wimco Nagar Depot"", ""destination"": ""Nelvoy"", ""transport_mode"": ""public transit""}","{""origin_id"": ""METRO_WIMCO_NAGAR"", ""destination_id"": ""BUS_469106564""}",ANSWERABLE_WITH_PROVISIONAL_DATA,template_instantiation,TMPL_MODE_AVAILABILITY_HINGLISH_LATN_12
PILOT_T2_TR_004142,,SFAM_TICKETING_AND_PASSES_016,FAM_TICKETING_AND_PASSES_016,PARA_TICKETING_AND_PASSES_15_0,T2_MEDIUM_V1,ticketing_rules,GET_TICKETING_POLICY,Please tell: What are the rules and procedure to purchase a Tourist One-Day Pass for commuters? [pass F16] #2,en,Latn,CS0,N0,"{""ticket_type"": ""tourist_card"", ""transport_mode"": ""transit""}",{},ANSWERABLE_NOW,template_instantiation,TMPL_TICKETING_AND_PASSES_EN_15
PILOT_T2_TR_004143,,SFAM_MODE_AVAILABILITY_019,FAM_MODE_AVAILABILITY_019,PARA_MODE_AVAILABILITY_18_1,T2_MEDIUM_V1,service_availability,CHECK_SERVICE_AVAILABILITY,Quick check: क्या किल्पौक से अडयार के लिए कोई सार्वजनिक बस या ट्रेन उपलब्ध है? (उपलब्धता F19) #4,hi,Deva,CS0,N0,"{""origin"": ""किल्पौक"", ""destination"": ""अडयार"", ""transport_mode"": ""सार्वजनिक बस या ट्रेन""}","{""origin_id"": ""METRO_KILPAUK"", ""destination_id"": ""BUS_2587520213""}",ANSWERABLE_WITH_PROVISIONAL_DATA,template_instantiation,TMPL_MODE_AVAILABILITY_HI_DEVA_18
PILOT_T2_TR_004144,,SFAM_ROUTE_STOP_MEMBERSHIP_005,FAM_ROUTE_STOP_MEMBERSHIP_005,PARA_ROUTE_STOP_MEMBERSHIP_4_4,T2_MEDIUM_V1,route_stops,CHECK_STOP_ON_ROUTE,क्या route 23C bus Besant Nagar पर rukegi verification F5?,hi-en,Deva+Latn,CS4,N0,"{""route_number"": ""23C"", ""stop"": ""Besant Nagar"", ""transport_mode"": ""bus""}","{""route_id"": ""GTFS_ROUTE_10214"", ""stop_id"": ""BUS_417750654""}",ANSWERABLE_WITH_PROVISIONAL_DATA,template_instantiation,TMPL_ROUTE_STOP_MEMBERSHIP_MIXED_SCRIPT_CS_4
PILOT_T2_TR_004145,,SFAM_STATION_FACILITIES_005,FAM_STATION_FACILITIES_005,PARA_STATION_FACILITIES_4_1,T2_MEDIUM_V1,station_facilities,GET_STATION_FACILITY,"Excuse me, क्या सीएमबीटी मेट्रो स्टेशन पर कार पार्किंग की व्यवस्था उपलब्ध है? (सुविधा F5) #6",hi,Deva,CS0,N0,"{""station"": ""सीएमबीटी"", ""facility_type"": ""parking"", ""transport_mode"": ""मेट्रो""}","{""station_id"": ""METRO_PURATCHI_THALAIVI_DR_J_JAYALALITHAA_CMBT""}",ANSWERABLE_NOW,template_instantiation,TMPL_STATION_FACILITIES_HI_DEVA_4
PILOT_T2_TR_004146,,SFAM_FARE_CALCULATION_014,FAM_FARE_CALCULATION_014,PARA_FARE_CALCULATION_13_2,T2_MEDIUM_V1,fare_query,CALCULATE_FARE,Could you specify washermenpet se airport metro ride ka standard ticket cost kitna hoga? [kiraya F14]? #3,hi,Latn,CS0,N0,"{""origin"": ""washermenpet"", ""destination"": ""airport"", ""transport_mode"": ""metro""}","{""origin_id"": ""METRO_WASHERMENPET"", ""destination_id"": ""METRO_CHENNAI_INTERNATIONAL_AIRPORT""}",ANSWERABLE_NOW,template_instantiation,TMPL_FARE_CALCULATION_HI_LATN_13
PILOT_T2_TR_004147,,SFAM_INTERCHANGE_TRANSFER_009,FAM_INTERCHANGE_TRANSFER_009,PARA_INTERCHANGE_TRANSFER_8_2,T2_MEDIUM_V1,interchange_query,GET_INTERCHANGE_DETAILS,Could you specify thirumangalam hub par metro line change karke saidapet kaise jaye? [platform F9]? #3,hi,Latn,CS0,N0,"{""station"": ""thirumangalam"", ""destination"": ""saidapet"", ""facility_type"": ""interchange""}","{""station_id"": ""METRO_THIRUMANGALAM"", ""destination_id"": ""METRO_SAIDAPET""}",ANSWERABLE_AFTER_MANUAL_VERIFICATION,template_instantiation,TMPL_INTERCHANGE_TRANSFER_HI_LATN_8
PILOT_T2_TR_004148,,SFAM_INTERCHANGE_TRANSFER_014,FAM_INTERCHANGE_TRANSFER_014,PARA_INTERCHANGE_TRANSFER_13_2,T2_MEDIUM_V1,interchange_query,GET_INTERCHANGE_DETAILS,Could you specify washermenpet hub par metro line change karke airport kaise jaye? [platform F14]? #3,hi,Latn,CS0,N0,"{""station"": ""washermenpet"", ""destination"": ""airport"", ""facility_type"": ""interchange""}","{""station_id"": ""METRO_WASHERMENPET"", ""destination_id"": ""METRO_CHENNAI_INTERNATIONAL_AIRPORT""}",ANSWERABLE_AFTER_MANUAL_VERIFICATION,template_instantiation,TMPL_INTERCHANGE_TRANSFER_HI_LATN_13
PILOT_T2_TR_004149,,SFAM_MODE_AVAILABILITY_013,FAM_MODE_AVAILABILITY_013,PARA_MODE_AVAILABILITY_12_1,T2_MEDIUM_V1,service_availability,CHECK_SERVICE_AVAILABILITY,Transit query: क्या विमको नगर से नेलवॉय के लिए कोई सार्वजनिक बस या ट्रेन उपलब्ध है? (उपलब्धता F13) #5,hi,Deva,CS0,N2,"{""origin"": ""विमको नगर"", ""destination"": ""नेलवॉय"", ""transport_mode"": ""सार्वजनिक बस या ट्रेन""}","{""origin_id"": ""METRO_WIMCO_NAGAR"", ""destination_id"": ""BUS_469106564""}",ANSWERABLE_WITH_PROVISIONAL_DATA,template_instantiation,TMPL_MODE_AVAILABILITY_HI_DEVA_12
PILOT_T2_TR_004150,,SFAM_INTERCHANGE_TRANSFER_012,FAM_INTERCHANGE_TRANSFER_012,PARA_INTERCHANGE_TRANSFER_11_3,T2_MEDIUM_V1,interchange_query,GET_INTERCHANGE_DETAILS,Could you specify Transfer walking time and directions at Thousand Lights multimodal terminal (F12)? #3,hi-en,Latn,CS3,N0,"{""station"": ""Thousand Lights"", ""facility_type"": ""interchange""}","{""station_id"": ""METRO_THOUSAND_LIGHTS""}",ANSWERABLE_AFTER_MANUAL_VERIFICATION,template_instantiation,TMPL_INTERCHANGE_TRANSFER_HINGLISH_LATN_11
PILOT_T2_TR_004151,,SFAM_REALTIME_STATUS_QUERY_013,FAM_REALTIME_STATUS_QUERY_013,PARA_REALTIME_STATUS_QUERY_12_4,T2_MEDIUM_V1,realtime_status_query,REJECT_UNSUPPORTED_REALTIME,Wimco Nagar Depot se metro live delay status aur real time position tracking F13,hi-en,Deva+Latn,CS4,N0,"{""origin"": ""Wimco Nagar Depot"", ""transport_mode"": ""metro""}","{""origin_id"": ""METRO_WIMCO_NAGAR""}",REQUIRES_REALTIME_DATA,template_instantiation,TMPL_REALTIME_STATUS_QUERY_MIXED_SCRIPT_CS_12
PILOT_T2_TR_004152,,SFAM_STATION_FACILITIES_010,FAM_STATION_FACILITIES_010,PARA_STATION_FACILITIES_9_4,T2_MEDIUM_V1,station_facilities,GET_STATION_FACILITY,Could you specify क्या Anna Nagar Tower station par passengers ke liye two-wheeler bike parking accessible hai F10? #3,hi-en,Deva+Latn,CS4,N0,"{""station"": ""Anna Nagar Tower"", ""facility_type"": ""two_wheeler_parking"", ""transport_mode"": ""metro""}","{""station_id"": ""METRO_ANNA_NAGAR_TOWER""}",ANSWERABLE_NOW,template_instantiation,TMPL_STATION_FACILITIES_MIXED_SCRIPT_CS_9
PILOT_T2_TR_004153,,SFAM_INTERCHANGE_TRANSFER_019,FAM_INTERCHANGE_TRANSFER_019,PARA_INTERCHANGE_TRANSFER_18_0,T2_MEDIUM_V1,interchange_query,GET_INTERCHANGE_DETAILS,Please tell: How do I switch lines to connect towards Koyambedu at Kilpauk interchange? [xfer F19] #2,en,Latn,CS0,N0,"{""station"": ""Kilpauk"", ""destination"": ""Koyambedu"", ""facility_type"": ""interchange""}","{""station_id"": ""METRO_KILPAUK"", ""destination_id"": ""METRO_KOYAMBEDU""}",ANSWERABLE_AFTER_MANUAL_VERIFICATION,template_instantiation,TMPL_INTERCHANGE_TRANSFER_EN_18
PILOT_T2_TR_004154,,SFAM_SERVICE_FREQUENCY_002,FAM_SERVICE_FREQUENCY_002,PARA_SERVICE_FREQUENCY_1_0,T2_MEDIUM_V1,service_timing,GET_SERVICE_FREQUENCY,Could you specify How many minutes between trains on the line connecting Chennai Central and Thirumangalam? [freq F2]? #3,en,Latn,CS0,N0,"{""origin"": ""Chennai Central"", ""destination"": ""Thirumangalam"", ""timing_type"": ""frequency"", ""transport_mode"": ""metro""}","{""origin_id"": ""METRO_PURATCHI_THALAIVAR_DR__M_G_RAMACHANDRAN_CENTRAL"", ""destination_id"": ""METRO_THIRUMANGALAM""}",ANSWERABLE_NOW,template_instantiation,TMPL_SERVICE_FREQUENCY_EN_1
PILOT_T2_TR_004155,,SFAM_TICKETING_AND_PASSES_009,FAM_TICKETING_AND_PASSES_009,PARA_TICKETING_AND_PASSES_8_0,T2_MEDIUM_V1,ticketing_rules,GET_TICKETING_POLICY,What are the rules and procedure to purchase a WhatsApp QR Ticket for commuters? [pass F9],en,Latn,CS0,N0,"{""ticket_type"": ""qr_ticket"", ""transport_mode"": ""transit""}",{},ANSWERABLE_NOW,template_instantiation,TMPL_TICKETING_AND_PASSES_EN_8
PILOT_T2_TR_004156,,SFAM_ROUTE_STOP_MEMBERSHIP_012,FAM_ROUTE_STOP_MEMBERSHIP_012,PARA_ROUTE_STOP_MEMBERSHIP_11_2,T2_MEDIUM_V1,route_stops,CHECK_STOP_ON_ROUTE,kya bus 22 CT ka walajabad par stoppage hai confirm kare? [check F12],hi,Latn,CS0,N1,"{""route_number"": ""22 CT"", ""stop"": ""walajabad"", ""transport_mode"": ""bus""}","{""route_id"": ""GTFS_ROUTE_18753"", ""stop_id"": ""BUS_261716087""}",ANSWERABLE_WITH_PROVISIONAL_DATA,template_instantiation,TMPL_ROUTE_STOP_MEMBERSHIP_HI_LATN_11
PILOT_T2_TR_004157,,SFAM_STATION_FACILITIES_016,FAM_STATION_FACILITIES_016,PARA_STATION_FACILITIES_15_3,T2_MEDIUM_V1,station_facilities,GET_STATION_FACILITY,"Excuse me, Does Saidapet station premises include operational bicycle parking stand (F16)? #6",hi-en,Latn,CS3,N1,"{""station"": ""Saidapet"", ""facility_type"": ""bicycle_stand"", ""transport_mode"": ""metro""}","{""station_id"": ""METRO_SAIDAPET""}",ANSWERABLE_NOW,template_instantiation,TMPL_STATION_FACILITIES_HINGLISH_LATN_15
PILOT_T2_TR_004158,,SFAM_TICKETING_AND_PASSES_007,FAM_TICKETING_AND_PASSES_007,PARA_TICKETING_AND_PASSES_6_1,T2_MEDIUM_V1,ticketing_rules,GET_TICKETING_POLICY,Quick check: यात्रियों के लिए मासिक पास प्राप्त करने के नियम और प्रक्रिया क्या हैं? (पास F7) #4,hi,Deva,CS0,N0,"{""ticket_type"": ""monthly_pass"", ""transport_mode"": ""पारगमन""}",{},ANSWERABLE_NOW,template_instantiation,TMPL_TICKETING_AND_PASSES_HI_DEVA_6
PILOT_T2_TR_004159,,SFAM_ROUTE_STOP_SEQUENCE_002,FAM_ROUTE_STOP_SEQUENCE_002,PARA_ROUTE_STOP_SEQUENCE_1_2,T2_MEDIUM_V1,route_stops,LIST_ROUTE_STOPS,Please tell: Route 102 bus ke sare consecutive stops ki list check kare. [line F2] #2,hi,Latn,CS0,N0,"{""route_number"": ""102"", ""transport_mode"": ""bus""}","{""route_id"": ""GTFS_ROUTE_16861""}",ANSWERABLE_WITH_PROVISIONAL_DATA,template_instantiation,TMPL_ROUTE_STOP_SEQUENCE_HI_LATN_1
PILOT_T2_TR_004160,,SFAM_ROUTE_STOP_MEMBERSHIP_003,FAM_ROUTE_STOP_MEMBERSHIP_003,PARA_ROUTE_STOP_MEMBERSHIP_2_3,T2_MEDIUM_V1,route_stops,CHECK_STOP_ON_ROUTE,Please tell: Verify if Adyar bus stop is covered by route 102A (F3) #2,hi-en,Latn,CS3,N0,"{""route_number"": ""102A"", ""stop"": ""Adyar"", ""transport_mode"": ""bus""}","{""route_id"": ""GTFS_ROUTE_10248"", ""stop_id"": ""BUS_2587520213""}",ANSWERABLE_WITH_PROVISIONAL_DATA,template_instantiation,TMPL_ROUTE_STOP_MEMBERSHIP_HINGLISH_LATN_2
PILOT_T2_TR_004161,,SFAM_FARE_CALCULATION_007,FAM_FARE_CALCULATION_007,PARA_FARE_CALCULATION_6_3,T2_MEDIUM_V1,fare_query,CALCULATE_FARE,Transit query: Calculate fare for travel between Vadapalani and Washermenpet stations (F7) #5,hi-en,Latn,CS3,N1,"{""origin"": ""Vadapalani"", ""destination"": ""Washermenpet"", ""transport_mode"": ""metro""}","{""origin_id"": ""METRO_VADAPALANI"", ""destination_id"": ""METRO_WASHERMENPET""}",ANSWERABLE_NOW,template_instantiation,TMPL_FARE_CALCULATION_HINGLISH_LATN_6
PILOT_T2_TR_004162,,SFAM_INTERCHANGE_TRANSFER_011,FAM_INTERCHANGE_TRANSFER_011,PARA_INTERCHANGE_TRANSFER_10_3,T2_MEDIUM_V1,interchange_query,GET_INTERCHANGE_DETAILS,Transfer walking time and directions at Egmore multimodal terminal (F11),hi-en,Latn,CS3,N0,"{""station"": ""Egmore"", ""facility_type"": ""interchange""}","{""station_id"": ""METRO_EGMORE""}",ANSWERABLE_AFTER_MANUAL_VERIFICATION,template_instantiation,TMPL_INTERCHANGE_TRANSFER_HINGLISH_LATN_10
PILOT_T2_TR_004163,,SFAM_STATION_FACILITIES_018,FAM_STATION_FACILITIES_018,PARA_STATION_FACILITIES_17_0,T2_MEDIUM_V1,station_facilities,GET_STATION_FACILITY,"Excuse me, Is two-wheeler bike parking facility available at Nehru Park metro station? [fac F18] #6",en,Latn,CS0,N0,"{""station"": ""Nehru Park"", ""facility_type"": ""two_wheeler_parking"", ""transport_mode"": ""metro""}","{""station_id"": ""METRO_NEHRU_PARK""}",ANSWERABLE_NOW,template_instantiation,TMPL_STATION_FACILITIES_EN_17
PILOT_T2_TR_004164,,SFAM_ROUTE_STOP_MEMBERSHIP_011,FAM_ROUTE_STOP_MEMBERSHIP_011,PARA_ROUTE_STOP_MEMBERSHIP_10_3,T2_MEDIUM_V1,route_stops,CHECK_STOP_ON_ROUTE,Could you specify Verify if Kalpakkam bus stop is covered by route 11 R (F11)? #3,hi-en,Latn,CS3,N2,"{""route_number"": ""11 R"", ""stop"": ""Kalpakkam"", ""transport_mode"": ""bus""}","{""route_id"": ""GTFS_ROUTE_23728"", ""stop_id"": ""BUS_30143150""}",ANSWERABLE_WITH_PROVISIONAL_DATA,template_instantiation,TMPL_ROUTE_STOP_MEMBERSHIP_HINGLISH_LATN_10
PILOT_T2_TR_004165,,SFAM_INTERCHANGE_TRANSFER_018,FAM_INTERCHANGE_TRANSFER_018,PARA_INTERCHANGE_TRANSFER_17_1,T2_MEDIUM_V1,interchange_query,GET_INTERCHANGE_DETAILS,"Excuse me, नेहरू पार्क इंटरचेंज पर दूसरी लाइन में ट्रांसफर करने का मार्ग क्या है? (बदलाव F18) #6",hi,Deva,CS0,N0,"{""station"": ""नेहरू पार्क"", ""facility_type"": ""इंटरचेंज""}","{""station_id"": ""METRO_NEHRU_PARK""}",ANSWERABLE_AFTER_MANUAL_VERIFICATION,template_instantiation,TMPL_INTERCHANGE_TRANSFER_HI_DEVA_17
PILOT_T2_TR_004166,,SFAM_SCHEDULED_DEPARTURE_013,FAM_SCHEDULED_DEPARTURE_013,PARA_SCHEDULED_DEPARTURE_12_4,T2_MEDIUM_V1,service_timing,GET_SCHEDULED_DEPARTURES,Wimco Nagar Depot से bare 8 baje departure timings schedule status F13,hi-en,Deva+Latn,CS4,N0,"{""origin"": ""Wimco Nagar Depot"", ""time"": ""8 baje"", ""temporal_ambiguity"": true, ""dual_candidates"": [""08:00:00"", ""20:00:00""]}","{""origin_id"": ""METRO_WIMCO_NAGAR""}",ANSWERABLE_NOW,template_instantiation,TMPL_SCHEDULED_DEPARTURE_MIXED_SCRIPT_CS_12
PILOT_T2_TR_004167,,SFAM_REALTIME_STATUS_QUERY_017,FAM_REALTIME_STATUS_QUERY_017,PARA_REALTIME_STATUS_QUERY_16_0,T2_MEDIUM_V1,realtime_status_query,REJECT_UNSUPPORTED_REALTIME,Where is bus 102 right now and what is its live location? [live F17],en,Latn,CS0,N0,"{""route_number"": ""102"", ""transport_mode"": ""bus""}","{""route_id"": ""GTFS_ROUTE_16861""}",REQUIRES_REALTIME_DATA,template_instantiation,TMPL_REALTIME_STATUS_QUERY_EN_16
PILOT_T2_TR_004168,,SFAM_ROUTE_STOP_SEQUENCE_001,FAM_ROUTE_STOP_SEQUENCE_001,PARA_ROUTE_STOP_SEQUENCE_0_1,T2_MEDIUM_V1,route_stops,LIST_ROUTE_STOPS,Please tell: बस रूट 21G के सभी ठहरावों की क्रमबद्ध सूची दिखाएं। (क्रम F1) #2,hi,Deva,CS0,N0,"{""route_number"": ""21G"", ""transport_mode"": ""बस""}","{""route_id"": ""GTFS_ROUTE_8458""}",ANSWERABLE_WITH_PROVISIONAL_DATA,template_instantiation,TMPL_ROUTE_STOP_SEQUENCE_HI_DEVA_0
PILOT_T2_TR_004169,,SFAM_STATION_FACILITIES_002,FAM_STATION_FACILITIES_002,PARA_STATION_FACILITIES_1_3,T2_MEDIUM_V1,station_facilities,GET_STATION_FACILITY,Please tell: Does Chennai Central station premises include operational two-wheeler bike parking (F2)? #2,hi-en,Latn,CS3,N0,"{""station"": ""Chennai Central"", ""facility_type"": ""two_wheeler_parking"", ""transport_mode"": ""metro""}","{""station_id"": ""METRO_PURATCHI_THALAIVAR_DR__M_G_RAMACHANDRAN_CENTRAL""}",ANSWERABLE_NOW,template_instantiation,TMPL_STATION_FACILITIES_HINGLISH_LATN_1
PILOT_T2_TR_004170,,SFAM_STATION_ACCESSIBILITY_020,FAM_STATION_ACCESSIBILITY_020,PARA_STATION_ACCESSIBILITY_19_4,T2_MEDIUM_V1,accessibility,GET_ACCESSIBILITY_INFO,Please tell: Pachaiyappa College station par handicapped passengers ke liye escalator stairs support status F20 #2,hi-en,Deva+Latn,CS4,N0,"{""station"": ""Pachaiyappa College"", ""accessibility_feature"": ""escalator"", ""transport_mode"": ""metro""}","{""station_id"": ""METRO_PACHAIYAPPA_S_COLLEGE""}",ANSWERABLE_NOW,template_instantiation,TMPL_STATION_ACCESSIBILITY_MIXED_SCRIPT_CS_19
PILOT_T2_TR_004171,,SFAM_INTERCHANGE_TRANSFER_010,FAM_INTERCHANGE_TRANSFER_010,PARA_INTERCHANGE_TRANSFER_9_3,T2_MEDIUM_V1,interchange_query,GET_INTERCHANGE_DETAILS,Quick check: Transfer walking time and directions at Anna Nagar Tower multimodal terminal (F10) #4,hi-en,Latn,CS3,N0,"{""station"": ""Anna Nagar Tower"", ""facility_type"": ""interchange""}","{""station_id"": ""METRO_ANNA_NAGAR_TOWER""}",ANSWERABLE_AFTER_MANUAL_VERIFICATION,template_instantiation,TMPL_INTERCHANGE_TRANSFER_HINGLISH_LATN_9
PILOT_T2_TR_004172,,SFAM_FIRST_AND_LAST_SERVICE_015,FAM_FIRST_AND_LAST_SERVICE_015,PARA_FIRST_AND_LAST_SERVICE_14_2,T2_MEDIUM_V1,service_timing,GET_FIRST_LAST_SERVICE,little mount se chennai central first morning aur last night metro departure timing batao [samay F15],hi,Latn,CS0,N0,"{""origin"": ""little mount"", ""destination"": ""chennai central"", ""timing_type"": ""first_last"", ""transport_mode"": ""metro""}","{""origin_id"": ""METRO_LITTLE_MOUNT"", ""destination_id"": ""METRO_PURATCHI_THALAIVAR_DR__M_G_RAMACHANDRAN_CENTRAL""}",ANSWERABLE_NOW,template_instantiation,TMPL_FIRST_AND_LAST_SERVICE_HI_LATN_14
PILOT_T2_TR_004173,,SFAM_INTERCHANGE_TRANSFER_019,FAM_INTERCHANGE_TRANSFER_019,PARA_INTERCHANGE_TRANSFER_18_0,T2_MEDIUM_V1,interchange_query,GET_INTERCHANGE_DETAILS,How do I switch lines to connect towards Koyambedu at Kilpauk interchange? [xfer F19],en,Latn,CS0,N0,"{""station"": ""Kilpauk"", ""destination"": ""Koyambedu"", ""facility_type"": ""interchange""}","{""station_id"": ""METRO_KILPAUK"", ""destination_id"": ""METRO_KOYAMBEDU""}",ANSWERABLE_AFTER_MANUAL_VERIFICATION,template_instantiation,TMPL_INTERCHANGE_TRANSFER_EN_18
PILOT_T2_TR_004174,,SFAM_FIRST_AND_LAST_SERVICE_009,FAM_FIRST_AND_LAST_SERVICE_009,PARA_FIRST_AND_LAST_SERVICE_8_1,T2_MEDIUM_V1,service_timing,GET_FIRST_LAST_SERVICE,Please tell: तिरुमंगलम से साइदापेट के लिए पहली और आखिरी ट्रेन का समय क्या है? (समय F9) #2,hi,Deva,CS0,N0,"{""origin"": ""तिरुमंगलम"", ""destination"": ""साइदापेट"", ""timing_type"": ""first_last"", ""transport_mode"": ""ट्रेन""}","{""origin_id"": ""METRO_THIRUMANGALAM"", ""destination_id"": ""METRO_SAIDAPET""}",ANSWERABLE_NOW,template_instantiation,TMPL_FIRST_AND_LAST_SERVICE_HI_DEVA_8
PILOT_T2_TR_004175,,SFAM_SERVICE_FREQUENCY_003,FAM_SERVICE_FREQUENCY_003,PARA_SERVICE_FREQUENCY_2_0,T2_MEDIUM_V1,service_timing,GET_SERVICE_FREQUENCY,How many minutes between trains on the line connecting Guindy and Anna Nagar Tower? [freq F3],en,Latn,CS0,N0,"{""origin"": ""Guindy"", ""destination"": ""Anna Nagar Tower"", ""timing_type"": ""frequency"", ""transport_mode"": ""metro""}","{""origin_id"": ""METRO_GUINDY"", ""destination_id"": ""METRO_ANNA_NAGAR_TOWER""}",ANSWERABLE_NOW,template_instantiation,TMPL_SERVICE_FREQUENCY_EN_2
PILOT_T2_TR_004176,,SFAM_STATION_ACCESSIBILITY_016,FAM_STATION_ACCESSIBILITY_016,PARA_STATION_ACCESSIBILITY_15_1,T2_MEDIUM_V1,accessibility,GET_ACCESSIBILITY_INFO,Could you specify क्या साइदापेट स्टेशन पर दिव्यांग यात्रियों के लिए एस्केलेटर उपलब्ध है? (सुलभता F16)? #3,hi,Deva,CS0,N0,"{""station"": ""साइदापेट"", ""accessibility_feature"": ""escalator"", ""transport_mode"": ""मेट्रो""}","{""station_id"": ""METRO_SAIDAPET""}",ANSWERABLE_NOW,template_instantiation,TMPL_STATION_ACCESSIBILITY_HI_DEVA_15
PILOT_T2_TR_004177,,SFAM_FARE_CALCULATION_017,FAM_FARE_CALCULATION_017,PARA_FARE_CALCULATION_16_2,T2_MEDIUM_V1,fare_query,CALCULATE_FARE,Please tell: st thomas mount se alandur metro ride ka standard ticket cost kitna hoga? [kiraya F17] #2,hi,Latn,CS0,N1,"{""origin"": ""st thomas mount"", ""destination"": ""alandur"", ""transport_mode"": ""metro""}","{""origin_id"": ""METRO_ST__THOMAS_MOUNT"", ""destination_id"": ""METRO_ARIGNAR_ANNA_ALANDUR""}",ANSWERABLE_NOW,template_instantiation,TMPL_FARE_CALCULATION_HI_LATN_16
PILOT_T2_TR_004178,,SFAM_MODE_AVAILABILITY_009,FAM_MODE_AVAILABILITY_009,PARA_MODE_AVAILABILITY_8_4,T2_MEDIUM_V1,service_availability,CHECK_SERVICE_AVAILABILITY,Could you specify क्या Thirumangalam से Madurantakam transport line active hai mode info F9? #3,hi-en,Deva+Latn,CS4,N0,"{""origin"": ""Thirumangalam"", ""destination"": ""Madurantakam"", ""transport_mode"": ""transport""}","{""origin_id"": ""METRO_THIRUMANGALAM"", ""destination_id"": ""BUS_5306412986""}",ANSWERABLE_WITH_PROVISIONAL_DATA,template_instantiation,TMPL_MODE_AVAILABILITY_MIXED_SCRIPT_CS_8
PILOT_T2_TR_004179,,SFAM_STATION_FACILITIES_010,FAM_STATION_FACILITIES_010,PARA_STATION_FACILITIES_9_4,T2_MEDIUM_V1,station_facilities,GET_STATION_FACILITY,Please tell: क्या Anna Nagar Tower station par passengers ke liye two-wheeler bike parking accessible hai F10 #2,hi-en,Deva+Latn,CS4,N0,"{""station"": ""Anna Nagar Tower"", ""facility_type"": ""two_wheeler_parking"", ""transport_mode"": ""metro""}","{""station_id"": ""METRO_ANNA_NAGAR_TOWER""}",ANSWERABLE_NOW,template_instantiation,TMPL_STATION_FACILITIES_MIXED_SCRIPT_CS_9
PILOT_T2_TR_004180,,SFAM_STATION_ACCESSIBILITY_017,FAM_STATION_ACCESSIBILITY_017,PARA_STATION_ACCESSIBILITY_16_3,T2_MEDIUM_V1,accessibility,GET_ACCESSIBILITY_INFO,Verification of accessible wheelchair ramp support at St. Thomas Mount metro (F17),hi-en,Latn,CS3,N0,"{""station"": ""St. Thomas Mount"", ""accessibility_feature"": ""wheelchair"", ""transport_mode"": ""metro""}","{""station_id"": ""METRO_ST__THOMAS_MOUNT""}",ANSWERABLE_NOW,template_instantiation,TMPL_STATION_ACCESSIBILITY_HINGLISH_LATN_16
PILOT_T2_TR_004181,,SFAM_NEAREST_TRANSPORT_017,FAM_NEAREST_TRANSPORT_017,PARA_NEAREST_TRANSPORT_16_4,T2_MEDIUM_V1,nearest_transport,FIND_NEAREST_STATION,Mother Child Hospital ke pass nearest metro stop connection distance bataye F17,hi-en,Deva+Latn,CS4,N2,"{""landmark"": ""Mother Child Hospital"", ""transport_mode"": ""metro""}","{""place_id"": ""OSM_POI_7257518731""}",ANSWERABLE_NOW,template_instantiation,TMPL_NEAREST_TRANSPORT_MIXED_SCRIPT_CS_16
PILOT_T2_TR_004182,,SFAM_MODE_AVAILABILITY_012,FAM_MODE_AVAILABILITY_012,PARA_MODE_AVAILABILITY_11_1,T2_MEDIUM_V1,service_availability,CHECK_SERVICE_AVAILABILITY,Quick check: क्या थाउजेंड लाइट्स से वालाजाबाद के लिए कोई सार्वजनिक बस या ट्रेन उपलब्ध है? (उपलब्धता F12) #4,hi,Deva,CS0,N0,"{""origin"": ""थाउजेंड लाइट्स"", ""destination"": ""वालाजाबाद"", ""transport_mode"": ""सार्वजनिक बस या ट्रेन""}","{""origin_id"": ""METRO_THOUSAND_LIGHTS"", ""destination_id"": ""BUS_261716087""}",ANSWERABLE_WITH_PROVISIONAL_DATA,template_instantiation,TMPL_MODE_AVAILABILITY_HI_DEVA_11
PILOT_T2_TR_004183,,SFAM_POINT_TO_POINT_ROUTE_004,FAM_POINT_TO_POINT_ROUTE_004,PARA_POINT_TO_POINT_ROUTE_3_3,T2_MEDIUM_V1,route_query,PLAN_ROUTE,Alandur to Egmore metro ride ka best direct route bataiye (F4),hi-en,Latn,CS3,N0,"{""origin"": ""Alandur"", ""destination"": ""Egmore"", ""transport_mode"": ""metro""}","{""origin_id"": ""METRO_ARIGNAR_ANNA_ALANDUR"", ""destination_id"": ""METRO_EGMORE""}",ANSWERABLE_WITH_PROVISIONAL_DATA,template_instantiation,TMPL_POINT_TO_POINT_ROUTE_HINGLISH_LATN_3
PILOT_T2_TR_004184,,SFAM_STATION_FACILITIES_013,FAM_STATION_FACILITIES_013,PARA_STATION_FACILITIES_12_0,T2_MEDIUM_V1,station_facilities,GET_STATION_FACILITY,Is car parking facility available at Wimco Nagar Depot metro station? [fac F13],en,Latn,CS0,N0,"{""station"": ""Wimco Nagar Depot"", ""facility_type"": ""parking"", ""transport_mode"": ""metro""}","{""station_id"": ""METRO_WIMCO_NAGAR""}",ANSWERABLE_NOW,template_instantiation,TMPL_STATION_FACILITIES_EN_12
PILOT_T2_TR_004185,,SFAM_REALTIME_STATUS_QUERY_012,FAM_REALTIME_STATUS_QUERY_012,PARA_REALTIME_STATUS_QUERY_11_1,T2_MEDIUM_V1,realtime_status_query,REJECT_UNSUPPORTED_REALTIME,"Excuse me, क्या थाउजेंड लाइट्स से आने वाली ट्रेन अभी लेट चल रही है लाइव स्थिति बताएं? (ताज़ा F12) #6",hi,Deva,CS0,N0,"{""origin"": ""थाउजेंड लाइट्स"", ""transport_mode"": ""ट्रेन""}","{""origin_id"": ""METRO_THOUSAND_LIGHTS""}",REQUIRES_REALTIME_DATA,template_instantiation,TMPL_REALTIME_STATUS_QUERY_HI_DEVA_11
PILOT_T2_TR_004186,,SFAM_TICKETING_AND_PASSES_004,FAM_TICKETING_AND_PASSES_004,PARA_TICKETING_AND_PASSES_3_0,T2_MEDIUM_V1,ticketing_rules,GET_TICKETING_POLICY,Transit query: What are the rules and procedure to purchase a Tourist One-Day Pass for commuters? [pass F4] #5,en,Latn,CS0,N0,"{""ticket_type"": ""tourist_card"", ""transport_mode"": ""transit""}",{},ANSWERABLE_NOW,template_instantiation,TMPL_TICKETING_AND_PASSES_EN_3
PILOT_T2_TR_004187,,SFAM_NEAREST_TRANSPORT_014,FAM_NEAREST_TRANSPORT_014,PARA_NEAREST_TRANSPORT_13_3,T2_MEDIUM_V1,nearest_transport,FIND_NEAREST_STATION,Quick check: Find closest public transport access point near Maritime Institute (F14) #4,hi-en,Latn,CS3,N0,"{""landmark"": ""Maritime Institute"", ""transport_mode"": ""public transport""}","{""place_id"": ""OSM_POI_314081186""}",ANSWERABLE_NOW,template_instantiation,TMPL_NEAREST_TRANSPORT_HINGLISH_LATN_13
PILOT_T2_TR_004188,,SFAM_FARE_CALCULATION_009,FAM_FARE_CALCULATION_009,PARA_FARE_CALCULATION_8_4,T2_MEDIUM_V1,fare_query,CALCULATE_FARE,Please tell: Thirumangalam से Saidapet metro travel ka discounted smart card fare kya hai F9 #2,hi-en,Deva+Latn,CS4,N0,"{""origin"": ""Thirumangalam"", ""destination"": ""Saidapet"", ""ticket_type"": ""smart_card"", ""transport_mode"": ""metro""}","{""origin_id"": ""METRO_THIRUMANGALAM"", ""destination_id"": ""METRO_SAIDAPET""}",ANSWERABLE_NOW,template_instantiation,TMPL_FARE_CALCULATION_MIXED_SCRIPT_CS_8
PILOT_T2_TR_004189,,SFAM_MULTIMODAL_ROUTE_007,FAM_MULTIMODAL_ROUTE_007,PARA_MULTIMODAL_ROUTE_6_3,T2_MEDIUM_V1,route_query,PLAN_MULTIMODAL_ROUTE,Please tell: Can you give combined bus and train route from Thiruvanmiyur to Washermenpet (F7)? #2,hi-en,Latn,CS3,N0,"{""origin"": ""Thiruvanmiyur"", ""destination"": ""Washermenpet"", ""transport_mode"": ""bus and train""}","{""origin_id"": ""BUS_3247310920"", ""destination_id"": ""METRO_WASHERMENPET""}",ANSWERABLE_WITH_PROVISIONAL_DATA,template_instantiation,TMPL_MULTIMODAL_ROUTE_HINGLISH_LATN_6
PILOT_T2_TR_004190,,SFAM_OUT_OF_SCOPE_017,FAM_OUT_OF_SCOPE_017,PARA_OUT_OF_SCOPE_16_0,T2_MEDIUM_V1,out_of_scope,REJECT_OUT_OF_SCOPE,Transit query: Book a private cab taxi ride from St. Thomas Mount to Alandur. [cab F17] #5,en,Latn,CS0,N0,"{""origin"": ""St. Thomas Mount"", ""destination"": ""Alandur""}","{""origin_id"": ""METRO_ST__THOMAS_MOUNT"", ""destination_id"": ""METRO_ARIGNAR_ANNA_ALANDUR""}",OUT_OF_SCOPE,template_instantiation,TMPL_OUT_OF_SCOPE_EN_16
PILOT_T2_TR_004191,,SFAM_TICKETING_AND_PASSES_008,FAM_TICKETING_AND_PASSES_008,PARA_TICKETING_AND_PASSES_7_4,T2_MEDIUM_V1,ticketing_rules,GET_TICKETING_POLICY,Please tell: Commuter Smart Card ke application aur terms ki complete details F8 #2,hi-en,Deva+Latn,CS4,N0,"{""ticket_type"": ""smart_card"", ""transport_mode"": ""transit""}",{},ANSWERABLE_NOW,template_instantiation,TMPL_TICKETING_AND_PASSES_MIXED_SCRIPT_CS_7
PILOT_T2_TR_004192,,SFAM_TICKETING_AND_PASSES_003,FAM_TICKETING_AND_PASSES_003,PARA_TICKETING_AND_PASSES_2_3,T2_MEDIUM_V1,ticketing_rules,GET_TICKETING_POLICY,How can regular passengers apply for and renew WhatsApp QR Ticket (F3)?,hi-en,Latn,CS3,N0,"{""ticket_type"": ""qr_ticket"", ""transport_mode"": ""transit""}",{},ANSWERABLE_NOW,template_instantiation,TMPL_TICKETING_AND_PASSES_HINGLISH_LATN_2
PILOT_T2_TR_004193,,SFAM_FIRST_AND_LAST_SERVICE_010,FAM_FIRST_AND_LAST_SERVICE_010,PARA_FIRST_AND_LAST_SERVICE_9_1,T2_MEDIUM_V1,service_timing,GET_FIRST_LAST_SERVICE,Please tell: अन्ना नगर टावर से सेंट थॉमस माउंट के लिए पहली और आखिरी ट्रेन का समय क्या है? (समय F10) #2,hi,Deva,CS0,N0,"{""origin"": ""अन्ना नगर टावर"", ""destination"": ""सेंट थॉमस माउंट"", ""timing_type"": ""first_last"", ""transport_mode"": ""ट्रेन""}","{""origin_id"": ""METRO_ANNA_NAGAR_TOWER"", ""destination_id"": ""METRO_ST__THOMAS_MOUNT""}",ANSWERABLE_NOW,template_instantiation,TMPL_FIRST_AND_LAST_SERVICE_HI_DEVA_9
PILOT_T2_TR_004194,,SFAM_MULTIMODAL_ROUTE_010,FAM_MULTIMODAL_ROUTE_010,PARA_MULTIMODAL_ROUTE_9_0,T2_MEDIUM_V1,route_query,PLAN_MULTIMODAL_ROUTE,What is the combined bus and metro route from Karunguzhi to St. Thomas Mount? [plan F10],en,Latn,CS0,N0,"{""origin"": ""Karunguzhi"", ""destination"": ""St. Thomas Mount"", ""transport_mode"": ""multimodal""}","{""origin_id"": ""BUS_5274698920"", ""destination_id"": ""METRO_ST__THOMAS_MOUNT""}",ANSWERABLE_WITH_PROVISIONAL_DATA,template_instantiation,TMPL_MULTIMODAL_ROUTE_EN_9
PILOT_T2_TR_004195,,SFAM_MULTIMODAL_ROUTE_011,FAM_MULTIMODAL_ROUTE_011,PARA_MULTIMODAL_ROUTE_10_1,T2_MEDIUM_V1,route_query,PLAN_MULTIMODAL_ROUTE,Please tell: कलपक्कम से नेहरू पार्क बस और मेट्रो मिलाकर सबसे तेज़ मार्ग कौन सा है? (योजना F11) #2,hi,Deva,CS0,N0,"{""origin"": ""कलपक्कम"", ""destination"": ""नेहरू पार्क"", ""transport_mode"": ""बस और मेट्रो""}","{""origin_id"": ""BUS_30143150"", ""destination_id"": ""METRO_NEHRU_PARK""}",ANSWERABLE_WITH_PROVISIONAL_DATA,template_instantiation,TMPL_MULTIMODAL_ROUTE_HI_DEVA_10
PILOT_T2_TR_004196,,SFAM_NEAREST_TRANSPORT_017,FAM_NEAREST_TRANSPORT_017,PARA_NEAREST_TRANSPORT_16_3,T2_MEDIUM_V1,nearest_transport,FIND_NEAREST_STATION,Find closest public transport access point near Mother Child Hospital (F17),hi-en,Latn,CS3,N0,"{""landmark"": ""Mother Child Hospital"", ""transport_mode"": ""public transport""}","{""place_id"": ""OSM_POI_7257518731""}",ANSWERABLE_NOW,template_instantiation,TMPL_NEAREST_TRANSPORT_HINGLISH_LATN_16
PILOT_T2_TR_004197,,SFAM_FIRST_AND_LAST_SERVICE_001,FAM_FIRST_AND_LAST_SERVICE_001,PARA_FIRST_AND_LAST_SERVICE_0_2,T2_MEDIUM_V1,service_timing,GET_FIRST_LAST_SERVICE,airport se high court first morning aur last night metro departure timing batao [samay F1],hi,Latn,CS0,N1,"{""origin"": ""airport"", ""destination"": ""high court"", ""timing_type"": ""first_last"", ""transport_mode"": ""metro""}","{""origin_id"": ""METRO_CHENNAI_INTERNATIONAL_AIRPORT"", ""destination_id"": ""METRO_HIGHCOURT""}",ANSWERABLE_NOW,template_instantiation,TMPL_FIRST_AND_LAST_SERVICE_HI_LATN_0
PILOT_T2_TR_004198,,SFAM_SERVICE_FREQUENCY_003,FAM_SERVICE_FREQUENCY_003,PARA_SERVICE_FREQUENCY_2_1,T2_MEDIUM_V1,service_timing,GET_SERVICE_FREQUENCY,गिंडी और अन्ना नगर टावर के बीच मेट्रो हर कितने मिनट के अंतराल पर चलती है? (आवृत्ति F3),hi,Deva,CS0,N0,"{""origin"": ""गिंडी"", ""destination"": ""अन्ना नगर टावर"", ""timing_type"": ""frequency"", ""transport_mode"": ""मेट्रो""}","{""origin_id"": ""METRO_GUINDY"", ""destination_id"": ""METRO_ANNA_NAGAR_TOWER""}",ANSWERABLE_NOW,template_instantiation,TMPL_SERVICE_FREQUENCY_HI_DEVA_2
PILOT_T2_TR_004199,,SFAM_MODE_AVAILABILITY_004,FAM_MODE_AVAILABILITY_004,PARA_MODE_AVAILABILITY_3_0,T2_MEDIUM_V1,service_availability,CHECK_SERVICE_AVAILABILITY,Are there direct public transport options from Alandur to Velachery? [avail F4],en,Latn,CS0,N0,"{""origin"": ""Alandur"", ""destination"": ""Velachery"", ""transport_mode"": ""any""}","{""origin_id"": ""METRO_ARIGNAR_ANNA_ALANDUR"", ""destination_id"": ""BUS_1764308008""}",ANSWERABLE_WITH_PROVISIONAL_DATA,template_instantiation,TMPL_MODE_AVAILABILITY_EN_3
PILOT_T2_TR_004200,,SFAM_TICKETING_AND_PASSES_004,FAM_TICKETING_AND_PASSES_004,PARA_TICKETING_AND_PASSES_3_4,T2_MEDIUM_V1,ticketing_rules,GET_TICKETING_POLICY,Could you specify Commuter Tourist One-Day Pass ke application aur terms ki complete details F4? #3,hi-en,Deva+Latn,CS4,N1,"{""ticket_type"": ""tourist_card"", ""transport_mode"": ""transit""}",{},ANSWERABLE_NOW,template_instantiation,TMPL_TICKETING_AND_PASSES_MIXED_SCRIPT_CS_3
PILOT_T2_TR_004201,,SFAM_TICKETING_AND_PASSES_016,FAM_TICKETING_AND_PASSES_016,PARA_TICKETING_AND_PASSES_15_0,T2_MEDIUM_V1,ticketing_rules,GET_TICKETING_POLICY,Could you specify What are the rules and procedure to purchase a Tourist One-Day Pass for commuters? [pass F16]? #3,en,Latn,CS0,N0,"{""ticket_type"": ""tourist_card"", ""transport_mode"": ""transit""}",{},ANSWERABLE_NOW,template_instantiation,TMPL_TICKETING_AND_PASSES_EN_15
PILOT_T2_TR_004202,,SFAM_STATION_FACILITIES_010,FAM_STATION_FACILITIES_010,PARA_STATION_FACILITIES_9_0,T2_MEDIUM_V1,station_facilities,GET_STATION_FACILITY,Is two-wheeler bike parking facility available at Anna Nagar Tower metro station? [fac F10],en,Latn,CS0,N0,"{""station"": ""Anna Nagar Tower"", ""facility_type"": ""two_wheeler_parking"", ""transport_mode"": ""metro""}","{""station_id"": ""METRO_ANNA_NAGAR_TOWER""}",ANSWERABLE_NOW,template_instantiation,TMPL_STATION_FACILITIES_EN_9
PILOT_T2_TR_004203,,SFAM_MULTIMODAL_ROUTE_005,FAM_MULTIMODAL_ROUTE_005,PARA_MULTIMODAL_ROUTE_4_3,T2_MEDIUM_V1,route_query,PLAN_MULTIMODAL_ROUTE,Please tell: Can you give combined bus and train route from Besant Nagar to Thousand Lights (F5)? #2,hi-en,Latn,CS3,N0,"{""origin"": ""Besant Nagar"", ""destination"": ""Thousand Lights"", ""transport_mode"": ""bus and train""}","{""origin_id"": ""BUS_417750654"", ""destination_id"": ""METRO_THOUSAND_LIGHTS""}",ANSWERABLE_WITH_PROVISIONAL_DATA,template_instantiation,TMPL_MULTIMODAL_ROUTE_HINGLISH_LATN_4
PILOT_T2_TR_004204,,SFAM_SERVICE_FREQUENCY_017,FAM_SERVICE_FREQUENCY_017,PARA_SERVICE_FREQUENCY_16_0,T2_MEDIUM_V1,service_timing,GET_SERVICE_FREQUENCY,How many minutes between trains on the line connecting St. Thomas Mount and Alandur? [freq F17],en,Latn,CS0,N0,"{""origin"": ""St. Thomas Mount"", ""destination"": ""Alandur"", ""timing_type"": ""frequency"", ""transport_mode"": ""metro""}","{""origin_id"": ""METRO_ST__THOMAS_MOUNT"", ""destination_id"": ""METRO_ARIGNAR_ANNA_ALANDUR""}",ANSWERABLE_NOW,template_instantiation,TMPL_SERVICE_FREQUENCY_EN_16
